2.000 1.662 -0.000
1.959 3.663 -0.000
1.919 5.662 -0.000
1.879 7.663 -0.000
1.846 9.663 -0.000
1.813 11.664 -0.000
1.781 13.664 -0.000
1.748 15.665 -0.000
1.716 17.666 -0.000
1.682 19.666 -0.000
1.648 21.666 -0.000
1.614 23.666 -0.000
1.580 25.667 -0.000
1.547 27.667 -0.000
1.514 29.668 -0.000
1.479 31.668 -0.000
1.446 33.669 -0.000
1.413 35.670 -0.000
1.380 37.670 -0.000
1.345 39.670 -0.000
1.311 41.670 -0.000
1.275 43.671 -0.000
1.242 45.571 -0.000
1.179 47.671 -0.000
1.120 49.671 -0.000
1.061 51.671 -0.000
0.987 53.570 -0.000
0.889 55.568 -0.000
0.787 57.566 -0.000
0.660 59.563 -0.000
0.499 61.557 -0.000
0.310 63.449 -0.000
0.106 65.439 -0.000
-0.103 67.429 -0.000
-0.330 69.417 -0.000
-0.566 71.403 -0.000
-0.831 73.386 -0.000
-1.097 75.370 -0.000
-1.367 77.352 -0.000
-1.648 79.333 -0.000
-1.957 81.208 -0.001
-2.287 83.181 -0.001
-2.634 85.151 -0.001
-2.985 87.121 -0.001
-3.343 89.089 -0.001
-3.733 91.052 -0.001
-4.111 92.914 -0.001
-4.529 94.870 -0.001
-4.975 96.821 -0.001
-5.432 98.769 -0.001
-5.889 100.717 -0.001
-6.364 102.557 -0.001
-6.883 104.490 -0.001
-7.416 106.418 -0.001
-7.947 108.347 -0.001
-8.502 110.269 -0.001
-9.046 112.090 -0.001
-9.622 114.006 -0.001
-10.226 116.018 -0.001
-10.783 117.835 -0.001
-11.390 119.741 -0.001
-12.009 121.644 -0.001
-12.660 123.536 -0.001
-13.278 125.334 -0.001
-13.982 127.312 -0.001
-14.637 129.097 -0.001
-15.349 130.966 -0.001
-16.063 132.836 -0.001
-16.809 134.692 -0.001
-17.561 136.546 -0.001
-18.315 138.290 -0.002
-19.127 140.119 -0.002
-19.947 141.943 -0.002
-20.741 143.670 -0.002
-21.632 145.573 -0.002
-22.443 147.292 -0.002
-23.299 149.101 -0.002
-24.178 150.898 -0.002
-25.057 152.696 -0.002
-25.942 154.490 -0.002
-26.827 156.283 -0.002
-27.757 158.055 -0.002
-28.650 159.733 -0.002
-29.606 161.490 -0.002
-30.571 163.243 -0.002
-31.556 164.985 -0.002
-32.560 166.715 -0.002
-33.531 168.349 -0.002
-34.572 170.057 -0.002
-35.619 171.763 -0.002
-36.679 173.459 -0.002
-37.752 175.147 -0.003
-38.846 176.823 -0.003
-39.889 178.411 -0.003
-41.011 180.068 -0.003
-42.133 181.725 -0.003
-43.269 183.372 -0.003
-44.406 185.018 -0.003
-45.566 186.648 -0.003
-46.726 188.278 -0.003
-47.906 189.894 -0.003
-49.032 191.425 -0.003
-50.286 193.111 -0.003
-51.484 194.712 -0.003
-52.651 196.214 -0.003
-53.893 197.782 -0.003
-55.095 199.253 -0.003
-56.391 200.778 -0.003
-57.696 202.294 -0.003
-59.021 203.793 -0.004
-60.347 205.291 -0.004
-61.680 206.784 -0.004
-63.015 208.274 -0.004
-64.298 209.675 -0.004
-65.717 211.225 -0.004
-66.998 212.630 -0.004
-68.413 214.182 -0.004
-69.761 215.661 -0.004
-71.107 217.140 -0.004
-72.387 218.545 -0.004
-73.735 220.025 -0.004
-75.086 221.500 -0.004
-76.441 222.971 -0.004
-77.795 224.445 -0.004
-79.143 225.923 -0.005
-80.558 227.475 -0.005
-81.841 228.878 -0.005
-83.258 230.429 -0.005
-84.541 231.831 -0.005
-85.891 233.309 -0.005
-87.241 234.784 -0.005
-88.592 236.261 -0.005
-89.942 237.737 -0.005
-91.360 239.287 -0.005
-92.642 240.690 -0.005
-94.059 242.241 -0.005
-95.341 243.644 -0.005
-96.690 245.122 -0.005
-98.044 246.595 -0.006
-99.399 248.067 -0.006
-100.754 249.539 -0.006
-102.175 251.086 -0.006
-103.460 252.487 -0.006
-104.811 253.963 -0.006
-106.161 255.439 -0.006
-107.579 256.989 -0.006
-108.863 258.391 -0.006
-110.282 259.940 -0.006
-111.566 261.342 -0.006
-112.917 262.817 -0.006
-114.335 264.366 -0.007
-115.618 265.769 -0.007
-117.036 267.319 -0.007
-118.319 268.721 -0.007
-119.670 270.197 -0.007
-121.022 271.671 -0.007
-122.442 273.219 -0.007
-123.727 274.621 -0.007
-125.147 276.169 -0.007
-126.432 277.569 -0.007
-127.785 279.044 -0.007
-129.136 280.519 -0.007
-130.556 282.067 -0.008
-131.842 283.467 -0.008
-133.262 285.014 -0.008
-134.548 286.414 -0.008
-135.901 287.889 -0.008
-137.250 289.366 -0.008
-138.599 290.844 -0.008
-139.948 292.321 -0.008
-141.364 293.873 -0.008
-142.646 295.276 -0.008
-144.063 296.827 -0.009
-145.412 298.304 -0.009
-146.695 299.707 -0.009
-148.115 301.254 -0.009
-149.401 302.654 -0.009
-150.754 304.129 -0.009
-152.106 305.603 -0.009
-153.462 307.073 -0.009
-154.818 308.545 -0.009
-156.241 310.091 -0.009
-157.529 311.488 -0.010
-158.879 312.966 -0.010
-160.227 314.443 -0.010
-161.643 315.995 -0.010
-162.924 317.399 -0.010
-164.343 318.948 -0.010
-165.627 320.350 -0.010
-167.046 321.899 -0.010
-168.329 323.301 -0.010
-169.682 324.776 -0.011
-171.034 326.250 -0.011
-172.455 327.797 -0.011
-173.740 329.198 -0.011
-175.090 330.674 -0.011
-176.507 332.225 -0.011
-177.789 333.629 -0.011
-179.205 335.180 -0.011
-180.487 336.584 -0.011
-181.905 338.134 -0.012
-183.187 339.537 -0.012
-184.603 341.088 -0.012
-185.886 342.491 -0.012
-187.303 344.041 -0.012
-188.586 345.444 -0.012
-190.003 346.995 -0.012
-191.288 348.395 -0.012
-192.645 349.867 -0.013
-194.000 351.337 -0.013
-195.424 352.882 -0.013
-196.710 354.282 -0.013
-198.129 355.831 -0.013
-199.413 357.232 -0.013
-200.764 358.709 -0.013
-202.183 360.258 -0.013
-203.469 361.658 -0.014
-204.822 363.131 -0.014
-206.242 364.679 -0.014
-207.527 366.079 -0.014
-208.879 367.554 -0.014
-210.299 369.103 -0.014
-211.583 370.504 -0.014
-213.002 372.053 -0.014
-214.282 373.457 -0.015
-215.631 374.936 -0.015
-216.978 376.415 -0.015
-218.392 377.968 -0.015
-219.678 379.368 -0.015
-221.033 380.840 -0.015
-222.388 382.312 -0.015
-223.742 383.785 -0.016
-225.096 385.258 -0.016
-226.451 386.731 -0.016
-227.804 388.204 -0.016
-229.225 389.751 -0.016
-230.510 391.152 -0.016
-231.929 392.701 -0.016
-233.213 394.102 -0.016
-234.565 395.578 -0.017
-235.915 397.053 -0.017
-237.334 398.603 -0.017
-238.684 400.079 -0.017
-239.967 401.481 -0.017
-241.384 403.032 -0.017
-242.666 404.436 -0.017
-244.083 405.987 -0.018
-245.364 407.390 -0.018
-246.713 408.868 -0.018
-248.064 410.344 -0.018
-249.415 411.820 -0.018
-250.765 413.296 -0.018
-252.183 414.846 -0.019
-253.468 416.247 -0.019
-254.887 417.796 -0.019
-256.172 419.196 -0.019
-257.524 420.672 -0.019
-258.874 422.147 -0.019
-260.225 423.623 -0.019
-261.576 425.100 -0.020
-262.993 426.650 -0.020
-264.275 428.053 -0.020
-265.624 429.532 -0.020
-266.971 431.010 -0.020
-268.320 432.488 -0.020
-269.671 433.964 -0.021
-271.091 435.512 -0.021
-272.376 436.913 -0.021
-273.796 438.461 -0.021
-275.080 439.861 -0.021
-276.433 441.336 -0.021
-277.852 442.885 -0.021
-279.136 444.285 -0.022
-280.488 445.761 -0.022
-281.838 447.237 -0.022
-283.256 448.787 -0.022
-284.539 450.190 -0.022
-285.957 451.740 -0.022
-287.238 453.144 -0.023
-288.655 454.695 -0.023
-289.937 456.098 -0.023
-291.286 457.577 -0.023
-292.638 459.050 -0.023
-294.059 460.597 -0.023
-295.345 461.998 -0.024
-296.766 463.545 -0.024
-298.051 464.945 -0.024
-299.404 466.420 -0.024
-300.756 467.894 -0.024
-302.176 469.442 -0.024
-303.459 470.844 -0.025
-304.877 472.394 -0.025
-306.159 473.798 -0.025
-307.510 475.274 -0.025
-308.858 476.751 -0.025
-310.275 478.303 -0.026
-311.556 479.707 -0.026
-312.973 481.258 -0.026
-314.254 482.662 -0.026
-315.676 484.208 -0.026
-317.030 485.681 -0.026
-318.317 487.080 -0.027
-319.671 488.552 -0.027
-321.024 490.026 -0.027
-322.377 491.501 -0.027
-323.730 492.974 -0.027
-325.150 494.523 -0.028
-326.434 495.924 -0.028
-327.854 497.472 -0.028
-329.207 498.947 -0.028
-330.491 500.348 -0.028
-331.841 501.824 -0.028
-333.191 503.302 -0.029
-334.540 504.779 -0.029
-335.956 506.330 -0.029
-337.240 507.732 -0.029
-338.661 509.279 -0.029
-339.948 510.677 -0.030
-341.301 512.152 -0.030
-342.652 513.627 -0.030
-344.069 515.178 -0.030
-345.351 516.582 -0.030
-346.767 518.133 -0.031
-348.049 519.535 -0.031
-349.404 521.008 -0.031
-350.758 522.481 -0.031
-352.112 523.953 -0.031
-353.534 525.500 -0.032
-354.819 526.901 -0.032
-356.171 528.376 -0.032
-357.523 529.850 -0.032
-358.942 531.399 -0.032
-360.224 532.803 -0.032
-361.641 534.354 -0.033
-362.922 535.757 -0.033
-364.271 537.236 -0.033
-365.620 538.713 -0.033
-367.036 540.264 -0.034
-368.318 541.668 -0.034
-369.734 543.220 -0.034
-371.017 544.623 -0.034
-372.435 546.172 -0.034
-373.718 547.574 -0.035
-375.069 549.051 -0.035
-376.420 550.526 -0.035
-377.842 552.072 -0.035
-379.129 553.471 -0.035
-380.484 554.943 -0.036
-381.906 556.489 -0.036
-383.193 557.888 -0.036
-384.548 559.360 -0.036
-385.903 560.832 -0.036
-387.257 562.306 -0.037
-388.608 563.780 -0.037
-390.027 565.329 -0.037
-391.311 566.731 -0.037
-392.662 568.207 -0.037
-394.080 569.758 -0.038
-395.428 571.235 -0.038
-396.777 572.713 -0.038
-398.126 574.190 -0.038
-399.410 575.592 -0.039
-400.831 577.139 -0.039
-402.116 578.540 -0.039
-403.470 580.013 -0.039
-404.821 581.488 -0.039
-406.172 582.965 -0.040
-407.521 584.441 -0.040
-408.938 585.992 -0.040
-410.220 587.396 -0.040
-411.637 588.946 -0.041
-412.986 590.423 -0.041
-414.268 591.827 -0.041
-415.685 593.378 -0.041
-416.969 594.778 -0.041
-418.322 596.254 -0.042
-419.674 597.728 -0.042
-421.026 599.204 -0.042
-422.377 600.679 -0.042
-423.728 602.154 -0.043
-425.079 603.630 -0.043
-426.497 605.180 -0.043
-427.781 606.581 -0.043
-429.133 608.057 -0.044
-430.484 609.532 -0.044
-431.903 611.081 -0.044
-433.186 612.484 -0.044
-434.602 614.036 -0.044
-435.883 615.439 -0.045
-437.299 616.991 -0.045
-438.582 618.393 -0.045
-439.939 619.865 -0.045
-441.294 621.336 -0.046
-442.717 622.881 -0.046
-444.072 624.353 -0.046
-445.357 625.753 -0.046
-446.778 627.301 -0.047
-448.063 628.702 -0.047
-449.416 630.176 -0.047
-450.764 631.654 -0.047
-452.112 633.133 -0.048
-453.527 634.686 -0.048
-454.874 636.164 -0.048
-456.155 637.569 -0.048
-457.571 639.121 -0.049
-458.852 640.524 -0.049
-460.267 642.077 -0.049
-461.550 643.479 -0.049
-462.902 644.955 -0.049
-464.253 646.430 -0.050
-465.672 647.979 -0.050
-466.957 649.380 -0.050
-468.311 650.853 -0.050
-469.664 652.326 -0.051
-471.018 653.800 -0.051
-472.438 655.349 -0.051
-473.787 656.825 -0.052
-475.070 658.228 -0.052
-476.487 659.778 -0.052
-477.769 661.181 -0.052
-479.184 662.733 -0.053
-480.465 664.138 -0.053
-481.814 665.617 -0.053
-483.162 667.094 -0.053
-484.518 668.565 -0.054
-485.874 670.037 -0.054
-487.229 671.508 -0.054
-488.652 673.054 -0.054
-489.937 674.454 -0.055
-491.358 676.002 -0.055
-492.643 677.402 -0.055
-493.996 678.876 -0.055
-495.348 680.351 -0.056
-496.767 681.900 -0.056
-498.051 683.301 -0.056
-499.403 684.776 -0.056
-500.757 686.249 -0.057
-502.113 687.721 -0.057
-503.467 689.193 -0.057
-504.822 690.665 -0.057
-506.183 692.132 -0.058
-507.551 693.591 -0.058
-508.920 695.051 -0.058
-510.288 696.511 -0.059
-511.664 697.964 -0.059
-513.057 699.400 -0.059
-514.451 700.835 -0.059
-515.849 702.265 -0.060
-517.247 703.696 -0.060
-518.649 705.125 -0.060
-519.983 706.478 -0.060
-521.481 707.951 -0.061
-522.841 709.280 -0.061
-524.284 710.665 -0.061
-525.726 712.050 -0.062
-527.177 713.428 -0.062
-528.627 714.807 -0.062
-530.088 716.174 -0.062
-531.550 717.540 -0.063
-533.017 718.901 -0.063
-534.488 720.257 -0.063
-535.965 721.606 -0.063
-537.449 722.947 -0.064
-538.933 724.290 -0.064
-540.342 725.566 -0.064
-541.908 726.966 -0.065
-543.339 728.217 -0.065
-544.845 729.534 -0.065
-546.365 730.834 -0.065
-547.657 731.940 -0.066
-549.178 733.240 -0.066
-550.699 734.539 -0.066
-552.236 735.819 -0.066
-553.778 737.095 -0.067
-555.333 738.355 -0.067
-556.887 739.615 -0.067
-558.440 740.875 -0.068
-559.994 742.135 -0.068
-561.567 743.371 -0.068
-563.141 744.608 -0.068
-564.634 745.782 -0.069
-566.207 747.019 -0.069
-567.786 748.248 -0.069
-569.368 749.474 -0.070
-570.959 750.685 -0.070
-572.561 751.884 -0.070
-574.167 753.077 -0.070
-575.777 754.265 -0.071
-577.311 755.387 -0.071
-579.016 756.615 -0.071
-580.560 757.724 -0.072
-582.273 758.940 -0.072
-583.822 760.041 -0.072
-585.467 761.179 -0.072
-587.113 762.317 -0.073
-588.761 763.452 -0.073
-590.408 764.588 -0.073
-592.068 765.705 -0.074
-593.732 766.814 -0.074
-595.397 767.925 -0.074
-597.060 769.036 -0.074
-598.734 770.132 -0.075
-600.413 771.221 -0.075
-602.091 772.310 -0.075
-603.769 773.399 -0.076
-605.452 774.481 -0.076
-607.138 775.558 -0.076
-608.752 776.563 -0.076
-610.462 777.601 -0.077
-612.172 778.640 -0.077
-613.882 779.678 -0.077
-615.594 780.714 -0.078
-617.315 781.734 -0.078
-619.038 782.751 -0.078
-620.766 783.758 -0.078
-622.495 784.765 -0.079
-624.231 785.761 -0.079
-625.967 786.755 -0.079
-627.711 787.736 -0.080
-629.454 788.717 -0.080
-631.115 789.641 -0.080
-632.864 790.613 -0.081
-634.628 791.557 -0.081
-636.393 792.501 -0.081
-638.160 793.438 -0.081
-639.927 794.376 -0.082
-641.700 795.304 -0.082
-643.475 796.226 -0.082
-645.255 797.140 -0.083
-647.041 798.041 -0.083
-648.828 798.940 -0.083
-650.621 799.828 -0.083
-652.325 800.670 -0.084
-654.125 801.543 -0.084
-655.925 802.417 -0.084
-657.737 803.265 -0.085
-659.550 804.114 -0.085
-661.363 804.959 -0.085
-663.177 805.804 -0.086
-664.996 806.634 -0.086
-666.821 807.457 -0.086
-668.646 808.276 -0.086
-670.472 809.091 -0.087
-672.212 809.858 -0.087
-674.140 810.690 -0.087
-675.888 811.440 -0.088
-677.821 812.260 -0.088
-679.575 812.994 -0.088
-681.426 813.753 -0.088
-683.277 814.512 -0.089
-685.127 815.273 -0.089
-686.979 816.032 -0.089
-688.844 816.756 -0.090
-690.708 817.481 -0.090
-692.576 818.198 -0.090
-694.444 818.914 -0.091
-696.223 819.584 -0.091
-698.191 820.320 -0.091
-700.067 821.016 -0.091
-701.945 821.706 -0.092
-703.730 822.358 -0.092
-705.611 823.037 -0.092
-707.496 823.709 -0.093
-709.388 824.360 -0.093
-711.282 825.005 -0.093
-713.184 825.625 -0.093
-715.087 826.245 -0.094
-716.992 826.855 -0.094
-718.899 827.459 -0.094
-720.807 828.061 -0.095
-722.715 828.662 -0.095
-724.625 829.263 -0.095
-726.439 829.829 -0.095
-728.450 830.434 -0.096
-730.271 830.980 -0.096
-732.190 831.543 -0.096
-734.110 832.106 -0.097
-736.031 832.670 -0.097
-737.950 833.233 -0.097
-739.872 833.789 -0.098
-741.794 834.344 -0.098
-743.716 834.899 -0.098
-745.638 835.454 -0.098
-747.560 836.009 -0.099
-749.482 836.564 -0.099
-751.405 837.121 -0.099
-753.327 837.677 -0.100
-755.249 838.232 -0.100
-757.171 838.789 -0.100
-759.093 839.344 -0.101
-761.014 839.900 -0.101
-762.936 840.455 -0.101
-764.858 841.011 -0.101
-766.780 841.566 -0.102
-768.702 842.122 -0.102
-770.625 842.677 -0.102
-772.547 843.232 -0.103
-774.469 843.787 -0.103
-776.391 844.342 -0.103
-778.314 844.897 -0.104
-780.236 845.452 -0.104
-782.158 846.006 -0.104
-784.080 846.561 -0.105
-786.003 847.116 -0.105
-787.925 847.672 -0.105
-789.846 848.231 -0.105
-791.768 848.788 -0.106
-793.689 849.347 -0.106
-795.610 849.903 -0.106
-797.532 850.459 -0.107
-799.454 851.014 -0.107
-801.376 851.571 -0.107
-803.298 852.126 -0.108
-805.221 852.682 -0.108
-807.142 853.238 -0.108
-809.064 853.795 -0.109
-810.986 854.352 -0.109
-812.908 854.906 -0.109
-814.830 855.463 -0.110
-816.751 856.018 -0.110
-818.672 856.577 -0.110
-820.593 857.139 -0.111
-822.514 857.698 -0.111
-824.437 858.251 -0.111
-826.359 858.806 -0.111
-828.281 859.360 -0.112
-830.204 859.915 -0.112
-832.127 860.466 -0.112
-834.049 861.019 -0.113
-835.972 861.572 -0.113
-837.895 862.125 -0.113
-839.818 862.681 -0.114
-841.740 863.236 -0.114
-843.662 863.791 -0.114
-845.584 864.347 -0.115
-847.505 864.906 -0.115
-849.426 865.464 -0.115
-851.347 866.024 -0.116
-853.268 866.582 -0.116
-855.188 867.143 -0.116
-857.110 867.702 -0.117
-859.031 868.261 -0.117
-860.951 868.821 -0.117
-862.873 869.379 -0.118
-864.794 869.936 -0.118
-866.716 870.493 -0.118
-868.637 871.050 -0.119
-870.559 871.610 -0.119
-872.479 872.173 -0.119
-874.398 872.736 -0.120
-876.318 873.300 -0.120
-878.235 873.872 -0.120
-880.151 874.447 -0.121
-882.068 875.022 -0.121
-883.984 875.596 -0.121
-885.988 876.224 -0.122
-887.894 876.837 -0.122
-889.798 877.449 -0.123
-891.703 878.060 -0.123
-893.607 878.676 -0.123
-895.510 879.296 -0.124
-897.409 879.921 -0.124
-899.304 880.565 -0.124
-901.196 881.218 -0.125
-903.079 881.892 -0.125
-905.055 882.603 -0.125
-906.928 883.307 -0.126
-908.799 884.015 -0.126
-910.661 884.751 -0.127
-912.520 885.488 -0.127
-914.375 886.239 -0.127
-916.228 886.992 -0.128
-918.069 887.776 -0.128
-919.908 888.564 -0.128
-921.825 889.422 -0.129
-923.648 890.247 -0.129
-925.456 891.103 -0.130
-927.263 891.963 -0.130
-929.143 892.899 -0.130
-930.926 893.806 -0.131
-932.700 894.732 -0.131
-934.467 895.670 -0.131
-936.309 896.680 -0.132
-937.963 897.616 -0.132
-939.778 898.673 -0.133
-941.495 899.700 -0.133
-943.203 900.742 -0.133
-944.977 901.868 -0.134
-946.652 902.962 -0.134
-948.308 904.084 -0.135
-949.958 905.217 -0.135
-951.666 906.439 -0.136
-953.275 907.628 -0.136
-954.859 908.850 -0.136
-956.516 910.141 -0.137
-958.065 911.408 -0.137
-959.610 912.679 -0.138
-961.115 913.997 -0.138
-962.619 915.315 -0.138
-964.151 916.754 -0.139
-965.607 918.125 -0.139
-967.085 919.618 -0.140
-968.486 921.046 -0.140
-969.852 922.508 -0.141
-971.200 923.987 -0.141
-972.573 925.576 -0.141
-973.862 927.106 -0.142
-975.178 928.744 -0.142
-976.404 930.324 -0.143
-977.602 931.927 -0.143
-978.761 933.557 -0.144
-979.955 935.285 -0.144
-981.037 936.968 -0.144
-982.150 938.749 -0.145
-983.162 940.475 -0.145
-984.211 942.295 -0.146
-985.114 943.968 -0.146
-986.099 945.822 -0.147
-986.993 947.724 -0.147
-987.802 949.443 -0.147
-988.634 951.372 -0.148
-989.420 953.213 -0.148
-990.173 955.173 -0.149
-990.888 957.042 -0.149
-991.531 958.936 -0.149
-992.154 960.837 -0.150
-992.744 962.853 -0.150
-993.302 964.878 -0.150
-993.776 966.822 -0.151
-994.217 968.773 -0.151
-994.634 970.832 -0.152
-995.000 972.799 -0.152
-995.338 974.871 -0.152
-995.621 976.852 -0.153
-995.874 978.938 -0.153
-996.075 980.928 -0.153
-996.247 983.021 -0.154
-996.352 984.919 -0.154
-996.438 987.017 -0.154
-996.460 989.018 -0.155
-996.466 991.119 -0.155
-996.414 993.119 -0.155
-996.343 995.118 -0.156
-996.219 997.114 -0.156
-996.068 999.209 -0.156
-995.845 1001.198 -0.156
-995.590 1003.283 -0.157
-995.286 1005.260 -0.157
-994.947 1007.333 -0.157
-994.533 1009.290 -0.158
-994.087 1011.343 -0.158
-993.598 1013.284 -0.158
-993.109 1015.223 -0.158
-992.582 1017.153 -0.159
-991.971 1019.164 -0.159
-991.346 1021.063 -0.159
-990.719 1022.964 -0.159
-989.995 1024.935 -0.159
-989.252 1026.793 -0.160
-988.415 1028.720 -0.160
-987.651 1030.460 -0.160
-986.753 1032.358 -0.160
-985.819 1034.240 -0.160
-984.870 1036.001 -0.160
-983.905 1037.755 -0.161
-982.878 1039.587 -0.161
-981.844 1041.300 -0.161
-980.706 1043.065 -0.161
-979.590 1044.726 -0.161
-978.467 1046.381 -0.161
-977.233 1048.081 -0.161
-976.016 1049.669 -0.161
-974.751 1051.219 -0.161
-973.485 1052.769 -0.161
-972.121 1054.366 -0.161
-970.777 1055.848 -0.161
-969.401 1057.301 -0.162
-967.951 1058.821 -0.162
-966.543 1060.242 -0.162
-965.014 1061.683 -0.162
-963.533 1063.027 -0.162
-962.038 1064.356 -0.162
-960.437 1065.717 -0.162
-958.880 1066.973 -0.162
-957.204 1068.240 -0.161
-955.591 1069.422 -0.161
-953.956 1070.574 -0.161
-952.210 1071.742 -0.161
-950.512 1072.801 -0.161
-948.713 1073.886 -0.161
-946.994 1074.909 -0.161
-945.248 1075.887 -0.161
-943.380 1076.848 -0.161
-941.588 1077.736 -0.161
-939.702 1078.661 -0.161
-937.870 1079.466 -0.161
-936.031 1080.255 -0.160
-934.075 1081.020 -0.160
-932.210 1081.744 -0.160
-930.324 1082.411 -0.160
-928.329 1083.070 -0.160
-926.412 1083.643 -0.160
-924.495 1084.211 -0.159
-922.461 1084.741 -0.159
-920.518 1085.219 -0.159
-918.564 1085.647 -0.159
-916.609 1086.070 -0.159
-914.540 1086.429 -0.158
-912.463 1086.747 -0.158
-910.477 1086.995 -0.158
-908.492 1087.239 -0.158
-906.401 1087.432 -0.157
-904.305 1087.578 -0.157
-902.306 1087.661 -0.157
-900.307 1087.735 -0.157
-898.306 1087.755 -0.156
-896.206 1087.711 -0.156
-894.107 1087.623 -0.156
-892.210 1087.516 -0.155
-890.114 1087.378 -0.155
-888.023 1087.176 -0.155
-886.038 1086.933 -0.154
-884.057 1086.648 -0.154
-882.078 1086.354 -0.154
-880.105 1086.020 -0.153
-878.050 1085.587 -0.153
-876.098 1085.148 -0.153
-874.146 1084.708 -0.152
-872.114 1084.179 -0.152
-870.185 1083.645 -0.152
-868.180 1083.017 -0.151
-866.278 1082.400 -0.151
-864.286 1081.732 -0.151
-862.404 1081.055 -0.150
-860.445 1080.297 -0.150
-858.684 1079.581 -0.149
-856.743 1078.777 -0.149
-854.914 1077.965 -0.149
-853.009 1077.080 -0.148
-851.210 1076.206 -0.148
-849.410 1075.332 -0.147
-847.626 1074.426 -0.147
-845.860 1073.487 -0.147
-844.021 1072.471 -0.146
-842.275 1071.493 -0.146
-840.545 1070.488 -0.145
-838.838 1069.444 -0.145
-837.062 1068.323 -0.145
-835.383 1067.236 -0.144
-833.707 1066.142 -0.144
-832.053 1065.018 -0.143
-830.324 1063.824 -0.143
-828.701 1062.653 -0.143
-827.083 1061.478 -0.142
-825.477 1060.284 -0.142
-823.880 1059.080 -0.141
-822.307 1057.843 -0.141
-820.661 1056.538 -0.141
-819.115 1055.269 -0.140
-817.571 1053.996 -0.140
-816.047 1052.699 -0.139
-814.523 1051.403 -0.139
-813.022 1050.080 -0.138
-811.449 1048.688 -0.138
-809.972 1047.338 -0.138
-808.569 1046.056 -0.137
-807.036 1044.620 -0.137
-805.579 1043.249 -0.136
-804.130 1041.870 -0.136
-802.680 1040.491 -0.136
-801.255 1039.087 -0.135
-799.833 1037.680 -0.135
-798.350 1036.191 -0.134
-796.941 1034.771 -0.134
-795.542 1033.341 -0.134
-794.219 1031.976 -0.133
-792.762 1030.461 -0.133
-791.380 1029.015 -0.132
-789.997 1027.570 -0.132
-788.617 1026.121 -0.132
-787.247 1024.664 -0.131
-785.876 1023.206 -0.131
-784.504 1021.750 -0.130
-783.139 1020.288 -0.130
-781.784 1018.815 -0.129
-780.432 1017.341 -0.129
-779.085 1015.861 -0.129
-777.733 1014.387 -0.128
-776.380 1012.912 -0.128
-775.028 1011.438 -0.127
-773.676 1009.963 -0.127
-772.322 1008.489 -0.127
-770.968 1007.017 -0.126
-769.615 1005.543 -0.126
-768.264 1004.067 -0.126
-766.914 1002.591 -0.125
-765.563 1001.115 -0.125
-764.212 999.639 -0.124
-762.859 998.165 -0.124
-761.507 996.690 -0.124
-760.154 995.216 -0.123
-758.802 993.742 -0.123
-757.449 992.267 -0.122
-756.103 990.788 -0.122
-754.755 989.309 -0.122
-753.409 987.829 -0.121
-752.061 986.351 -0.121
-750.710 984.875 -0.120
-749.359 983.400 -0.120
-748.007 981.925 -0.120
-746.656 980.450 -0.119
-745.304 978.974 -0.119
-743.953 977.499 -0.118
-742.601 976.023 -0.118
-741.250 974.548 -0.118
-739.899 973.072 -0.117
-738.549 971.595 -0.117
-737.197 970.120 -0.117
-735.847 968.644 -0.116
-734.495 967.169 -0.116
-733.144 965.694 -0.115
-731.791 964.219 -0.115
-730.440 962.744 -0.115
-729.088 961.269 -0.114
-727.737 959.794 -0.114
-726.386 958.317 -0.114
-725.035 956.842 -0.113
-723.683 955.368 -0.113
-722.331 953.892 -0.112
-720.978 952.418 -0.112
-719.627 950.944 -0.112
-718.274 949.468 -0.111
-716.923 947.993 -0.111
-715.572 946.518 -0.111
-714.219 945.043 -0.110
-712.867 943.570 -0.110
-711.513 942.096 -0.109
-710.162 940.620 -0.109
-708.748 939.067 -0.109
-707.468 937.662 -0.108
-706.121 936.182 -0.108
-704.775 934.703 -0.108
-703.428 933.223 -0.107
-702.080 931.745 -0.107
-700.726 930.270 -0.107
-699.374 928.796 -0.106
-698.021 927.323 -0.106
-696.668 925.848 -0.105
-695.314 924.375 -0.105
-693.963 922.901 -0.105
-692.609 921.426 -0.104
-691.257 919.952 -0.104
-689.904 918.478 -0.104
-688.554 917.002 -0.103
-687.202 915.527 -0.103
-685.851 914.052 -0.103
-684.499 912.576 -0.102
-683.147 911.102 -0.102
-681.796 909.627 -0.101
-680.443 908.152 -0.101
-679.091 906.678 -0.101
-677.740 905.202 -0.100
-676.391 903.725 -0.100
-675.040 902.249 -0.100
-673.690 900.772 -0.099
-672.338 899.297 -0.099
-670.986 897.823 -0.099
-669.633 896.348 -0.098
-668.280 894.875 -0.098
-666.928 893.400 -0.098
-665.578 891.923 -0.097
-664.227 890.447 -0.097
-662.878 888.970 -0.097
-661.527 887.494 -0.096
-660.174 886.020 -0.096
-658.821 884.546 -0.096
-657.469 883.072 -0.095
-656.114 881.599 -0.095
-654.763 880.125 -0.094
-653.410 878.649 -0.094
-652.057 877.176 -0.094
-650.705 875.702 -0.093
-649.350 874.229 -0.093
-647.996 872.757 -0.093
-646.640 871.286 -0.092
-645.284 869.814 -0.092
-643.932 868.339 -0.092
-642.581 866.864 -0.091
-641.230 865.387 -0.091
-639.880 863.912 -0.091
-638.527 862.437 -0.090
-637.176 860.961 -0.090
-635.824 859.487 -0.090
-634.473 858.011 -0.089
-633.121 856.536 -0.089
-631.769 855.062 -0.089
-630.417 853.586 -0.088
-629.065 852.112 -0.088
-627.715 850.636 -0.088
-626.365 849.158 -0.087
-625.014 847.682 -0.087
-623.665 846.206 -0.087
-622.315 844.728 -0.086
-620.967 843.251 -0.086
-619.618 841.774 -0.086
-618.267 840.297 -0.085
-616.917 838.821 -0.085
-615.565 837.345 -0.085
-614.214 835.870 -0.084
-612.862 834.395 -0.084
-611.511 832.920 -0.084
-610.158 831.445 -0.084
-608.807 829.970 -0.083
-607.455 828.495 -0.083
-606.103 827.020 -0.083
-604.752 825.545 -0.082
-603.401 824.069 -0.082
-602.050 822.594 -0.082
-600.699 821.118 -0.081
-599.349 819.641 -0.081
-598.000 818.164 -0.081
-596.650 816.686 -0.080
-595.299 815.211 -0.080
-593.946 813.737 -0.080
-592.594 812.262 -0.079
-591.242 810.788 -0.079
-589.889 809.314 -0.079
-588.535 807.840 -0.078
-587.181 806.368 -0.078
-585.827 804.895 -0.078
-584.476 803.419 -0.078
-583.129 801.940 -0.077
-581.781 800.461 -0.077
-580.434 798.982 -0.077
-579.083 797.506 -0.076
-577.731 796.033 -0.076
-576.376 794.559 -0.076
-575.023 793.086 -0.075
-573.669 791.613 -0.075
-572.318 790.137 -0.075
-570.967 788.661 -0.074
-569.617 787.185 -0.074
-568.265 785.709 -0.074
-566.915 784.233 -0.074
-565.565 782.756 -0.073
-564.215 781.280 -0.073
-562.863 779.805 -0.073
-561.511 778.331 -0.072
-560.157 776.857 -0.072
-558.804 775.384 -0.072
-557.450 773.909 -0.071
-556.098 772.436 -0.071
-554.745 770.963 -0.071
-553.392 769.488 -0.071
-552.040 768.014 -0.070
-550.690 766.537 -0.070
-549.340 765.060 -0.070
-547.990 763.584 -0.069
-546.640 762.108 -0.069
-545.288 760.631 -0.069
-543.936 759.158 -0.068
-542.583 757.683 -0.068
-541.230 756.209 -0.068
-539.878 754.734 -0.068
-538.529 753.257 -0.067
-537.177 751.782 -0.067
-535.827 750.307 -0.067
-534.474 748.832 -0.066
-533.118 747.361 -0.066
-531.762 745.890 -0.066
-530.406 744.418 -0.066
-529.056 742.941 -0.065
-527.708 741.464 -0.065
-526.360 739.985 -0.065
-525.012 738.507 -0.064
-523.662 737.030 -0.064
-522.311 735.554 -0.064
-520.960 734.079 -0.064
-519.608 732.603 -0.063
-518.256 731.129 -0.063
-516.905 729.653 -0.063
-515.555 728.177 -0.063
-514.204 726.701 -0.062
-512.853 725.226 -0.062
-511.502 723.749 -0.062
-510.151 722.274 -0.061
-508.799 720.799 -0.061
-507.448 719.324 -0.061
-506.095 717.849 -0.061
-504.744 716.375 -0.060
-503.391 714.900 -0.060
-502.040 713.425 -0.060
-500.691 711.947 -0.059
-499.343 710.468 -0.059
-497.995 708.990 -0.059
-496.645 707.513 -0.059
-495.286 706.044 -0.058
-493.928 704.575 -0.058
-492.570 703.106 -0.058
-491.212 701.637 -0.058
-489.862 700.161 -0.057
-488.512 698.683 -0.057
-487.163 697.206 -0.057
-485.813 695.730 -0.057
-484.463 694.253 -0.056
-483.111 692.778 -0.056
-481.760 691.303 -0.056
-480.408 689.827 -0.055
-479.061 688.349 -0.055
-477.713 686.870 -0.055
-476.365 685.392 -0.055
-474.950 683.839 -0.054
-473.668 682.435 -0.054
-472.318 680.959 -0.054
-470.968 679.483 -0.054
-469.617 678.006 -0.053
-468.268 676.529 -0.053
-466.919 675.052 -0.053
-465.571 673.573 -0.053
-464.222 672.095 -0.052
-462.873 670.618 -0.052
-461.520 669.144 -0.052
-460.167 667.671 -0.052
-458.813 666.198 -0.051
-457.459 664.724 -0.051
-456.108 663.249 -0.051
-454.760 661.770 -0.051
-453.410 660.293 -0.050
-452.062 658.816 -0.050
-450.709 657.341 -0.050
-449.355 655.868 -0.050
-448.001 654.396 -0.049
-446.646 652.923 -0.049
-445.293 651.450 -0.049
-443.947 649.969 -0.049
-442.602 648.488 -0.048
-441.255 647.009 -0.048
-439.909 645.528 -0.048
-438.558 644.052 -0.048
-437.206 642.578 -0.047
-435.854 641.103 -0.047
-434.502 639.629 -0.047
-433.149 638.154 -0.047
-431.799 636.678 -0.046
-430.447 635.203 -0.046
-429.096 633.728 -0.046
-427.743 632.253 -0.046
-426.394 630.776 -0.046
-425.044 629.300 -0.045
-423.694 627.823 -0.045
-422.343 626.347 -0.045
-420.990 624.874 -0.045
-419.634 623.401 -0.044
-418.280 621.930 -0.044
-416.929 620.454 -0.044
-415.582 618.974 -0.044
-414.233 617.496 -0.043
-412.886 616.017 -0.043
-411.537 614.539 -0.043
-410.189 613.061 -0.043
-408.840 611.583 -0.043
-407.491 610.106 -0.042
-406.140 608.630 -0.042
-404.786 607.157 -0.042
-403.431 605.685 -0.042
-402.076 604.214 -0.041
-400.724 602.739 -0.041
-399.375 601.261 -0.041
-398.027 599.782 -0.041
-396.678 598.305 -0.040
-395.330 596.827 -0.040
-393.977 595.353 -0.040
-392.624 593.879 -0.040
-391.270 592.406 -0.040
-389.917 590.932 -0.039
-388.563 589.459 -0.039
-387.210 587.985 -0.039
-385.857 586.511 -0.039
-384.504 585.038 -0.038
-383.150 583.565 -0.038
-381.798 582.090 -0.038
-380.452 580.609 -0.038
-379.107 579.129 -0.038
-377.761 577.648 -0.037
-376.409 576.173 -0.037
-375.054 574.701 -0.037
-373.699 573.229 -0.037
-372.344 571.758 -0.037
-370.987 570.286 -0.036
-369.635 568.813 -0.036
-368.282 567.339 -0.036
-366.930 565.864 -0.036
-365.576 564.390 -0.036
-364.222 562.918 -0.035
-362.866 561.445 -0.035
-361.511 559.974 -0.035
-360.155 558.503 -0.035
-358.802 557.029 -0.034
-357.452 555.553 -0.034
-356.102 554.077 -0.034
-354.751 552.600 -0.034
-353.400 551.125 -0.034
-352.044 549.654 -0.033
-350.689 548.181 -0.033
-349.334 546.710 -0.033
-347.979 545.237 -0.033
-346.631 543.759 -0.033
-345.282 542.282 -0.032
-343.933 540.805 -0.032
-342.582 539.328 -0.032
-341.231 537.853 -0.032
-339.879 536.378 -0.032
-338.528 534.902 -0.031
-337.172 533.431 -0.031
-335.817 531.960 -0.031
-334.461 530.488 -0.031
-333.105 529.017 -0.031
-331.752 527.543 -0.031
-330.402 526.066 -0.030
-329.050 524.591 -0.030
-327.699 523.115 -0.030
-326.347 521.640 -0.030
-324.996 520.166 -0.030
-323.644 518.690 -0.029
-322.292 517.216 -0.029
-320.940 515.742 -0.029
-319.588 514.265 -0.029
-318.239 512.789 -0.029
-316.888 511.313 -0.028
-315.538 509.836 -0.028
-314.187 508.361 -0.028
-312.837 506.884 -0.028
-311.486 505.408 -0.028
-310.136 503.932 -0.028
-308.785 502.456 -0.027
-307.435 500.980 -0.027
-306.083 499.504 -0.027
-304.733 498.028 -0.027
-303.382 496.552 -0.027
-302.032 495.076 -0.026
-300.680 493.600 -0.026
-299.330 492.124 -0.026
-297.979 490.648 -0.026
-296.629 489.171 -0.026
-295.278 487.696 -0.026
-293.928 486.220 -0.025
-292.577 484.743 -0.025
-291.228 483.267 -0.025
-289.877 481.790 -0.025
-288.527 480.314 -0.025
-287.176 478.838 -0.024
-285.826 477.361 -0.024
-284.476 475.885 -0.024
-283.125 474.410 -0.024
-281.774 472.933 -0.024
-280.423 471.458 -0.024
-279.073 469.982 -0.023
-277.721 468.506 -0.023
-276.371 467.030 -0.023
-275.020 465.555 -0.023
-273.669 464.079 -0.023
-272.317 462.604 -0.023
-270.966 461.127 -0.022
-269.614 459.652 -0.022
-268.263 458.177 -0.022
-266.911 456.702 -0.022
-265.560 455.227 -0.022
-264.209 453.751 -0.022
-262.859 452.275 -0.021
-261.507 450.799 -0.021
-260.157 449.324 -0.021
-258.806 447.847 -0.021
-257.457 446.370 -0.021
-256.106 444.894 -0.021
-254.757 443.417 -0.021
-253.407 441.940 -0.020
-252.057 440.463 -0.020
-250.706 438.987 -0.020
-249.357 437.511 -0.020
-248.002 436.037 -0.020
-246.648 434.565 -0.020
-245.295 433.092 -0.019
-243.940 431.619 -0.019
-242.589 430.144 -0.019
-241.236 428.669 -0.019
-239.885 427.194 -0.019
-238.533 425.719 -0.019
-237.180 424.246 -0.019
-235.825 422.773 -0.018
-234.471 421.301 -0.018
-233.116 419.829 -0.018
-231.768 418.350 -0.018
-230.421 416.870 -0.018
-229.075 415.391 -0.018
-227.728 413.910 -0.018
-226.375 412.437 -0.017
-225.021 410.964 -0.017
-223.667 409.492 -0.017
-222.311 408.020 -0.017
-220.963 406.541 -0.017
-219.614 405.064 -0.017
-218.266 403.586 -0.017
-216.916 402.108 -0.016
-215.563 400.635 -0.016
-214.209 399.163 -0.016
-212.854 397.690 -0.016
-211.499 396.218 -0.016
-210.147 394.744 -0.016
-208.797 393.267 -0.016
-207.446 391.791 -0.015
-206.095 390.316 -0.015
-204.744 388.839 -0.015
-203.393 387.364 -0.015
-202.041 385.888 -0.015
-200.690 384.414 -0.015
-199.338 382.938 -0.015
-197.988 381.461 -0.015
-196.637 379.986 -0.014
-195.287 378.510 -0.014
-193.935 377.034 -0.014
-192.584 375.559 -0.014
-191.232 374.084 -0.014
-189.881 372.608 -0.014
-188.529 371.133 -0.014
-187.178 369.658 -0.013
-185.826 368.183 -0.013
-184.475 366.708 -0.013
-183.123 365.234 -0.013
-181.768 363.761 -0.013
-180.413 362.289 -0.013
-179.057 360.818 -0.013
-177.706 359.342 -0.013
-176.356 357.866 -0.013
-175.006 356.389 -0.012
-173.655 354.913 -0.012
-172.305 353.437 -0.012
-170.954 351.960 -0.012
-169.605 350.484 -0.012
-168.254 349.007 -0.012
-166.903 347.532 -0.012
-165.548 346.059 -0.012
-164.195 344.587 -0.011
-162.840 343.113 -0.011
-161.487 341.640 -0.011
-160.137 340.163 -0.011
-158.787 338.686 -0.011
-157.437 337.210 -0.011
-156.087 335.733 -0.011
-154.737 334.256 -0.011
-153.388 332.779 -0.011
-152.039 331.302 -0.010
-150.689 329.825 -0.010
-149.339 328.349 -0.010
-147.987 326.873 -0.010
-146.636 325.398 -0.010
-145.284 323.924 -0.010
-143.932 322.448 -0.010
-142.580 320.974 -0.010
-141.228 319.500 -0.010
-139.875 318.025 -0.009
-138.524 316.549 -0.009
-137.173 315.073 -0.009
-135.823 313.597 -0.009
-134.472 312.121 -0.009
-133.122 310.644 -0.009
-131.773 309.167 -0.009
-130.425 307.689 -0.009
-129.075 306.211 -0.009
-127.726 304.734 -0.009
-126.373 303.260 -0.008
-125.021 301.786 -0.008
-123.667 300.312 -0.008
-122.315 298.839 -0.008
-120.966 297.360 -0.008
-119.619 295.882 -0.008
-118.271 294.402 -0.008
-116.924 292.923 -0.008
-115.570 291.450 -0.008
-114.214 289.979 -0.008
-112.858 288.509 -0.008
-111.501 287.038 -0.007
-110.148 285.564 -0.007
-108.796 284.089 -0.007
-107.446 282.614 -0.007
-106.094 281.137 -0.007
-104.744 279.662 -0.007
-103.392 278.187 -0.007
-102.041 276.710 -0.007
-100.690 275.235 -0.007
-99.339 273.760 -0.007
-97.988 272.283 -0.007
-96.638 270.808 -0.006
-95.286 269.331 -0.006
-93.936 267.856 -0.006
-92.582 266.382 -0.006
-91.230 264.908 -0.006
-89.876 263.434 -0.006
-88.523 261.961 -0.006
-87.172 260.485 -0.006
-85.821 259.009 -0.006
-84.470 257.534 -0.006
-83.117 256.059 -0.006
-81.764 254.587 -0.006
-80.409 253.114 -0.006
-79.056 251.641 -0.005
-77.702 250.167 -0.005
-76.352 248.691 -0.005
-75.002 247.214 -0.005
-73.652 245.738 -0.005
-72.302 244.262 -0.005
-70.952 242.784 -0.005
-69.602 241.308 -0.005
-68.252 239.831 -0.005
-66.900 238.356 -0.005
-65.545 236.884 -0.005
-64.189 235.412 -0.005
-62.834 233.941 -0.005
-61.477 232.470 -0.005
-60.129 230.992 -0.004
-58.781 229.514 -0.004
-57.433 228.036 -0.004
-56.083 226.558 -0.004
-54.734 225.082 -0.004
-53.383 223.606 -0.004
-52.032 222.130 -0.004
-50.682 220.654 -0.004
-49.331 219.178 -0.004
-47.981 217.701 -0.004
-46.629 216.226 -0.004
-45.280 214.748 -0.004
-43.931 213.271 -0.004
-42.583 211.793 -0.004
-41.234 210.315 -0.004
-39.883 208.840 -0.004
-38.529 207.366 -0.003
-37.177 205.892 -0.003
-35.823 204.419 -0.003
-34.470 202.945 -0.003
-33.116 201.471 -0.003
-31.763 199.998 -0.003
-30.409 198.525 -0.003
-29.059 197.049 -0.003
-27.709 195.571 -0.003
-26.361 194.093 -0.003
-25.011 192.617 -0.003
-23.661 191.141 -0.003
-22.309 189.664 -0.003
-20.958 188.189 -0.003
-19.606 186.715 -0.003
-18.254 185.239 -0.003
-16.902 183.766 -0.003
-15.548 182.292 -0.003
-14.196 180.818 -0.003
-12.844 179.343 -0.003
-11.495 177.866 -0.002
-10.144 176.389 -0.002
-8.794 174.913 -0.002
-7.442 173.437 -0.002
-6.090 171.963 -0.002
-4.737 170.489 -0.002
-3.385 169.014 -0.002
-2.032 167.541 -0.002
-0.680 166.066 -0.002
0.673 164.592 -0.002
2.025 163.118 -0.002
3.379 161.644 -0.002
4.731 160.169 -0.002
6.084 158.695 -0.002
7.437 157.222 -0.002
8.790 155.747 -0.002
10.141 154.272 -0.002
11.492 152.798 -0.002
12.845 151.322 -0.002
14.196 149.848 -0.002
15.548 148.373 -0.002
16.900 146.897 -0.002
18.252 145.423 -0.002
19.602 143.947 -0.002
20.951 142.468 -0.002
22.298 140.990 -0.002
23.647 139.511 -0.002
24.995 138.033 -0.002
26.344 136.556 -0.002
27.692 135.077 -0.001
29.042 133.600 -0.001
30.391 132.124 -0.001
31.744 130.649 -0.001
33.096 129.175 -0.001
34.450 127.700 -0.001
35.802 126.227 -0.001
37.155 124.753 -0.001
38.508 123.278 -0.001
39.861 121.804 -0.001
41.212 120.330 -0.001
42.565 118.854 -0.001
43.916 117.380 -0.001
45.268 115.905 -0.001
46.618 114.428 -0.001
47.967 112.951 -0.001
49.316 111.474 -0.001
50.666 109.997 -0.001
52.018 108.522 -0.001
53.369 107.047 -0.001
54.722 105.572 -0.001
56.074 104.098 -0.001
57.423 102.619 -0.001
58.772 101.142 -0.001
60.121 99.665 -0.001
61.471 98.188 -0.001
62.824 96.714 -0.001
64.176 95.240 -0.001
65.530 93.766 -0.001
66.878 92.288 -0.001
68.228 90.811 -0.001
69.576 89.333 -0.001
70.926 87.856 -0.001
72.274 86.378 -0.001
73.623 84.900 -0.001
74.972 83.423 -0.001
76.321 81.945 -0.001
77.671 80.469 -0.001
79.024 78.994 -0.001
80.375 77.519 -0.001
81.728 76.045 -0.001
83.081 74.571 -0.001
84.435 73.097 -0.001
85.788 71.624 -0.001
87.141 70.152 -0.001
88.493 68.676 -0.001
89.840 67.197 -0.001
91.187 65.717 -0.001
92.534 64.238 -0.001
93.882 62.760 -0.001
95.234 61.284 -0.001
96.587 59.811 -0.001
97.939 58.337 -0.001
99.292 56.862 -0.001
100.643 55.386 -0.001
101.994 53.911 -0.001
103.345 52.435 -0.001
104.697 50.960 -0.001
106.048 49.485 -0.001
107.401 48.010 -0.001
108.752 46.535 -0.001
110.103 45.058 -0.001
111.453 43.582 -0.001
112.803 42.106 -0.001
114.153 40.629 -0.001
115.503 39.152 -0.001
116.852 37.676 -0.001
118.202 36.198 -0.001
119.553 34.722 -0.001
120.902 33.245 -0.001
122.251 31.767 -0.001
123.601 30.290 -0.001
124.950 28.813 -0.001
126.300 27.336 -0.001
127.649 25.860 -0.001
129.000 24.382 -0.001
130.350 22.907 -0.001
131.701 21.432 -0.001
133.053 19.956 -0.001
134.405 18.482 -0.001
135.757 17.007 -0.001
137.107 15.530 -0.001
138.457 14.053 -0.002
139.807 12.576 -0.002
141.157 11.100 -0.002
142.506 9.623 -0.002
143.855 8.145 -0.002
145.203 6.667 -0.002
146.553 5.190 -0.002
147.903 3.713 -0.002
149.256 2.240 -0.002
150.610 0.767 -0.002
151.964 -0.707 -0.002
153.315 -2.182 -0.002
154.651 -3.672 -0.002
155.988 -5.160 -0.002
157.391 -6.723 -0.002
158.725 -8.215 -0.002
160.041 -9.722 -0.002
161.356 -11.229 -0.002
162.652 -12.753 -0.002
163.948 -14.277 -0.002
165.232 -15.812 -0.002
166.515 -17.348 -0.002
167.775 -18.902 -0.002
169.028 -20.461 -0.002
170.287 -22.016 -0.002
171.548 -23.570 -0.002
172.797 -25.133 -0.002
174.088 -26.790 -0.002
175.298 -28.383 -0.002
176.503 -29.980 -0.003
177.689 -31.591 -0.003
178.856 -33.216 -0.003
180.068 -34.931 -0.003
181.211 -36.575 -0.003
182.341 -38.226 -0.003
183.442 -39.896 -0.003
184.530 -41.574 -0.003
185.601 -43.265 -0.003
186.719 -45.043 -0.003
187.764 -46.749 -0.003
188.775 -48.475 -0.003
189.778 -50.207 -0.003
190.780 -51.939 -0.003
191.791 -53.780 -0.003
192.741 -55.540 -0.003
193.653 -57.321 -0.003
194.564 -59.102 -0.003
195.485 -60.990 -0.003
196.322 -62.808 -0.003
197.142 -64.633 -0.003
197.962 -66.458 -0.003
198.774 -68.395 -0.003
199.512 -70.255 -0.004
200.214 -72.128 -0.004
200.904 -74.006 -0.004
201.606 -75.986 -0.004
202.241 -77.883 -0.004
202.869 -79.888 -0.004
203.402 -81.711 -0.004
203.982 -83.731 -0.004
204.465 -85.672 -0.004
204.950 -87.716 -0.004
205.383 -89.670 -0.004
205.802 -91.625 -0.004
206.181 -93.692 -0.004
206.509 -95.666 -0.004
206.774 -97.649 -0.004
207.044 -99.732 -0.004
207.249 -101.722 -0.004
207.415 -103.816 -0.004
207.522 -105.813 -0.004
207.630 -107.812 -0.004
207.668 -109.912 -0.004
207.682 -111.913 -0.004
207.628 -113.913 -0.004
207.575 -115.913 -0.004
207.447 -118.010 -0.004
207.292 -120.004 -0.004
207.063 -122.092 -0.005
206.842 -124.081 -0.005
206.554 -126.161 -0.005
206.215 -128.133 -0.005
205.810 -130.195 -0.005
205.418 -132.156 -0.005
204.959 -134.104 -0.005
204.484 -136.047 -0.005
203.919 -138.071 -0.005
203.372 -139.995 -0.005
202.733 -141.996 -0.005
202.079 -143.886 -0.005
201.346 -145.855 -0.005
200.636 -147.725 -0.005
199.887 -149.581 -0.005
199.041 -151.503 -0.005
198.181 -153.309 -0.005
197.295 -155.103 -0.005
196.346 -156.977 -0.005
195.393 -158.736 -0.005
194.350 -160.559 -0.005
193.311 -162.269 -0.005
192.271 -163.978 -0.005
191.106 -165.726 -0.005
189.969 -167.373 -0.005
188.790 -168.989 -0.005
187.612 -170.606 -0.005
186.316 -172.260 -0.005
184.985 -173.885 -0.005
183.672 -175.395 -0.005
182.359 -176.904 -0.005
180.987 -178.359 -0.005
179.606 -179.807 -0.005
178.104 -181.276 -0.005
176.661 -182.661 -0.005
175.119 -184.087 -0.005
173.620 -185.413 -0.005
172.079 -186.689 -0.005
170.526 -187.950 -0.005
168.870 -189.243 -0.005
167.260 -190.429 -0.005
165.538 -191.632 -0.005
163.881 -192.753 -0.005
162.217 -193.863 -0.005
160.434 -194.975 -0.005
158.619 -196.031 -0.005
156.955 -196.951 -0.005
155.114 -197.963 -0.005
153.327 -198.862 -0.005
151.527 -199.736 -0.005
149.606 -200.587 -0.005
147.775 -201.393 -0.005
145.923 -202.149 -0.005
144.060 -202.878 -0.005
142.080 -203.581 -0.005
140.189 -204.230 -0.005
138.285 -204.847 -0.005
136.270 -205.443 -0.005
134.337 -205.956 -0.005
132.396 -206.442 -0.005
130.352 -206.923 -0.005
128.389 -207.310 -0.005
126.320 -207.676 -0.005
124.344 -207.992 -0.005
122.365 -208.277 -0.005
120.377 -208.504 -0.005
118.287 -208.714 -0.005
116.292 -208.859 -0.004
114.196 -209.000 -0.004
112.196 -209.077 -0.004
110.097 -209.103 -0.004
108.096 -209.077 -0.004
106.096 -209.047 -0.004
104.097 -208.942 -0.004
102.002 -208.797 -0.004
100.013 -208.583 -0.004
98.024 -208.367 -0.004
95.938 -208.112 -0.004
93.965 -207.791 -0.004
91.997 -207.427 -0.004
90.030 -207.063 -0.004
87.973 -206.635 -0.004
86.030 -206.161 -0.004
83.997 -205.634 -0.004
82.077 -205.068 -0.004
80.158 -204.503 -0.004
78.261 -203.869 -0.004
76.269 -203.202 -0.004
74.403 -202.480 -0.004
72.541 -201.749 -0.004
70.603 -200.940 -0.004
68.770 -200.135 -0.004
66.874 -199.234 -0.003
65.087 -198.334 -0.003
63.223 -197.364 -0.003
61.479 -196.386 -0.003
59.741 -195.394 -0.003
58.038 -194.344 -0.003
56.335 -193.294 -0.003
54.601 -192.109 -0.003
52.956 -190.970 -0.003
51.270 -189.717 -0.003
49.674 -188.510 -0.003
48.026 -187.209 -0.003
46.483 -185.935 -0.003
44.980 -184.615 -0.003
43.499 -183.269 -0.003
41.962 -181.838 -0.003
40.542 -180.429 -0.003
39.073 -178.927 -0.003
37.713 -177.460 -0.003
36.353 -175.992 -0.003
35.045 -174.478 -0.002
33.708 -172.859 -0.002
32.471 -171.286 -0.002
31.239 -169.710 -0.002
29.981 -168.028 -0.002
28.825 -166.394 -0.002
27.661 -164.647 -0.002
26.568 -162.970 -0.002
25.505 -161.276 -0.002
24.474 -159.561 -0.002
23.419 -157.745 -0.002
22.444 -155.998 -0.002
21.442 -154.152 -0.002
20.541 -152.365 -0.002
19.652 -150.574 -0.002
18.819 -148.754 -0.002
17.987 -146.935 -0.002
17.176 -144.998 -0.002
16.412 -143.148 -0.002
15.686 -141.283 -0.002
14.970 -139.415 -0.002
14.263 -137.438 -0.002
13.616 -135.545 -0.001
12.960 -133.549 -0.001
12.346 -131.645 -0.001
11.764 -129.731 -0.001
11.219 -127.805 -0.001
10.666 -125.779 -0.001
10.163 -123.842 -0.001
9.671 -121.903 -0.001
9.222 -119.953 -0.001
8.778 -118.002 -0.001
8.369 -116.044 -0.001
7.959 -114.086 -0.001
7.563 -112.024 -0.001
7.191 -110.057 -0.001
6.864 -108.083 -0.001
6.544 -106.108 -0.001
6.238 -104.031 -0.001
5.964 -102.048 -0.001
5.712 -100.063 -0.001
5.474 -98.077 -0.001
5.243 -96.090 -0.001
5.032 -94.100 -0.001
4.828 -92.110 -0.001
4.651 -90.117 -0.001
4.466 -88.024 -0.001
4.311 -86.030 -0.001
4.156 -84.036 -0.001
4.028 -82.039 -0.001
3.906 -80.042 -0.001
3.795 -78.043 -0.000
3.691 -76.046 -0.000
3.593 -73.947 -0.000
3.515 -71.948 -0.000
3.438 -69.948 -0.000
3.372 -68.049 -0.000
3.300 -65.950 -0.000
3.244 -63.950 -0.000
3.190 -61.950 -0.000
3.146 -59.949 -0.000
3.106 -57.949 -0.000
3.064 -55.949 -0.000
3.022 -53.949 -0.000
2.981 -51.948 -0.000
2.940 -49.948 -0.000
2.901 -47.948 -0.000
2.868 -45.948 -0.000
2.834 -43.947 -0.000
2.800 -41.947 -0.000
2.767 -39.946 -0.000
2.725 -37.946 -0.000
2.684 -35.945 -0.000
2.643 -33.946 -0.000
2.602 -31.945 -0.000
2.567 -29.944 -0.000
2.534 -27.944 -0.000
2.501 -25.943 -0.000
2.469 -23.943 -0.000
2.433 -21.942 -0.000
2.394 -19.943 -0.000
2.356 -17.942 -0.000
2.318 -15.942 -0.000
2.282 -13.941 -0.000
2.247 -11.941 -0.000
2.213 -9.940 -0.000
2.174 -7.939 -0.000
2.137 -5.940 -0.000
2.104 -3.939 -0.000
2.071 -1.939 -0.000
