9.205 1.787 -0.000
9.166 3.687 -0.000
9.126 5.688 -0.000
9.086 7.789 -0.000
9.048 9.788 -0.000
9.010 11.789 -0.000
8.971 13.789 -0.000
8.930 15.790 -0.000
8.893 17.690 -0.000
8.859 19.791 -0.000
8.829 21.790 -0.000
8.795 23.791 -0.000
8.751 25.791 -0.000
8.707 27.792 -0.000
8.665 29.792 -0.000
8.633 31.793 -0.000
8.602 33.793 -0.000
8.551 35.793 -0.000
8.512 37.794 -0.000
8.478 39.794 -0.000
8.440 41.795 -0.000
8.398 43.794 -0.000
8.351 45.795 -0.000
8.301 47.795 -0.000
8.249 49.795 -0.000
8.184 51.895 -0.000
8.100 53.993 -0.000
8.014 55.992 -0.000
7.882 58.089 -0.000
7.763 59.985 -0.000
7.608 62.081 -0.000
7.454 64.076 -0.000
7.283 66.170 -0.000
7.069 68.259 -0.000
6.831 70.246 -0.000
6.569 72.330 -0.000
6.333 74.216 -0.000
6.072 76.300 -0.000
5.795 78.383 -0.000
5.499 80.362 -0.001
5.200 82.339 -0.001
4.867 84.414 -0.001
4.515 86.485 -0.001
4.169 88.353 -0.001
3.806 90.321 -0.001
3.377 92.480 -0.001
2.975 94.440 -0.001
2.524 96.492 -0.001
2.092 98.445 -0.001
1.613 100.491 -0.001
1.143 102.435 -0.001
0.667 104.378 -0.001
0.172 106.317 -0.001
-0.323 108.256 -0.001
-0.920 110.374 -0.001
-1.462 112.299 -0.001
-2.034 114.217 -0.001
-2.605 116.134 -0.001
-3.222 118.143 -0.001
-3.868 120.142 -0.001
-4.498 122.041 -0.001
-5.142 123.935 -0.001
-5.816 125.924 -0.001
-6.484 127.810 -0.001
-7.199 129.785 -0.001
-7.903 131.659 -0.001
-8.606 133.531 -0.001
-9.367 135.489 -0.001
-10.145 137.441 -0.001
-10.923 139.283 -0.002
-11.702 141.127 -0.002
-12.525 143.060 -0.002
-13.334 144.890 -0.002
-14.203 146.802 -0.002
-15.009 148.524 -0.002
-15.898 150.426 -0.002
-16.819 152.314 -0.002
-17.693 154.115 -0.002
-18.562 155.917 -0.002
-19.516 157.788 -0.002
-20.428 159.569 -0.002
-21.343 161.348 -0.002
-22.335 163.200 -0.002
-23.304 164.950 -0.002
-24.333 166.781 -0.002
-25.386 168.600 -0.002
-26.388 170.332 -0.002
-27.339 171.977 -0.002
-28.488 173.854 -0.002
-29.545 175.552 -0.002
-30.602 177.251 -0.003
-31.730 179.023 -0.003
-32.824 180.698 -0.003
-33.917 182.374 -0.003
-35.079 184.125 -0.003
-36.132 185.707 -0.003
-37.329 187.433 -0.003
-38.529 189.158 -0.003
-39.679 190.794 -0.003
-40.895 192.508 -0.003
-42.003 194.052 -0.003
-43.245 195.746 -0.003
-44.437 197.353 -0.003
-45.754 199.116 -0.003
-46.987 200.692 -0.003
-48.300 202.331 -0.003
-49.629 203.959 -0.003
-51.003 205.547 -0.004
-52.322 207.053 -0.004
-53.579 208.478 -0.004
-54.902 209.978 -0.004
-56.303 211.543 -0.004
-57.714 213.099 -0.004
-59.058 214.582 -0.004
-60.334 215.990 -0.004
-61.746 217.546 -0.004
-63.023 218.954 -0.004
-64.435 220.509 -0.004
-65.712 221.917 -0.004
-67.134 223.464 -0.004
-68.487 224.937 -0.004
-69.841 226.411 -0.004
-71.126 227.811 -0.004
-72.544 229.361 -0.005
-73.826 230.764 -0.005
-75.176 232.240 -0.005
-76.596 233.788 -0.005
-77.949 235.264 -0.005
-79.300 236.738 -0.005
-80.653 238.213 -0.005
-81.935 239.616 -0.005
-83.353 241.166 -0.005
-84.635 242.570 -0.005
-86.052 244.120 -0.005
-87.404 245.594 -0.005
-88.759 247.067 -0.005
-90.046 248.465 -0.005
-91.468 250.011 -0.006
-92.823 251.484 -0.006
-94.110 252.882 -0.006
-95.530 254.430 -0.006
-96.814 255.832 -0.006
-98.232 257.382 -0.006
-99.583 258.857 -0.006
-100.866 260.259 -0.006
-102.218 261.735 -0.006
-103.637 263.284 -0.006
-104.920 264.686 -0.006
-106.338 266.236 -0.006
-107.622 267.638 -0.007
-109.040 269.188 -0.007
-110.391 270.663 -0.007
-111.742 272.140 -0.007
-113.025 273.541 -0.007
-114.444 275.091 -0.007
-115.727 276.493 -0.007
-117.146 278.042 -0.007
-118.496 279.518 -0.007
-119.848 280.994 -0.007
-121.131 282.396 -0.007
-122.549 283.946 -0.008
-123.832 285.348 -0.008
-125.249 286.898 -0.008
-126.602 288.373 -0.008
-127.886 289.774 -0.008
-129.305 291.323 -0.008
-130.589 292.725 -0.008
-132.008 294.274 -0.008
-133.292 295.675 -0.008
-134.711 297.224 -0.008
-135.995 298.625 -0.008
-137.414 300.174 -0.009
-138.698 301.576 -0.009
-140.117 303.125 -0.009
-141.468 304.600 -0.009
-142.820 306.076 -0.009
-144.104 307.477 -0.009
-145.523 309.026 -0.009
-146.807 310.427 -0.009
-148.226 311.977 -0.009
-149.510 313.378 -0.009
-150.929 314.927 -0.010
-152.280 316.402 -0.010
-153.632 317.878 -0.010
-154.916 319.279 -0.010
-156.335 320.828 -0.010
-157.619 322.230 -0.010
-158.970 323.705 -0.010
-160.389 325.254 -0.010
-161.673 326.656 -0.010
-163.092 328.205 -0.011
-164.376 329.606 -0.011
-165.795 331.155 -0.011
-167.146 332.630 -0.011
-168.498 334.105 -0.011
-169.850 335.581 -0.011
-171.202 337.056 -0.011
-172.486 338.457 -0.011
-173.905 340.006 -0.011
-175.256 341.481 -0.012
-176.608 342.957 -0.012
-177.892 344.358 -0.012
-179.311 345.907 -0.012
-180.595 347.309 -0.012
-182.014 348.858 -0.012
-183.365 350.333 -0.012
-184.717 351.809 -0.012
-186.001 353.210 -0.013
-187.420 354.759 -0.013
-188.704 356.160 -0.013
-190.122 357.709 -0.013
-191.474 359.184 -0.013
-192.758 360.586 -0.013
-194.177 362.135 -0.013
-195.461 363.537 -0.013
-196.880 365.086 -0.014
-198.231 366.561 -0.014
-199.583 368.037 -0.014
-200.867 369.438 -0.014
-202.287 370.986 -0.014
-203.640 372.460 -0.014
-204.993 373.934 -0.014
-206.345 375.408 -0.014
-207.698 376.883 -0.015
-208.983 378.283 -0.015
-210.403 379.831 -0.015
-211.688 381.231 -0.015
-213.109 382.779 -0.015
-214.461 384.253 -0.015
-215.814 385.728 -0.015
-217.099 387.128 -0.015
-218.518 388.676 -0.016
-219.803 390.076 -0.016
-221.224 391.624 -0.016
-222.577 393.098 -0.016
-223.862 394.499 -0.016
-225.282 396.047 -0.016
-226.566 397.449 -0.016
-227.985 398.998 -0.017
-229.268 400.400 -0.017
-230.687 401.950 -0.017
-231.970 403.351 -0.017
-233.388 404.901 -0.017
-234.671 406.304 -0.017
-236.090 407.853 -0.017
-237.440 409.329 -0.018
-238.723 410.731 -0.018
-240.074 412.207 -0.018
-241.492 413.757 -0.018
-242.775 415.160 -0.018
-244.193 416.710 -0.018
-245.476 418.113 -0.018
-246.894 419.662 -0.019
-248.244 421.138 -0.019
-249.595 422.615 -0.019
-250.878 424.017 -0.019
-252.296 425.567 -0.019
-253.579 426.969 -0.019
-254.929 428.445 -0.020
-256.349 429.994 -0.020
-257.633 431.395 -0.020
-259.052 432.944 -0.020
-260.403 434.419 -0.020
-261.755 435.895 -0.020
-263.106 437.370 -0.020
-264.390 438.771 -0.021
-265.810 440.320 -0.021
-267.162 441.795 -0.021
-268.446 443.197 -0.021
-269.865 444.746 -0.021
-271.149 446.147 -0.021
-272.569 447.696 -0.022
-273.853 449.097 -0.022
-275.272 450.646 -0.022
-276.623 452.122 -0.022
-277.975 453.597 -0.022
-279.325 455.072 -0.022
-280.677 456.548 -0.023
-281.960 457.949 -0.023
-283.380 459.498 -0.023
-284.663 460.900 -0.023
-286.081 462.449 -0.023
-287.433 463.925 -0.023
-288.717 465.326 -0.024
-290.136 466.876 -0.024
-291.419 468.278 -0.024
-292.838 469.827 -0.024
-294.189 471.302 -0.024
-295.541 472.778 -0.024
-296.892 474.253 -0.025
-298.243 475.728 -0.025
-299.527 477.130 -0.025
-300.878 478.605 -0.025
-302.297 480.155 -0.025
-303.648 481.631 -0.025
-304.932 483.032 -0.026
-306.351 484.581 -0.026
-307.635 485.983 -0.026
-309.054 487.532 -0.026
-310.337 488.934 -0.026
-311.756 490.483 -0.027
-313.040 491.885 -0.027
-314.459 493.435 -0.027
-315.742 494.836 -0.027
-317.161 496.385 -0.027
-318.445 497.787 -0.027
-319.796 499.262 -0.028
-321.215 500.811 -0.028
-322.498 502.213 -0.028
-323.917 503.762 -0.028
-325.201 505.164 -0.028
-326.620 506.714 -0.029
-327.970 508.189 -0.029
-329.322 509.664 -0.029
-330.606 511.066 -0.029
-332.025 512.615 -0.029
-333.376 514.091 -0.029
-334.727 515.566 -0.030
-336.011 516.968 -0.030
-337.362 518.443 -0.030
-338.714 519.919 -0.030
-340.132 521.468 -0.030
-341.416 522.870 -0.031
-342.835 524.419 -0.031
-344.186 525.894 -0.031
-345.538 527.370 -0.031
-346.821 528.771 -0.031
-348.240 530.321 -0.032
-349.524 531.723 -0.032
-350.942 533.272 -0.032
-352.226 534.674 -0.032
-353.645 536.223 -0.032
-354.996 537.698 -0.033
-356.279 539.100 -0.033
-357.698 540.650 -0.033
-359.049 542.125 -0.033
-360.400 543.601 -0.033
-361.684 545.002 -0.034
-363.103 546.551 -0.034
-364.387 547.954 -0.034
-365.805 549.503 -0.034
-367.156 550.978 -0.034
-368.439 552.380 -0.035
-369.791 553.856 -0.035
-371.210 555.405 -0.035
-372.493 556.807 -0.035
-373.912 558.356 -0.035
-375.196 559.758 -0.036
-376.615 561.307 -0.036
-377.966 562.783 -0.036
-379.317 564.259 -0.036
-380.601 565.660 -0.037
-382.020 567.209 -0.037
-383.304 568.611 -0.037
-384.722 570.160 -0.037
-386.073 571.635 -0.037
-387.425 573.112 -0.038
-388.708 574.513 -0.038
-390.126 576.062 -0.038
-391.478 577.538 -0.038
-392.829 579.013 -0.038
-394.180 580.489 -0.039
-395.464 581.890 -0.039
-396.883 583.439 -0.039
-398.167 584.842 -0.039
-399.585 586.391 -0.040
-400.936 587.866 -0.040
-402.288 589.342 -0.040
-403.572 590.743 -0.040
-404.990 592.293 -0.040
-406.274 593.694 -0.041
-407.693 595.244 -0.041
-409.044 596.719 -0.041
-410.395 598.195 -0.041
-411.679 599.596 -0.042
-413.098 601.145 -0.042
-414.449 602.622 -0.042
-415.800 604.097 -0.042
-417.151 605.572 -0.042
-418.503 607.048 -0.043
-419.854 608.523 -0.043
-421.205 609.999 -0.043
-422.489 611.400 -0.043
-423.908 612.950 -0.044
-425.192 614.352 -0.044
-426.542 615.827 -0.044
-427.961 617.376 -0.044
-429.245 618.778 -0.045
-430.595 620.253 -0.045
-431.947 621.729 -0.045
-433.366 623.278 -0.045
-434.650 624.679 -0.045
-436.069 626.229 -0.046
-437.352 627.631 -0.046
-438.771 629.180 -0.046
-440.055 630.582 -0.046
-441.405 632.057 -0.047
-442.824 633.607 -0.047
-444.176 635.083 -0.047
-445.460 636.484 -0.047
-446.879 638.033 -0.048
-448.162 639.435 -0.048
-449.581 640.984 -0.048
-450.932 642.460 -0.048
-452.283 643.936 -0.049
-453.567 645.337 -0.049
-454.986 646.886 -0.049
-456.270 648.288 -0.049
-457.688 649.837 -0.050
-459.039 651.312 -0.050
-460.323 652.714 -0.050
-461.742 654.263 -0.050
-463.093 655.740 -0.051
-464.444 657.215 -0.051
-465.795 658.690 -0.051
-467.078 660.092 -0.051
-468.430 661.567 -0.052
-469.849 663.116 -0.052
-471.133 664.518 -0.052
-472.552 666.068 -0.052
-473.902 667.543 -0.053
-475.254 669.019 -0.053
-476.538 670.420 -0.053
-477.957 671.970 -0.053
-479.240 673.372 -0.054
-480.659 674.921 -0.054
-482.010 676.396 -0.054
-483.362 677.872 -0.054
-484.712 679.347 -0.055
-486.064 680.823 -0.055
-487.415 682.299 -0.055
-488.766 683.774 -0.055
-490.050 685.176 -0.056
-491.470 686.725 -0.056
-492.822 688.198 -0.056
-494.106 689.599 -0.057
-495.526 691.148 -0.057
-496.878 692.622 -0.057
-498.231 694.097 -0.057
-499.516 695.497 -0.058
-500.936 697.045 -0.058
-502.220 698.446 -0.058
-503.641 699.995 -0.058
-504.993 701.468 -0.059
-506.344 702.945 -0.059
-507.627 704.348 -0.059
-509.313 706.066 -0.060
-510.673 707.393 -0.060
-512.177 708.861 -0.060
-513.609 710.257 -0.060
-515.041 711.654 -0.061
-516.401 712.982 -0.061
-517.832 714.381 -0.061
-519.264 715.778 -0.061
-520.853 717.301 -0.062
-522.225 718.616 -0.062
-523.672 719.998 -0.062
-525.132 721.367 -0.063
-526.591 722.735 -0.063
-528.050 724.104 -0.063
-529.590 725.532 -0.063
-531.058 726.893 -0.064
-532.603 728.316 -0.064
-534.106 729.637 -0.064
-535.683 731.024 -0.065
-537.110 732.280 -0.065
-538.699 733.654 -0.065
-540.213 734.961 -0.065
-541.562 736.153 -0.066
-542.903 737.356 -0.066
-544.581 738.779 -0.066
-546.118 740.059 -0.066
-547.656 741.340 -0.067
-549.117 742.556 -0.067
-550.820 743.950 -0.067
-552.369 745.215 -0.068
-553.841 746.418 -0.068
-555.468 747.747 -0.068
-557.035 748.991 -0.068
-558.606 750.230 -0.069
-560.177 751.468 -0.069
-561.828 752.769 -0.069
-563.410 753.993 -0.070
-565.087 755.258 -0.070
-566.605 756.403 -0.070
-568.281 757.667 -0.070
-569.885 758.864 -0.071
-571.502 760.042 -0.071
-573.119 761.220 -0.071
-574.736 762.399 -0.072
-576.353 763.578 -0.072
-577.984 764.736 -0.072
-579.699 765.949 -0.072
-581.332 767.105 -0.073
-582.966 768.260 -0.073
-584.690 769.460 -0.073
-586.253 770.541 -0.074
-588.071 771.781 -0.074
-589.733 772.896 -0.074
-591.398 774.005 -0.075
-593.063 775.113 -0.075
-594.734 776.215 -0.075
-596.490 777.366 -0.075
-598.267 778.488 -0.076
-599.880 779.493 -0.076
-601.579 780.551 -0.076
-603.279 781.604 -0.077
-604.982 782.656 -0.077
-606.768 783.760 -0.077
-608.484 784.789 -0.077
-610.203 785.813 -0.078
-611.921 786.838 -0.078
-613.640 787.863 -0.078
-615.358 788.888 -0.079
-617.076 789.912 -0.079
-618.971 791.032 -0.079
-620.624 791.968 -0.079
-622.365 792.955 -0.080
-624.193 793.991 -0.080
-625.934 794.978 -0.080
-627.674 795.964 -0.081
-629.433 796.919 -0.081
-631.190 797.873 -0.081
-632.949 798.829 -0.082
-634.796 799.828 -0.082
-636.660 800.797 -0.082
-638.346 801.675 -0.082
-640.219 802.627 -0.083
-642.006 803.528 -0.083
-643.792 804.428 -0.083
-645.584 805.319 -0.084
-647.375 806.209 -0.084
-649.165 807.103 -0.084
-651.141 808.071 -0.085
-652.857 808.889 -0.085
-654.662 809.751 -0.085
-656.375 810.577 -0.085
-658.360 811.527 -0.086
-660.178 812.361 -0.086
-662.000 813.189 -0.086
-663.821 814.017 -0.087
-665.739 814.874 -0.087
-667.567 815.687 -0.087
-669.398 816.494 -0.088
-671.142 817.249 -0.088
-673.167 818.110 -0.088
-675.012 818.886 -0.088
-676.857 819.659 -0.089
-678.708 820.417 -0.089
-680.560 821.176 -0.089
-682.414 821.926 -0.090
-684.368 822.697 -0.090
-686.229 823.431 -0.090
-688.091 824.166 -0.090
-690.052 824.919 -0.091
-691.923 825.627 -0.091
-693.700 826.300 -0.091
-695.666 827.042 -0.092
-697.640 827.760 -0.092
-699.426 828.412 -0.092
-701.306 829.096 -0.093
-703.190 829.768 -0.093
-705.173 830.461 -0.093
-707.063 831.118 -0.093
-708.959 831.756 -0.094
-710.951 832.426 -0.094
-712.754 833.025 -0.094
-714.752 833.676 -0.095
-716.653 834.298 -0.095
-718.560 834.905 -0.095
-720.469 835.503 -0.096
-722.475 836.123 -0.096
-724.389 836.709 -0.096
-726.399 837.319 -0.096
-728.221 837.858 -0.097
-730.236 838.456 -0.097
-732.157 839.015 -0.097
-734.078 839.572 -0.098
-736.001 840.125 -0.098
-737.925 840.674 -0.098
-739.849 841.224 -0.099
-741.770 841.783 -0.099
-743.593 842.318 -0.099
-745.610 842.905 -0.099
-747.533 843.460 -0.100
-749.456 844.014 -0.100
-751.378 844.568 -0.100
-753.204 845.095 -0.101
-755.223 845.677 -0.101
-757.049 846.203 -0.101
-759.068 846.784 -0.102
-760.990 847.337 -0.102
-762.913 847.890 -0.102
-764.740 848.416 -0.102
-766.759 848.999 -0.103
-768.584 849.526 -0.103
-770.603 850.109 -0.103
-772.525 850.665 -0.104
-774.447 851.219 -0.104
-776.369 851.773 -0.104
-778.292 852.327 -0.105
-780.117 852.859 -0.105
-782.036 853.424 -0.105
-784.051 854.018 -0.106
-785.874 854.556 -0.106
-787.892 855.138 -0.106
-789.815 855.691 -0.106
-791.738 856.244 -0.107
-793.565 856.770 -0.107
-795.583 857.351 -0.107
-797.506 857.903 -0.108
-799.429 858.456 -0.108
-801.255 858.981 -0.108
-803.274 859.565 -0.109
-805.194 860.126 -0.109
-807.115 860.686 -0.109
-809.035 861.247 -0.110
-810.860 861.780 -0.110
-812.876 862.369 -0.110
-814.702 862.896 -0.111
-816.721 863.478 -0.111
-818.547 864.005 -0.111
-820.470 864.560 -0.112
-822.488 865.143 -0.112
-824.410 865.699 -0.112
-826.235 866.227 -0.112
-828.253 866.812 -0.113
-830.175 867.369 -0.113
-832.097 867.924 -0.113
-834.019 868.481 -0.114
-835.844 869.009 -0.114
-837.863 869.593 -0.114
-839.784 870.150 -0.115
-841.706 870.706 -0.115
-843.532 871.233 -0.115
-845.550 871.817 -0.116
-847.376 872.346 -0.116
-849.393 872.930 -0.116
-851.316 873.486 -0.117
-853.238 874.041 -0.117
-855.160 874.598 -0.117
-857.080 875.159 -0.118
-859.000 875.722 -0.118
-860.920 876.284 -0.118
-862.840 876.846 -0.119
-864.664 877.380 -0.119
-866.680 877.971 -0.119
-868.504 878.509 -0.120
-870.422 879.075 -0.120
-872.341 879.641 -0.120
-874.356 880.236 -0.121
-876.275 880.802 -0.121
-878.194 881.369 -0.121
-879.919 881.885 -0.122
-881.827 882.486 -0.122
-883.735 883.087 -0.122
-885.644 883.689 -0.123
-887.552 884.290 -0.123
-889.460 884.890 -0.124
-891.368 885.493 -0.124
-893.169 886.098 -0.124
-895.066 886.736 -0.125
-897.058 887.405 -0.125
-898.760 887.991 -0.125
-900.739 888.697 -0.126
-902.623 889.370 -0.126
-904.412 890.009 -0.126
-906.188 890.688 -0.127
-907.956 891.385 -0.127
-909.909 892.158 -0.127
-911.770 892.894 -0.128
-913.527 893.620 -0.128
-915.278 894.358 -0.129
-917.122 895.134 -0.129
-918.771 895.856 -0.129
-920.574 896.724 -0.130
-922.377 897.591 -0.130
-924.180 898.459 -0.130
-925.801 899.242 -0.131
-927.667 900.207 -0.131
-929.355 901.080 -0.131
-931.222 902.045 -0.132
-932.711 902.865 -0.132
-934.446 903.862 -0.133
-936.181 904.859 -0.133
-937.718 905.795 -0.133
-939.418 906.851 -0.134
-941.117 907.907 -0.134
-942.702 908.956 -0.135
-944.370 910.060 -0.135
-945.872 911.054 -0.135
-947.396 912.190 -0.136
-949.000 913.384 -0.136
-950.439 914.467 -0.137
-952.005 915.714 -0.137
-953.570 916.960 -0.137
-954.943 918.123 -0.138
-956.376 919.372 -0.138
-957.793 920.640 -0.138
-959.250 922.010 -0.139
-960.691 923.399 -0.139
-961.957 924.678 -0.140
-963.283 926.041 -0.140
-964.586 927.423 -0.141
-965.848 928.846 -0.141
-967.053 930.183 -0.141
-968.277 931.636 -0.142
-969.460 933.125 -0.142
-970.620 934.631 -0.142
-971.834 936.220 -0.143
-972.896 937.675 -0.143
-973.965 939.246 -0.144
-975.000 940.840 -0.144
-976.006 942.452 -0.144
-976.961 944.095 -0.145
-977.861 945.655 -0.145
-978.806 947.419 -0.146
-979.633 949.019 -0.146
-980.513 950.815 -0.146
-981.292 952.439 -0.147
-982.036 954.188 -0.147
-982.749 955.950 -0.148
-983.452 957.716 -0.148
-984.113 959.498 -0.148
-984.772 961.386 -0.149
-985.284 963.008 -0.149
-985.817 964.832 -0.149
-986.294 966.569 -0.150
-986.793 968.506 -0.150
-987.202 970.260 -0.150
-987.570 972.125 -0.151
-987.927 974.093 -0.151
-988.212 975.871 -0.151
-988.484 977.853 -0.152
-988.709 979.741 -0.152
-988.903 981.530 -0.152
-989.067 983.525 -0.153
-989.166 985.322 -0.153
-989.246 987.221 -0.153
-989.270 989.122 -0.154
-989.287 990.921 -0.154
-989.235 992.921 -0.154
-989.188 994.521 -0.154
-989.035 996.716 -0.155
-988.882 998.511 -0.155
-988.681 1000.501 -0.155
-988.441 1002.184 -0.155
-988.177 1004.066 -0.156
-987.826 1006.036 -0.156
-987.467 1007.902 -0.156
-987.091 1009.663 -0.156
-986.664 1011.515 -0.157
-986.252 1013.164 -0.157
-985.663 1015.182 -0.157
-985.148 1016.906 -0.157
-984.544 1018.814 -0.158
-983.929 1020.506 -0.158
-983.236 1022.383 -0.158
-982.535 1024.150 -0.158
-981.832 1025.807 -0.158
-981.044 1027.537 -0.158
-980.276 1029.165 -0.159
-979.389 1030.959 -0.159
-978.514 1032.646 -0.159
-977.654 1034.227 -0.159
-976.693 1035.868 -0.159
-975.714 1037.496 -0.159
-974.691 1039.098 -0.159
-973.583 1040.764 -0.159
-972.614 1042.161 -0.159
-971.482 1043.688 -0.160
-970.291 1045.295 -0.160
-969.115 1046.789 -0.160
-967.898 1048.249 -0.160
-966.727 1049.616 -0.160
-965.463 1051.036 -0.160
-964.169 1052.427 -0.160
-962.909 1053.714 -0.160
-961.483 1055.118 -0.160
-960.111 1056.431 -0.160
-958.778 1057.644 -0.160
-957.335 1058.880 -0.160
-955.872 1060.093 -0.160
-954.376 1061.265 -0.160
-952.786 1062.479 -0.160
-951.352 1063.567 -0.160
-949.873 1064.596 -0.160
-948.128 1065.765 -0.160
-946.702 1066.691 -0.160
-944.990 1067.727 -0.160
-943.519 1068.581 -0.160
-941.763 1069.539 -0.159
-940.180 1070.397 -0.159
-938.476 1071.240 -0.159
-936.672 1072.104 -0.159
-935.048 1072.880 -0.159
-933.300 1073.626 -0.159
-931.528 1074.317 -0.159
-929.659 1075.030 -0.159
-927.878 1075.693 -0.158
-926.354 1076.181 -0.158
-924.338 1076.770 -0.158
-922.511 1077.297 -0.158
-920.767 1077.744 -0.158
-918.917 1078.180 -0.158
-916.869 1078.647 -0.157
-915.198 1078.966 -0.157
-913.329 1079.304 -0.157
-911.450 1079.588 -0.157
-909.565 1079.829 -0.156
-907.677 1080.052 -0.156
-905.783 1080.219 -0.156
-903.987 1080.339 -0.156
-902.088 1080.426 -0.156
-900.089 1080.498 -0.155
-898.388 1080.521 -0.155
-896.389 1080.488 -0.155
-894.389 1080.454 -0.154
-892.792 1080.340 -0.154
-890.697 1080.178 -0.154
-888.905 1080.006 -0.154
-887.018 1079.781 -0.153
-885.138 1079.499 -0.153
-883.358 1079.233 -0.153
-881.490 1078.877 -0.152
-879.427 1078.483 -0.152
-877.769 1078.105 -0.152
-875.828 1077.621 -0.151
-873.888 1077.135 -0.151
-872.336 1076.744 -0.151
-870.329 1076.121 -0.150
-868.615 1075.572 -0.150
-866.729 1074.902 -0.150
-864.843 1074.232 -0.149
-863.251 1073.638 -0.149
-861.402 1072.875 -0.149
-859.553 1072.111 -0.148
-857.981 1071.461 -0.148
-856.082 1070.563 -0.148
-854.363 1069.752 -0.147
-852.663 1068.901 -0.147
-851.066 1068.071 -0.146
-849.314 1067.105 -0.146
-847.562 1066.139 -0.146
-845.809 1065.173 -0.145
-844.337 1064.323 -0.145
-842.539 1063.236 -0.144
-840.925 1062.232 -0.144
-839.248 1061.142 -0.144
-837.654 1060.106 -0.143
-836.169 1059.089 -0.143
-834.536 1057.933 -0.143
-832.902 1056.778 -0.142
-831.351 1055.680 -0.142
-829.843 1054.522 -0.141
-828.256 1053.304 -0.141
-826.839 1052.193 -0.141
-825.281 1050.938 -0.140
-823.644 1049.621 -0.140
-822.163 1048.430 -0.139
-820.785 1047.272 -0.139
-819.195 1045.899 -0.139
-817.755 1044.658 -0.138
-816.265 1043.323 -0.138
-814.858 1042.046 -0.137
-813.375 1040.701 -0.137
-811.901 1039.349 -0.137
-810.504 1038.061 -0.136
-809.129 1036.747 -0.136
-807.704 1035.345 -0.135
-806.278 1033.941 -0.135
-804.851 1032.538 -0.135
-803.591 1031.252 -0.134
-802.123 1029.749 -0.134
-800.724 1028.319 -0.133
-799.395 1026.960 -0.133
-797.927 1025.458 -0.133
-796.528 1024.027 -0.132
-795.216 1022.653 -0.132
-793.850 1021.190 -0.131
-792.484 1019.729 -0.131
-791.117 1018.267 -0.131
-789.752 1016.806 -0.130
-788.454 1015.417 -0.130
-787.019 1013.882 -0.129
-785.728 1012.486 -0.129
-784.376 1011.012 -0.129
-783.024 1009.538 -0.128
-781.603 1007.990 -0.128
-780.318 1006.589 -0.127
-778.966 1005.115 -0.127
-777.613 1003.641 -0.127
-776.261 1002.167 -0.126
-774.908 1000.693 -0.126
-773.487 999.145 -0.125
-772.203 997.744 -0.125
-770.851 996.269 -0.125
-769.499 994.793 -0.124
-768.148 993.319 -0.124
-766.795 991.844 -0.123
-765.444 990.369 -0.123
-764.093 988.894 -0.123
-762.741 987.418 -0.122
-761.390 985.943 -0.122
-760.038 984.468 -0.121
-758.619 982.919 -0.121
-757.335 981.517 -0.121
-755.985 980.042 -0.120
-754.634 978.564 -0.120
-753.285 977.088 -0.120
-751.934 975.612 -0.119
-750.516 974.062 -0.119
-749.234 972.659 -0.118
-747.884 971.183 -0.118
-746.465 969.633 -0.118
-745.182 968.231 -0.117
-743.830 966.755 -0.117
-742.411 965.207 -0.116
-741.127 963.805 -0.116
-739.708 962.256 -0.116
-738.425 960.853 -0.115
-737.075 959.377 -0.115
-735.724 957.901 -0.115
-734.441 956.500 -0.114
-733.023 954.950 -0.114
-731.604 953.400 -0.113
-730.321 951.998 -0.113
-728.973 950.520 -0.113
-727.623 949.043 -0.112
-726.273 947.567 -0.112
-724.855 946.017 -0.112
-723.571 944.615 -0.111
-722.220 943.140 -0.111
-720.866 941.666 -0.110
-719.512 940.194 -0.110
-718.157 938.722 -0.110
-716.734 937.176 -0.109
-715.379 935.704 -0.109
-714.094 934.303 -0.109
-712.743 932.827 -0.108
-711.392 931.352 -0.108
-710.041 929.877 -0.107
-708.622 928.327 -0.107
-707.339 926.925 -0.107
-705.988 925.449 -0.106
-704.569 923.900 -0.106
-703.286 922.498 -0.106
-701.935 921.022 -0.105
-700.585 919.546 -0.105
-699.233 918.070 -0.105
-697.883 916.595 -0.104
-696.531 915.118 -0.104
-695.181 913.643 -0.103
-693.762 912.093 -0.103
-692.479 910.691 -0.103
-691.125 909.219 -0.102
-689.769 907.746 -0.102
-688.418 906.272 -0.102
-687.796 905.490 -0.102
-685.472 903.035 -0.101
-684.385 901.860 -0.101
-683.039 900.381 -0.100
-681.692 898.900 -0.100
-680.344 897.423 -0.100
-678.989 895.949 -0.099
-677.635 894.477 -0.099
-676.280 893.005 -0.099
-674.861 891.456 -0.098
-673.580 890.052 -0.098
-672.231 888.575 -0.097
-670.881 887.097 -0.097
-669.530 885.622 -0.097
-668.179 884.146 -0.096
-666.828 882.670 -0.096
-665.476 881.196 -0.096
-664.053 879.651 -0.095
-662.697 878.179 -0.095
-661.410 876.781 -0.095
-660.141 875.366 -0.094
-658.710 873.764 -0.094
-657.353 872.294 -0.094
-655.997 870.824 -0.093
-654.639 869.353 -0.093
-653.357 867.951 -0.093
-651.940 866.400 -0.092
-650.588 864.925 -0.092
-649.233 863.454 -0.092
-647.876 861.983 -0.091
-646.524 860.508 -0.091
-645.172 859.033 -0.091
-643.820 857.558 -0.090
-642.467 856.084 -0.090
-641.115 854.610 -0.090
-639.762 853.135 -0.089
-638.410 851.661 -0.089
-637.057 850.187 -0.089
-635.704 848.713 -0.088
-634.350 847.240 -0.088
-633.002 845.762 -0.088
-631.654 844.283 -0.087
-630.304 842.807 -0.087
-628.954 841.331 -0.087
-627.535 839.781 -0.086
-626.252 838.378 -0.086
-624.902 836.902 -0.086
-623.551 835.426 -0.085
-622.200 833.951 -0.085
-620.848 832.475 -0.085
-619.565 831.074 -0.084
-618.149 829.523 -0.084
-616.798 828.046 -0.084
-615.447 826.571 -0.083
-614.094 825.097 -0.083
-612.743 823.621 -0.083
-611.390 822.147 -0.082
-610.041 820.670 -0.082
-608.691 819.193 -0.082
-607.342 817.716 -0.081
-605.991 816.240 -0.081
-604.640 814.764 -0.081
-603.287 813.290 -0.081
-601.935 811.815 -0.080
-600.583 810.340 -0.080
-599.233 808.864 -0.080
-597.883 807.387 -0.079
-596.532 805.912 -0.079
-595.179 804.437 -0.079
-593.829 802.961 -0.078
-592.477 801.486 -0.078
-591.126 800.011 -0.078
-589.773 798.536 -0.077
-588.421 797.062 -0.077
-587.068 795.588 -0.077
-585.717 794.112 -0.076
-584.366 792.636 -0.076
-583.017 791.160 -0.076
-581.667 789.683 -0.076
-580.316 788.207 -0.075
-578.966 786.731 -0.075
-577.615 785.254 -0.075
-576.265 783.778 -0.074
-574.913 782.302 -0.074
-573.562 780.828 -0.074
-572.209 779.354 -0.073
-570.856 777.879 -0.073
-569.504 776.405 -0.073
-568.154 774.928 -0.073
-566.804 773.451 -0.072
-565.454 771.975 -0.072
-564.104 770.499 -0.072
-562.684 768.950 -0.071
-561.397 767.551 -0.071
-560.042 766.080 -0.071
-558.686 764.607 -0.070
-557.331 763.136 -0.070
-555.976 761.664 -0.070
-554.621 760.192 -0.070
-553.267 758.720 -0.069
-551.917 757.243 -0.069
-550.568 755.765 -0.069
-549.218 754.288 -0.068
-547.869 752.811 -0.068
-546.519 751.334 -0.068
-545.168 749.859 -0.067
-543.816 748.383 -0.067
-542.465 746.909 -0.067
-541.112 745.434 -0.067
-539.761 743.959 -0.066
-538.409 742.484 -0.066
-537.059 741.008 -0.066
-535.709 739.530 -0.065
-534.427 738.128 -0.065
-533.008 736.578 -0.065
-531.655 735.104 -0.065
-530.301 733.631 -0.064
-528.947 732.159 -0.064
-527.592 730.685 -0.064
-526.239 729.213 -0.064
-524.884 727.740 -0.063
-523.530 726.267 -0.063
-522.176 724.795 -0.063
-520.823 723.321 -0.062
-519.475 721.842 -0.062
-518.126 720.365 -0.062
-516.778 718.886 -0.062
-515.429 717.409 -0.061
-514.081 715.931 -0.061
-512.733 714.451 -0.061
-511.386 712.973 -0.060
-510.028 711.503 -0.060
-508.672 710.032 -0.060
-507.315 708.562 -0.060
-505.959 707.092 -0.059
-504.609 705.613 -0.059
-503.261 704.136 -0.059
-501.912 702.658 -0.059
-500.564 701.180 -0.058
-499.214 699.703 -0.058
-497.860 698.230 -0.058
-496.506 696.757 -0.057
-495.152 695.284 -0.057
-493.800 693.809 -0.057
-492.448 692.335 -0.057
-491.096 690.861 -0.056
-489.744 689.384 -0.056
-488.395 687.908 -0.056
-487.045 686.431 -0.056
-485.763 685.028 -0.055
-484.346 683.477 -0.055
-482.997 682.000 -0.055
-481.647 680.522 -0.055
-480.298 679.046 -0.054
-478.948 677.569 -0.054
-477.598 676.092 -0.054
-476.248 674.615 -0.054
-474.898 673.138 -0.053
-473.546 671.663 -0.053
-472.195 670.188 -0.053
-470.844 668.712 -0.053
-469.493 667.237 -0.052
-468.140 665.762 -0.052
-466.789 664.287 -0.052
-465.437 662.812 -0.052
-464.086 661.337 -0.051
-462.734 659.861 -0.051
-461.383 658.386 -0.051
-460.031 656.912 -0.051
-458.611 655.363 -0.050
-457.328 653.960 -0.050
-455.978 652.484 -0.050
-454.628 651.007 -0.050
-453.282 649.528 -0.049
-451.935 648.047 -0.049
-450.654 646.644 -0.049
-449.238 645.092 -0.049
-447.889 643.615 -0.048
-446.539 642.138 -0.048
-445.189 640.662 -0.048
-443.906 639.259 -0.048
-442.489 637.708 -0.047
-441.140 636.230 -0.047
-439.789 634.754 -0.047
-438.440 633.278 -0.047
-437.089 631.801 -0.046
-435.739 630.325 -0.046
-434.388 628.849 -0.046
-433.038 627.373 -0.046
-431.687 625.897 -0.045
-430.335 624.423 -0.045
-428.982 622.948 -0.045
-427.630 621.474 -0.045
-426.277 619.999 -0.044
-424.925 618.525 -0.044
-423.572 617.051 -0.044
-422.220 615.576 -0.044
-420.867 614.102 -0.044
-419.515 612.628 -0.043
-418.163 611.152 -0.043
-416.815 609.674 -0.043
-415.467 608.195 -0.043
-414.187 606.791 -0.042
-412.772 605.238 -0.042
-411.424 603.760 -0.042
-410.075 602.281 -0.042
-408.723 600.807 -0.041
-407.370 599.333 -0.041
-406.018 597.858 -0.041
-404.666 596.384 -0.041
-403.313 594.910 -0.041
-401.962 593.435 -0.040
-400.610 591.959 -0.040
-399.260 590.483 -0.040
-397.908 589.008 -0.040
-396.557 587.532 -0.039
-395.206 586.056 -0.039
-393.855 584.581 -0.039
-392.501 583.108 -0.039
-391.149 581.633 -0.039
-389.796 580.159 -0.038
-388.443 578.685 -0.038
-387.090 577.211 -0.038
-385.804 575.812 -0.038
-384.384 574.264 -0.038
-382.962 572.717 -0.037
-381.676 571.317 -0.037
-380.323 569.844 -0.037
-378.969 568.370 -0.037
-377.617 566.896 -0.036
-376.267 565.421 -0.036
-374.915 563.944 -0.036
-373.565 562.469 -0.036
-372.211 560.995 -0.036
-370.788 559.450 -0.035
-369.501 558.051 -0.035
-368.146 556.580 -0.035
-366.790 555.108 -0.035
-365.442 553.630 -0.035
-364.094 552.150 -0.034
-362.813 550.747 -0.034
-361.388 549.203 -0.034
-359.963 547.660 -0.034
-358.674 546.263 -0.034
-357.320 544.791 -0.033
-355.969 543.314 -0.033
-354.618 541.839 -0.033
-353.266 540.365 -0.033
-351.912 538.891 -0.033
-350.626 537.492 -0.032
-349.212 535.938 -0.032
-347.865 534.459 -0.032
-346.515 532.982 -0.032
-345.152 531.517 -0.032
-343.788 530.052 -0.031
-342.506 528.651 -0.031
-341.094 527.095 -0.031
-339.748 525.614 -0.031
-338.400 524.136 -0.031
-337.051 522.658 -0.030
-335.629 521.113 -0.030
-334.338 519.717 -0.030
-332.979 518.249 -0.030
-331.630 516.771 -0.030
-330.280 515.294 -0.029
-328.998 513.891 -0.029
-327.584 512.337 -0.029
-326.237 510.859 -0.029
-324.888 509.380 -0.029
-323.539 507.904 -0.028
-322.188 506.428 -0.028
-320.838 504.951 -0.028
-319.488 503.475 -0.028
-318.137 501.999 -0.028
-316.786 500.523 -0.028
-315.432 499.050 -0.027
-314.078 497.577 -0.027
-312.724 496.104 -0.027
-311.375 494.627 -0.027
-310.024 493.150 -0.027
-308.675 491.674 -0.026
-307.325 490.197 -0.026
-305.974 488.721 -0.026
-304.622 487.246 -0.026
-303.271 485.771 -0.026
-301.919 484.296 -0.026
-300.567 482.821 -0.025
-299.214 481.347 -0.025
-297.862 479.872 -0.025
-296.510 478.398 -0.025
-295.158 476.923 -0.025
-293.804 475.449 -0.025
-292.458 473.970 -0.024
-291.111 472.489 -0.024
-289.832 471.084 -0.024
-288.416 469.532 -0.024
-287.065 468.056 -0.024
-285.713 466.581 -0.024
-284.361 465.108 -0.023
-283.005 463.636 -0.023
-281.648 462.166 -0.023
-280.294 460.694 -0.023
-278.947 459.213 -0.023
-277.667 457.809 -0.023
-276.250 456.258 -0.022
-274.895 454.785 -0.022
-273.540 453.314 -0.022
-272.258 451.910 -0.022
-270.842 450.358 -0.022
-269.494 448.880 -0.022
-268.142 447.405 -0.021
-266.857 446.005 -0.021
-265.437 444.456 -0.021
-264.085 442.981 -0.021
-262.733 441.506 -0.021
-261.381 440.032 -0.021
-260.029 438.557 -0.020
-258.746 437.155 -0.020
-257.331 435.603 -0.020
-256.049 434.199 -0.020
-254.631 432.649 -0.020
-253.211 431.100 -0.020
-251.927 429.698 -0.019
-250.575 428.225 -0.019
-249.222 426.751 -0.019
-247.868 425.277 -0.019
-246.518 423.801 -0.019
-245.167 422.325 -0.019
-243.816 420.850 -0.019
-242.463 419.376 -0.018
-241.042 417.828 -0.018
-239.759 416.426 -0.018
-238.410 414.949 -0.018
-237.059 413.472 -0.018
-235.707 411.998 -0.018
-234.354 410.525 -0.018
-233.003 409.049 -0.017
-231.650 407.574 -0.017
-230.299 406.100 -0.017
-228.946 404.625 -0.017
-227.595 403.150 -0.017
-226.244 401.673 -0.017
-224.895 400.197 -0.017
-223.544 398.721 -0.016
-222.260 397.319 -0.016
-220.842 395.769 -0.016
-219.491 394.293 -0.016
-218.140 392.817 -0.016
-216.857 391.416 -0.016
-215.439 389.866 -0.016
-214.088 388.390 -0.015
-212.736 386.915 -0.015
-211.383 385.441 -0.015
-210.031 383.966 -0.015
-208.678 382.492 -0.015
-207.327 381.018 -0.015
-205.975 379.541 -0.015
-204.624 378.067 -0.015
-203.273 376.590 -0.014
-201.924 375.113 -0.014
-200.573 373.637 -0.014
-199.224 372.160 -0.014
-197.872 370.685 -0.014
-196.519 369.211 -0.014
-195.166 367.737 -0.014
-193.813 366.264 -0.013
-192.458 364.791 -0.013
-191.104 363.318 -0.013
-189.749 361.845 -0.013
-188.398 360.371 -0.013
-187.045 358.897 -0.013
-185.696 357.419 -0.013
-184.348 355.941 -0.013
-182.999 354.463 -0.013
-181.648 352.988 -0.012
-180.295 351.513 -0.012
-178.943 350.039 -0.012
-177.590 348.565 -0.012
-176.170 347.016 -0.012
-174.886 345.615 -0.012
-173.534 344.141 -0.012
-172.181 342.666 -0.012
-170.830 341.191 -0.011
-169.478 339.717 -0.011
-168.126 338.241 -0.011
-166.774 336.767 -0.011
-165.423 335.291 -0.011
-164.072 333.814 -0.011
-162.723 332.338 -0.011
-161.372 330.862 -0.011
-160.022 329.386 -0.011
-158.671 327.910 -0.010
-157.388 326.507 -0.010
-155.970 324.956 -0.010
-154.620 323.481 -0.010
-153.269 322.004 -0.010
-151.918 320.529 -0.010
-150.567 319.055 -0.010
-149.215 317.579 -0.010
-147.863 316.104 -0.010
-146.511 314.630 -0.009
-145.160 313.154 -0.009
-143.807 311.679 -0.009
-142.456 310.205 -0.009
-141.104 308.729 -0.009
-139.754 307.253 -0.009
-138.402 305.777 -0.009
-137.051 304.302 -0.009
-135.700 302.827 -0.009
-134.349 301.350 -0.009
-132.999 299.874 -0.008
-131.649 298.397 -0.008
-130.299 296.920 -0.008
-128.949 295.444 -0.008
-127.598 293.968 -0.008
-126.249 292.491 -0.008
-124.898 291.015 -0.008
-123.549 289.539 -0.008
-122.198 288.061 -0.008
-120.848 286.585 -0.008
-119.498 285.108 -0.008
-118.148 283.632 -0.007
-116.794 282.159 -0.007
-115.439 280.686 -0.007
-114.085 279.214 -0.007
-112.733 277.740 -0.007
-111.383 276.263 -0.007
-110.032 274.787 -0.007
-108.683 273.310 -0.007
-107.333 271.833 -0.007
-105.983 270.357 -0.007
-104.632 268.881 -0.007
-103.281 267.405 -0.006
-101.929 265.930 -0.006
-100.578 264.454 -0.006
-99.225 262.980 -0.006
-97.872 261.507 -0.006
-96.519 260.032 -0.006
-95.166 258.559 -0.006
-93.812 257.086 -0.006
-92.459 255.611 -0.006
-91.105 254.138 -0.006
-89.752 252.665 -0.006
-88.399 251.191 -0.006
-87.046 249.717 -0.005
-85.693 248.244 -0.005
-84.339 246.770 -0.005
-82.987 245.296 -0.005
-81.636 243.820 -0.005
-80.358 242.413 -0.005
-78.945 240.858 -0.005
-77.594 239.384 -0.005
-76.241 237.909 -0.005
-74.889 236.435 -0.005
-73.536 234.960 -0.005
-72.183 233.486 -0.005
-70.831 232.012 -0.005
-69.479 230.537 -0.005
-68.126 229.062 -0.004
-66.775 227.588 -0.004
-65.423 226.112 -0.004
-64.072 224.637 -0.004
-62.721 223.161 -0.004
-61.373 221.683 -0.004
-60.023 220.205 -0.004
-58.675 218.728 -0.004
-57.324 217.251 -0.004
-55.973 215.776 -0.004
-54.621 214.301 -0.004
-53.270 212.826 -0.004
-51.918 211.351 -0.004
-50.566 209.875 -0.004
-49.215 208.400 -0.004
-47.865 206.924 -0.004
-46.516 205.446 -0.003
-45.165 203.971 -0.003
-43.814 202.496 -0.003
-42.461 201.020 -0.003
-41.110 199.546 -0.003
-39.757 198.071 -0.003
-38.335 196.525 -0.003
-37.049 195.125 -0.003
-35.695 193.653 -0.003
-34.340 192.180 -0.003
-33.057 190.779 -0.003
-31.641 189.226 -0.003
-30.360 187.822 -0.003
-28.944 186.270 -0.003
-27.595 184.793 -0.003
-26.240 183.320 -0.003
-24.887 181.848 -0.003
-23.532 180.374 -0.003
-22.177 178.902 -0.003
-20.825 177.428 -0.003
-19.475 175.951 -0.002
-18.126 174.474 -0.002
-16.776 172.997 -0.002
-15.423 171.523 -0.002
-14.068 170.051 -0.002
-12.714 168.579 -0.002
-11.358 167.107 -0.002
-10.009 165.630 -0.002
-8.660 164.152 -0.002
-7.312 162.674 -0.002
-5.962 161.197 -0.002
-4.544 159.647 -0.002
-3.260 158.246 -0.002
-1.908 156.771 -0.002
-0.555 155.296 -0.002
0.797 153.822 -0.002
2.148 152.347 -0.002
3.432 150.945 -0.002
4.850 149.395 -0.002
6.201 147.920 -0.002
7.557 146.448 -0.002
8.913 144.978 -0.002
10.270 143.508 -0.002
11.628 142.037 -0.002
12.913 140.638 -0.002
14.323 139.080 -0.002
15.599 137.672 -0.002
17.010 136.115 -0.001
18.286 134.707 -0.001
19.704 133.156 -0.001
21.056 131.682 -0.001
22.409 130.207 -0.001
23.761 128.733 -0.001
25.114 127.259 -0.001
26.467 125.785 -0.001
27.820 124.311 -0.001
29.173 122.838 -0.001
30.527 121.364 -0.001
31.803 119.955 -0.001
33.209 118.394 -0.001
34.627 116.859 -0.001
36.004 115.408 -0.001
37.292 114.011 -0.001
38.576 112.610 -0.001
39.992 111.057 -0.001
41.339 109.578 -0.001
42.685 108.098 -0.001
44.032 106.619 -0.001
45.382 105.142 -0.001
46.732 103.666 -0.001
48.083 102.190 -0.001
49.435 100.715 -0.001
50.789 99.242 -0.001
52.143 97.769 -0.001
53.565 96.223 -0.001
54.851 94.823 -0.001
56.200 93.345 -0.001
57.546 91.866 -0.001
58.893 90.386 -0.001
60.173 88.980 -0.001
61.587 87.427 -0.001
62.933 85.948 -0.001
64.281 84.468 -0.001
65.632 82.993 -0.001
66.985 81.518 -0.001
68.405 79.971 -0.001
69.690 78.570 -0.001
71.042 77.095 -0.001
72.391 75.618 -0.001
73.739 74.140 -0.001
75.088 72.661 -0.001
76.437 71.184 -0.001
77.787 69.708 -0.001
79.070 68.305 -0.001
80.488 66.755 -0.001
81.838 65.280 -0.001
83.190 63.803 -0.001
84.544 62.331 -0.001
85.968 60.786 -0.001
87.256 59.388 -0.001
88.611 57.917 -0.001
89.968 56.447 -0.001
91.324 54.975 -0.001
92.672 53.497 -0.001
94.019 52.017 -0.001
95.366 50.538 -0.001
96.713 49.059 -0.001
98.061 47.580 -0.001
99.411 46.104 -0.001
100.762 44.629 -0.001
102.113 43.152 -0.001
103.464 41.677 -0.001
104.815 40.200 -0.001
106.166 38.725 -0.001
107.517 37.249 -0.001
108.868 35.773 -0.001
110.218 34.298 -0.001
111.569 32.822 -0.001
112.918 31.344 -0.001
114.268 29.867 -0.001
115.617 28.390 -0.001
116.967 26.913 -0.001
118.316 25.436 -0.001
119.666 23.958 -0.001
121.015 22.482 -0.001
122.366 21.005 -0.001
123.648 19.602 -0.001
125.062 18.050 -0.001
126.411 16.572 -0.001
127.759 15.093 -0.001
129.108 13.616 -0.001
130.456 12.138 -0.001
131.805 10.659 -0.001
133.153 9.181 -0.001
134.503 7.704 -0.001
135.854 6.229 -0.001
137.207 4.755 -0.001
138.626 3.206 -0.002
139.911 1.805 -0.002
141.262 0.330 -0.002
142.614 -1.145 -0.002
143.899 -2.545 -0.002
145.323 -4.090 -0.002
146.612 -5.488 -0.002
148.022 -7.045 -0.002
149.297 -8.454 -0.002
150.634 -9.942 -0.002
151.957 -11.443 -0.002
153.281 -12.943 -0.002
154.523 -14.381 -0.002
155.822 -15.904 -0.002
157.120 -17.426 -0.002
158.419 -18.948 -0.002
159.717 -20.471 -0.002
161.005 -22.002 -0.002
162.228 -23.456 -0.002
163.495 -25.005 -0.002
164.758 -26.556 -0.002
165.939 -28.046 -0.002
167.178 -29.616 -0.002
168.401 -31.200 -0.002
169.556 -32.710 -0.002
170.754 -34.312 -0.002
171.889 -35.836 -0.002
172.997 -37.381 -0.002
174.101 -38.928 -0.002
175.228 -40.581 -0.003
176.412 -42.316 -0.003
177.483 -43.887 -0.003
178.514 -45.483 -0.003
179.587 -47.172 -0.003
180.660 -48.861 -0.003
181.597 -50.398 -0.003
182.624 -52.115 -0.003
183.638 -53.840 -0.003
184.514 -55.413 -0.003
185.477 -57.167 -0.003
186.361 -58.849 -0.003
187.286 -60.623 -0.003
188.110 -62.224 -0.003
188.964 -64.033 -0.003
189.819 -65.843 -0.003
190.622 -67.564 -0.003
191.431 -69.394 -0.003
192.167 -71.147 -0.003
192.807 -72.722 -0.003
193.553 -74.686 -0.003
194.265 -76.556 -0.003
194.859 -78.256 -0.003
195.430 -79.963 -0.003
196.023 -81.874 -0.004
196.533 -83.601 -0.004
197.050 -85.533 -0.004
197.508 -87.378 -0.004
197.958 -89.327 -0.004
198.409 -91.276 -0.004
198.768 -93.041 -0.004
199.116 -94.909 -0.004
199.417 -96.786 -0.004
199.681 -98.466 -0.004
199.921 -100.553 -0.004
200.152 -102.440 -0.004
200.303 -104.334 -0.004
200.410 -106.132 -0.004
200.477 -108.031 -0.004
200.536 -110.131 -0.004
200.531 -111.931 -0.004
200.500 -113.732 -0.004
200.431 -115.631 -0.004
200.334 -117.630 -0.004
200.167 -119.322 -0.004
199.967 -121.312 -0.004
199.742 -123.098 -0.004
199.448 -125.078 -0.004
199.159 -126.855 -0.004
198.794 -128.822 -0.004
198.451 -130.487 -0.004
197.996 -132.436 -0.004
197.541 -134.281 -0.004
197.033 -136.113 -0.004
196.520 -137.839 -0.005
195.908 -139.743 -0.005
195.318 -141.444 -0.005
194.633 -143.324 -0.005
194.005 -144.904 -0.005
193.234 -146.750 -0.005
192.523 -148.405 -0.005
191.674 -150.216 -0.005
190.834 -151.920 -0.005
190.018 -153.526 -0.005
189.113 -155.197 -0.005
188.160 -156.842 -0.005
187.196 -158.479 -0.005
186.134 -160.175 -0.005
185.153 -161.685 -0.005
184.081 -163.255 -0.005
183.029 -164.715 -0.005
181.884 -166.232 -0.005
180.608 -167.902 -0.005
179.538 -169.223 -0.005
178.300 -170.665 -0.005
177.110 -172.017 -0.005
175.819 -173.411 -0.005
174.490 -174.770 -0.005
173.220 -176.047 -0.005
171.762 -177.416 -0.005
170.351 -178.690 -0.005
168.859 -180.023 -0.005
167.566 -181.127 -0.005
165.995 -182.366 -0.005
164.424 -183.605 -0.005
163.049 -184.606 -0.005
161.497 -185.703 -0.005
159.924 -186.770 -0.005
158.330 -187.804 -0.005
156.798 -188.750 -0.005
155.166 -189.725 -0.005
153.413 -190.690 -0.005
151.828 -191.543 -0.005
150.223 -192.359 -0.005
148.423 -193.233 -0.005
146.693 -194.020 -0.005
144.949 -194.774 -0.005
143.284 -195.460 -0.005
141.413 -196.169 -0.005
139.635 -196.841 -0.005
138.021 -197.376 -0.005
136.208 -197.945 -0.005
134.289 -198.512 -0.005
132.553 -198.988 -0.004
130.707 -199.440 -0.004
128.754 -199.873 -0.004
126.988 -200.229 -0.004
125.021 -200.592 -0.004
123.340 -200.846 -0.004
121.260 -201.141 -0.004
119.571 -201.342 -0.004
117.681 -201.532 -0.004
115.885 -201.664 -0.004
113.788 -201.781 -0.004
112.088 -201.853 -0.004
110.088 -201.865 -0.004
108.187 -201.876 -0.004
106.388 -201.811 -0.004
104.589 -201.739 -0.004
102.593 -201.589 -0.004
100.799 -201.448 -0.004
98.911 -201.219 -0.004
97.025 -200.985 -0.004
95.050 -200.673 -0.004
93.073 -200.360 -0.004
91.404 -200.032 -0.004
89.641 -199.671 -0.004
87.791 -199.234 -0.004
85.857 -198.721 -0.004
84.027 -198.207 -0.004
82.303 -197.690 -0.004
80.404 -197.058 -0.004
78.803 -196.485 -0.004
77.028 -195.806 -0.003
75.266 -195.094 -0.003
73.422 -194.319 -0.003
71.782 -193.577 -0.003
70.061 -192.769 -0.003
68.364 -191.912 -0.003
66.683 -191.027 -0.003
65.106 -190.157 -0.003
63.383 -189.141 -0.003
61.849 -188.198 -0.003
60.158 -187.128 -0.003
58.744 -186.184 -0.003
57.102 -185.041 -0.003
55.649 -183.978 -0.003
53.968 -182.718 -0.003
52.638 -181.658 -0.003
51.093 -180.387 -0.003
49.729 -179.212 -0.003
48.377 -178.023 -0.003
46.937 -176.634 -0.003
45.570 -175.314 -0.003
44.326 -174.012 -0.003
42.956 -172.554 -0.002
41.799 -171.308 -0.002
40.499 -169.787 -0.002
39.347 -168.404 -0.002
38.111 -166.830 -0.002
37.012 -165.404 -0.002
35.825 -163.794 -0.002
34.735 -162.236 -0.002
33.672 -160.661 -0.002
32.678 -159.160 -0.002
31.620 -157.461 -0.002
30.670 -155.932 -0.002
29.687 -154.189 -0.002
28.814 -152.615 -0.002
27.884 -150.843 -0.002
27.013 -149.154 -0.002
26.129 -147.358 -0.002
25.369 -145.726 -0.002
24.586 -143.994 -0.002
23.797 -142.156 -0.002
23.108 -140.493 -0.002
22.381 -138.629 -0.002
21.737 -136.948 -0.002
21.067 -135.062 -0.001
20.469 -133.363 -0.001
19.854 -131.459 -0.001
19.279 -129.648 -0.001
18.714 -127.729 -0.001
18.179 -125.905 -0.001
17.679 -123.968 -0.001
17.180 -122.031 -0.001
16.737 -120.285 -0.001
16.272 -118.339 -0.001
15.825 -116.389 -0.001
15.416 -114.533 -0.001
15.044 -112.669 -0.001
14.662 -110.705 -0.001
14.314 -108.735 -0.001
14.019 -106.958 -0.001
13.710 -104.981 -0.001
13.412 -103.004 -0.001
13.146 -101.121 -0.001
12.882 -99.138 -0.001
12.641 -97.152 -0.001
12.436 -95.364 -0.001
12.224 -93.374 -0.001
12.002 -91.285 -0.001
11.834 -89.492 -0.001
11.665 -87.498 -0.001
11.496 -85.505 -0.001
11.347 -83.510 -0.001
11.226 -81.613 -0.001
11.101 -79.617 -0.001
10.992 -77.619 -0.000
10.889 -75.720 -0.000
10.799 -73.722 -0.000
10.704 -71.623 -0.000
10.633 -69.724 -0.000
10.568 -67.824 -0.000
10.506 -65.825 -0.000
10.453 -63.825 -0.000
10.400 -61.825 -0.000
10.355 -59.925 -0.000
10.307 -57.824 -0.000
10.260 -55.824 -0.000
10.221 -53.824 -0.000
10.184 -51.824 -0.000
10.147 -49.823 -0.000
10.112 -47.923 -0.000
10.074 -45.822 -0.000
10.036 -43.821 -0.000
10.001 -41.821 -0.000
9.966 -39.821 -0.000
9.933 -37.921 -0.000
9.892 -35.820 -0.000
9.855 -33.920 -0.000
9.815 -31.819 -0.000
9.779 -29.819 -0.000
9.741 -27.819 -0.000
9.704 -25.919 -0.000
9.665 -23.818 -0.000
9.631 -21.917 -0.000
9.594 -19.817 -0.000
9.561 -17.816 -0.000
9.528 -15.816 -0.000
9.497 -13.915 -0.000
9.457 -11.816 -0.000
9.418 -9.915 -0.000
9.374 -7.815 -0.000
9.329 -5.814 -0.000
9.293 -3.815 -0.000
9.269 -1.914 -0.000
