3.949 3.611 3.595
3.945 3.618 3.590
3.941 3.625 3.583
3.933 3.631 3.577
3.929 3.631 3.572
3.921 3.631 3.567
3.931 3.630 3.561
3.945 3.630 3.553
3.954 3.626 3.552
3.956 3.624 3.554
3.957 3.623 3.559
3.957 3.621 3.561
3.961 3.621 3.551
3.968 3.622 3.539
3.963 3.621 3.531
3.959 3.622 3.533
3.960 3.621 3.536
3.961 3.621 3.518
3.961 3.620 3.513
3.961 3.621 3.513
3.964 3.621 3.509
3.971 3.599 3.525
3.981 3.578 3.535
3.976 3.581 3.542
3.975 3.584 3.546
3.979 3.567 3.560
3.970 3.559 3.567
3.954 3.546 3.592
3.973 3.522 3.595
3.984 3.524 3.592
3.969 3.543 3.585
3.932 3.569 3.603
3.932 3.594 3.620
3.937 3.621 3.600
3.930 3.625 3.584
3.927 3.634 3.561
3.915 3.645 3.567
3.922 3.656 3.574
3.929 3.651 3.585
3.933 3.611 3.610
3.921 3.615 3.630
3.919 3.628 3.632
3.925 3.638 3.634
3.936 3.627 3.633
3.945 3.601 3.655
3.942 3.596 3.656
3.953 3.591 3.657
3.961 3.584 3.653
3.956 3.585 3.667
3.960 3.585 3.670
3.990 3.585 3.656
3.985 3.608 3.656
3.965 3.643 3.645
3.944 3.665 3.664
3.952 3.678 3.636
3.942 3.682 3.645
3.938 3.687 3.640
3.936 3.684 3.652
3.949 3.658 3.664
3.958 3.635 3.655
3.966 3.614 3.652
3.990 3.601 3.638
3.987 3.594 3.655
4.016 3.586 3.645
4.018 3.568 3.654
4.013 3.568 3.637
4.034 3.564 3.650
4.060 3.554 3.648
4.037 3.555 3.654
4.049 3.552 3.629
4.030 3.578 3.618
4.001 3.614 3.614
3.978 3.647 3.594
3.959 3.667 3.583
3.956 3.691 3.561
3.948 3.692 3.566
3.962 3.691 3.542
3.958 3.682 3.557
3.973 3.673 3.577
3.986 3.651 3.573
4.011 3.624 3.570
4.007 3.621 3.590
4.000 3.618 3.587
3.986 3.621 3.569
3.997 3.623 3.548
4.003 3.620 3.532
3.990 3.605 3.549
3.969 3.604 3.574
3.957 3.607 3.565
3.940 3.604 3.556
3.947 3.582 3.582
3.953 3.572 3.590
3.958 3.573 3.588
3.964 3.575 3.593
3.955 3.573 3.613
3.966 3.572 3.631
3.962 3.566 3.630
3.976 3.560 3.629
3.961 3.569 3.632
3.980 3.575 3.631
3.967 3.585 3.636
3.969 3.597 3.626
3.977 3.595 3.631
3.994 3.581 3.648
3.987 3.575 3.646
3.982 3.567 3.645
3.977 3.567 3.646
3.951 3.571 3.625
3.959 3.581 3.598
3.962 3.599 3.582
3.971 3.613 3.572
3.979 3.596 3.585
3.987 3.582 3.586
3.970 3.590 3.589
3.954 3.597 3.592
3.960 3.597 3.597
3.972 3.598 3.601
3.984 3.596 3.609
3.992 3.591 3.616
3.996 3.591 3.606
4.000 3.595 3.594
4.000 3.603 3.583
3.992 3.616 3.573
3.989 3.627 3.566
3.993 3.626 3.565
3.997 3.625 3.564
3.998 3.623 3.562
4.001 3.624 3.559
4.002 3.627 3.554
4.004 3.625 3.551
4.005 3.627 3.549
4.006 3.630 3.548
4.010 3.630 3.551
4.015 3.629 3.552
4.018 3.627 3.550
4.024 3.624 3.546
4.029 3.617 3.544
4.036 3.610 3.543
4.038 3.610 3.543
4.035 3.610 3.543
4.029 3.615 3.541
4.026 3.622 3.538
4.024 3.625 3.538
4.023 3.626 3.536
4.021 3.623 3.537
4.018 3.616 3.545
4.013 3.612 3.548
4.008 3.607 3.555
4.011 3.604 3.558
4.014 3.603 3.558
4.020 3.601 3.563
4.023 3.597 3.565
4.026 3.594 3.568
4.024 3.591 3.569
4.024 3.588 3.573
4.021 3.587 3.575
4.015 3.590 3.575
4.011 3.596 3.570
4.006 3.602 3.567
4.002 3.608 3.562
3.997 3.612 3.561
3.997 3.613 3.560
3.993 3.616 3.563
3.990 3.617 3.561
3.986 3.621 3.560
3.981 3.622 3.561
3.976 3.621 3.563
3.977 3.615 3.566
3.978 3.611 3.569
3.982 3.605 3.569
3.984 3.600 3.570
3.987 3.593 3.574
3.991 3.591 3.575
3.996 3.591 3.572
4.000 3.593 3.568
4.002 3.600 3.564
4.001 3.605 3.562
4.001 3.603 3.563
4.002 3.602 3.564
3.997 3.607 3.568
3.992 3.610 3.569
3.980 3.616 3.570
3.968 3.624 3.568
3.965 3.620 3.568
3.964 3.617 3.565
3.967 3.617 3.563
3.969 3.614 3.561
3.968 3.617 3.560
3.967 3.618 3.558
3.970 3.619 3.558
3.972 3.615 3.560
3.973 3.617 3.562
3.975 3.616 3.561
3.973 3.617 3.562
3.973 3.617 3.563
3.975 3.616 3.563
3.980 3.613 3.564
3.982 3.609 3.563
3.984 3.606 3.564
3.987 3.603 3.563
3.987 3.603 3.563
3.990 3.598 3.563
3.995 3.596 3.563
3.998 3.592 3.564
4.001 3.590 3.566
4.000 3.588 3.566
4.001 3.583 3.569
3.996 3.581 3.570
3.987 3.586 3.572
3.979 3.591 3.572
3.972 3.598 3.574
3.967 3.599 3.574
3.966 3.600 3.574
3.963 3.599 3.575
3.961 3.603 3.568
3.955 3.609 3.565
3.948 3.617 3.558
3.945 3.622 3.556
3.944 3.622 3.558
3.945 3.624 3.556
3.947 3.622 3.556
3.950 3.622 3.556
3.953 3.621 3.556
3.958 3.620 3.555
3.966 3.614 3.553
3.975 3.608 3.554
3.981 3.601 3.553
3.988 3.593 3.552
3.986 3.596 3.552
3.982 3.599 3.552
3.975 3.604 3.553
3.971 3.605 3.552
3.967 3.606 3.551
3.960 3.610 3.551
3.960 3.611 3.550
3.962 3.616 3.547
3.963 3.617 3.546
3.968 3.619 3.544
3.970 3.617 3.546
3.970 3.617 3.549
3.974 3.614 3.550
3.975 3.613 3.551
3.978 3.610 3.554
3.980 3.611 3.552
3.985 3.613 3.550
3.990 3.613 3.547
3.994 3.613 3.545
3.996 3.611 3.547
4.000 3.606 3.547
3.999 3.605 3.548
3.999 3.605 3.550
4.002 3.601 3.553
4.004 3.598 3.557
4.004 3.598 3.560
4.004 3.596 3.564
4.002 3.599 3.561
3.998 3.601 3.561
3.997 3.603 3.558
3.997 3.604 3.558
3.994 3.603 3.558
3.996 3.602 3.557
3.996 3.598 3.558
3.998 3.593 3.559
4.004 3.588 3.559
4.005 3.587 3.557
4.007 3.586 3.555
4.004 3.589 3.555
4.004 3.591 3.553
4.006 3.596 3.550
4.007 3.598 3.548
4.006 3.602 3.548
4.009 3.603 3.544
4.010 3.607 3.539
4.011 3.610 3.537
4.015 3.611 3.535
4.014 3.612 3.533
4.011 3.608 3.536
4.006 3.605 3.538
4.004 3.598 3.543
4.003 3.593 3.543
4.006 3.591 3.541
4.012 3.589 3.541
4.011 3.593 3.538
4.010 3.600 3.535
4.010 3.599 3.539
4.009 3.599 3.542
4.008 3.597 3.546
4.008 3.597 3.548
4.003 3.598 3.547
3.995 3.606 3.543
3.989 3.608 3.538
3.985 3.613 3.533
3.986 3.610 3.531
3.988 3.608 3.534
3.994 3.600 3.538
3.997 3.594 3.542
4.003 3.589 3.542
4.006 3.589 3.540
4.008 3.586 3.539
4.004 3.593 3.538
4.002 3.598 3.537
3.996 3.600 3.541
3.994 3.601 3.541
3.992 3.601 3.543
3.990 3.601 3.545
3.984 3.604 3.544
3.983 3.608 3.543
3.979 3.609 3.542
3.975 3.611 3.542
3.973 3.612 3.541
3.972 3.613 3.541
3.973 3.613 3.541
3.974 3.613 3.539
3.976 3.609 3.539
3.980 3.606 3.539
3.979 3.604 3.541
3.978 3.608 3.542
3.977 3.610 3.543
3.979 3.614 3.544
3.987 3.613 3.541
3.995 3.613 3.540
3.997 3.609 3.541
3.999 3.608 3.539
3.997 3.606 3.538
3.990 3.611 3.538
3.986 3.615 3.538
3.980 3.615 3.544
3.976 3.613 3.549
3.977 3.610 3.556
3.976 3.605 3.559
3.978 3.610 3.555
3.983 3.614 3.553
3.990 3.614 3.548
3.996 3.615 3.546
3.995 3.611 3.547
3.991 3.604 3.550
3.988 3.599 3.553
3.984 3.593 3.556
3.990 3.588 3.557
3.999 3.583 3.559
4.004 3.577 3.563
4.008 3.574 3.565
4.012 3.574 3.566
4.013 3.575 3.563
4.015 3.577 3.561
4.012 3.585 3.559
4.007 3.590 3.558
4.001 3.596 3.556
3.995 3.602 3.556
3.990 3.607 3.555
3.985 3.611 3.556
3.977 3.618 3.553
3.972 3.622 3.552
3.970 3.625 3.550
3.970 3.627 3.551
3.970 3.625 3.551
3.972 3.620 3.555
3.975 3.616 3.559
3.979 3.611 3.561
3.981 3.610 3.559
3.985 3.611 3.555
3.985 3.613 3.552
3.983 3.622 3.546
3.980 3.624 3.545
3.974 3.627 3.546
3.975 3.626 3.548
3.973 3.625 3.548
3.973 3.621 3.549
3.970 3.618 3.550
3.970 3.611 3.554
3.966 3.608 3.556
3.968 3.603 3.559
3.972 3.600 3.558
3.978 3.598 3.558
3.980 3.600 3.558
3.982 3.601 3.555
3.981 3.603 3.557
3.982 3.603 3.557
3.982 3.603 3.557
3.985 3.600 3.559
3.985 3.602 3.558
3.987 3.601 3.558
3.987 3.601 3.556
3.987 3.602 3.557
3.987 3.603 3.555
3.984 3.603 3.557
3.986 3.603 3.555
3.987 3.600 3.555
3.989 3.595 3.556
3.995 3.589 3.560
3.996 3.588 3.559
3.988 3.595 3.561
3.985 3.598 3.561
3.983 3.603 3.563
3.979 3.606 3.565
3.979 3.605 3.567
3.977 3.606 3.570
3.974 3.611 3.567
3.970 3.615 3.565
3.971 3.615 3.559
3.975 3.612 3.557
3.982 3.610 3.556
3.989 3.605 3.556
3.993 3.602 3.555
3.999 3.598 3.555
4.002 3.595 3.557
4.009 3.589 3.555
4.008 3.587 3.555
4.009 3.586 3.557
4.005 3.587 3.556
4.002 3.588 3.556
3.999 3.590 3.556
3.995 3.593 3.557
3.992 3.596 3.556
3.987 3.604 3.551
3.987 3.609 3.548
3.991 3.611 3.544
3.989 3.607 3.546
3.989 3.602 3.549
3.987 3.593 3.555
3.990 3.583 3.561
3.993 3.575 3.565
3.995 3.567 3.568
4.001 3.561 3.571
3.993 3.566 3.577
3.989 3.569 3.577
3.988 3.579 3.572
3.989 3.587 3.570
3.991 3.592 3.568
3.992 3.597 3.565
3.989 3.596 3.567
3.985 3.597 3.569
3.983 3.596 3.570
3.984 3.596 3.572
3.982 3.594 3.570
3.985 3.593 3.570
3.982 3.595 3.572
3.977 3.600 3.572
3.972 3.592 3.582
3.971 3.582 3.598
3.975 3.579 3.610
3.967 3.586 3.628
3.967 3.598 3.635
3.969 3.615 3.639
3.986 3.644 3.645
3.982 3.697 3.650
3.987 3.713 3.619
3.993 3.667 3.619
4.010 3.622 3.616
4.023 3.581 3.612
4.043 3.548 3.609
4.048 3.543 3.606
4.047 3.547 3.604
4.028 3.559 3.608
4.013 3.559 3.605
4.007 3.570 3.602
4.007 3.571 3.605
3.994 3.575 3.603
3.980 3.582 3.600
3.981 3.593 3.600
3.979 3.600 3.598
3.968 3.618 3.595
3.946 3.627 3.606
3.943 3.603 3.602
3.949 3.578 3.599
3.971 3.559 3.601
3.973 3.551 3.597
3.971 3.540 3.595
3.942 3.583 3.584
3.951 3.625 3.583
3.961 3.602 3.597
3.971 3.578 3.596
3.964 3.578 3.596
3.958 3.581 3.599
3.937 3.588 3.600
3.919 3.596 3.601
3.933 3.603 3.600
3.948 3.611 3.600
3.935 3.615 3.605
3.922 3.619 3.605
3.921 3.622 3.605
3.946 3.624 3.604
3.970 3.613 3.609
3.988 3.588 3.608
3.983 3.580 3.608
3.970 3.587 3.608
3.964 3.589 3.610
3.953 3.577 3.610
3.954 3.573 3.610
3.951 3.585 3.610
3.958 3.599 3.610
3.958 3.599 3.612
3.960 3.596 3.610
3.937 3.615 3.611
3.936 3.639 3.609
3.932 3.642 3.615
3.929 3.625 3.636
3.916 3.632 3.641
3.902 3.647 3.632
3.910 3.647 3.630
3.917 3.633 3.641
3.910 3.637 3.643
3.905 3.650 3.642
3.920 3.651 3.615
3.937 3.629 3.601
3.952 3.616 3.586
3.971 3.607 3.567
3.973 3.611 3.556
3.952 3.609 3.573
3.947 3.606 3.564
3.961 3.604 3.549
3.972 3.605 3.536
3.966 3.596 3.550
3.960 3.591 3.564
3.972 3.598 3.578
3.984 3.607 3.585
3.982 3.599 3.580
3.982 3.591 3.579
3.977 3.599 3.579
3.984 3.606 3.578
3.994 3.587 3.613
4.003 3.568 3.613
3.996 3.579 3.613
4.000 3.591 3.613
4.003 3.591 3.630
4.010 3.575 3.630
3.992 3.572 3.628
3.974 3.574 3.608
3.982 3.576 3.591
3.974 3.567 3.599
3.979 3.561 3.596
3.991 3.567 3.592
4.005 3.575 3.592
4.009 3.574 3.606
4.014 3.570 3.593
4.008 3.594 3.585
4.002 3.618 3.583
3.994 3.623 3.599
3.985 3.603 3.607
3.991 3.600 3.607
3.999 3.604 3.610
4.003 3.602 3.608
4.002 3.586 3.622
4.013 3.579 3.629
4.015 3.588 3.624
4.015 3.596 3.608
4.007 3.577 3.621
3.998 3.567 3.631
3.989 3.573 3.624
3.994 3.578 3.619
4.003 3.557 3.629
4.012 3.538 3.620
4.004 3.556 3.613
4.000 3.573 3.606
4.002 3.570 3.610
4.003 3.559 3.612
4.004 3.562 3.614
3.997 3.567 3.614
4.009 3.566 3.603
4.025 3.551 3.613
4.035 3.540 3.621
4.038 3.537 3.616
4.056 3.541 3.600
4.067 3.522 3.627
4.072 3.511 3.630
4.051 3.526 3.634
4.033 3.541 3.631
4.017 3.552 3.627
3.995 3.557 3.641
4.013 3.563 3.641
4.031 3.570 3.630
4.050 3.579 3.610
4.067 3.586 3.593
4.084 3.585 3.601
4.099 3.584 3.593
4.102 3.596 3.588
4.106 3.609 3.570
4.109 3.600 3.574
4.112 3.591 3.571
4.107 3.588 3.567
4.103 3.587 3.563
4.098 3.583 3.570
4.092 3.580 3.582
4.086 3.576 3.590
4.081 3.573 3.593
4.078 3.569 3.594
4.074 3.568 3.593
4.069 3.567 3.594
4.065 3.565 3.593
4.060 3.566 3.591
4.056 3.571 3.583
4.051 3.576 3.576
4.047 3.580 3.569
4.041 3.586 3.562
4.037 3.583 3.563
4.032 3.585 3.562
4.027 3.585 3.562
4.021 3.585 3.563
4.017 3.584 3.563
4.011 3.583 3.563
4.006 3.581 3.564
3.999 3.581 3.569
3.994 3.582 3.580
3.989 3.584 3.589
3.985 3.585 3.599
3.986 3.582 3.596
3.986 3.582 3.592
3.988 3.580 3.588
3.986 3.581 3.584
3.985 3.582 3.581
3.982 3.584 3.575
3.982 3.585 3.570
3.979 3.587 3.567
3.977 3.588 3.565
3.977 3.588 3.570
3.977 3.586 3.576
3.976 3.584 3.582
3.973 3.584 3.589
3.974 3.584 3.593
3.974 3.585 3.592
3.978 3.583 3.589
3.984 3.577 3.587
3.987 3.574 3.586
3.984 3.580 3.583
3.983 3.582 3.582
3.982 3.586 3.580
3.982 3.588 3.580
3.976 3.593 3.581
3.976 3.595 3.581
3.977 3.599 3.581
3.979 3.602 3.581
3.983 3.602 3.582
3.987 3.603 3.583
3.991 3.602 3.584
3.996 3.601 3.584
4.004 3.598 3.584
4.010 3.597 3.584
4.014 3.594 3.583
4.015 3.594 3.581
4.020 3.586 3.583
4.023 3.581 3.586
4.027 3.575 3.594
4.030 3.569 3.603
4.030 3.565 3.611
4.027 3.565 3.616
4.023 3.564 3.623
4.022 3.564 3.629
4.022 3.565 3.634
4.026 3.564 3.638
4.018 3.564 3.641
4.013 3.563 3.645
4.002 3.564 3.638
3.987 3.569 3.625
3.990 3.575 3.619
3.982 3.581 3.641
3.994 3.578 3.645
4.022 3.574 3.639
4.045 3.569 3.631
4.058 3.567 3.622
4.047 3.569 3.607
4.041 3.589 3.604
4.020 3.602 3.606
4.013 3.596 3.605
4.015 3.585 3.613
4.032 3.598 3.599
4.022 3.607 3.586
4.039 3.587 3.572
4.030 3.565 3.601
4.033 3.574 3.590
4.038 3.582 3.581
4.031 3.575 3.573
4.027 3.566 3.591
4.037 3.584 3.565
4.032 3.606 3.531
4.025 3.596 3.528
4.015 3.579 3.592
4.021 3.580 3.602
3.988 3.585 3.606
3.980 3.564 3.606
3.980 3.578 3.605
3.983 3.575 3.600
3.989 3.563 3.591
4.008 3.564 3.591
4.002 3.568 3.600
4.018 3.570 3.586
4.023 3.583 3.589
4.021 3.585 3.603
4.014 3.578 3.590
4.030 3.573 3.606
4.022 3.585 3.572
4.027 3.589 3.537
4.021 3.582 3.581
4.040 3.572 3.598
4.044 3.580 3.569
4.039 3.583 3.587
4.048 3.570 3.573
4.024 3.591 3.580
4.037 3.595 3.572
4.036 3.603 3.583
4.033 3.592 3.595
4.019 3.597 3.613
4.040 3.597 3.609
4.039 3.607 3.606
4.056 3.588 3.616
4.037 3.601 3.628
4.039 3.597 3.593
4.041 3.590 3.602
4.059 3.575 3.629
4.068 3.569 3.643
4.066 3.573 3.619
4.054 3.594 3.573
4.048 3.596 3.586
4.057 3.561 3.613
4.066 3.555 3.618
4.094 3.553 3.627
4.079 3.549 3.635
4.083 3.548 3.642
4.049 3.564 3.650
4.099 3.557 3.624
4.077 3.558 3.609
4.083 3.543 3.631
4.070 3.562 3.649
4.074 3.562 3.624
4.034 3.571 3.636
4.014 3.550 3.640
3.997 3.567 3.642
4.004 3.567 3.637
3.997 3.562 3.648
4.019 3.551 3.633
4.031 3.540 3.632
4.035 3.544 3.639
4.029 3.550 3.641
4.046 3.538 3.658
4.055 3.529 3.678
4.060 3.528 3.684
4.046 3.533 3.665
4.046 3.518 3.681
4.078 3.511 3.686
4.060 3.508 3.690
4.067 3.523 3.669
4.046 3.531 3.651
4.054 3.523 3.659
4.050 3.538 3.644
4.057 3.579 3.616
4.019 3.604 3.617
4.023 3.585 3.614
4.015 3.575 3.659
4.031 3.608 3.600
4.012 3.625 3.614
4.041 3.573 3.628
4.041 3.575 3.621
4.070 3.564 3.592
4.069 3.559 3.601
4.059 3.554 3.640
4.061 3.531 3.657
4.057 3.542 3.624
4.018 3.573 3.649
4.007 3.589 3.636
4.011 3.580 3.638
4.036 3.562 3.637
4.037 3.573 3.654
4.051 3.566 3.656
4.059 3.573 3.646
4.075 3.554 3.635
4.078 3.570 3.608
4.048 3.579 3.638
4.052 3.583 3.633
4.068 3.558 3.647
4.082 3.558 3.638
4.066 3.552 3.664
4.053 3.561 3.676
4.065 3.540 3.664
4.100 3.538 3.630
4.067 3.562 3.624
4.071 3.566 3.622
4.082 3.540 3.630
4.094 3.539 3.612
4.057 3.567 3.609
4.047 3.585 3.616
4.042 3.572 3.613
4.041 3.581 3.601
4.024 3.613 3.607
4.008 3.621 3.623
3.991 3.610 3.661
4.019 3.593 3.671
4.022 3.610 3.619
4.019 3.612 3.629
4.043 3.614 3.629
4.055 3.604 3.597
4.066 3.601 3.597
4.045 3.593 3.627
4.055 3.598 3.643
4.055 3.566 3.637
4.068 3.566 3.637
4.051 3.570 3.654
4.077 3.538 3.628
4.054 3.546 3.624
4.070 3.528 3.642
4.061 3.527 3.656
4.057 3.526 3.624
4.071 3.541 3.629
4.078 3.534 3.645
4.047 3.537 3.656
4.051 3.532 3.667
4.030 3.560 3.659
4.048 3.571 3.632
4.018 3.603 3.642
4.034 3.607 3.620
4.038 3.590 3.641
4.042 3.573 3.652
4.019 3.581 3.654
4.023 3.591 3.649
4.025 3.588 3.659
4.034 3.566 3.672
4.015 3.589 3.652
4.011 3.597 3.638
4.038 3.576 3.649
4.045 3.534 3.647
4.044 3.549 3.653
4.033 3.562 3.665
4.046 3.569 3.656
4.059 3.553 3.666
4.057 3.569 3.662
4.038 3.579 3.662
4.018 3.577 3.709
4.043 3.561 3.675
4.053 3.576 3.663
4.027 3.591 3.693
4.027 3.600 3.664
4.016 3.594 3.644
4.013 3.571 3.653
4.022 3.581 3.637
4.008 3.602 3.653
4.005 3.612 3.635
4.026 3.591 3.635
4.058 3.580 3.657
4.069 3.567 3.668
4.065 3.554 3.638
4.084 3.540 3.666
4.078 3.544 3.641
4.025 3.549 3.660
4.004 3.565 3.663
3.995 3.559 3.698
4.004 3.577 3.680
3.954 3.581 3.662
3.937 3.594 3.646
3.964 3.592 3.635
3.980 3.573 3.642
3.996 3.567 3.651
3.999 3.564 3.648
4.018 3.570 3.649
4.011 3.566 3.678
4.015 3.575 3.649
4.000 3.582 3.618
4.004 3.587 3.643
3.992 3.583 3.665
4.009 3.593 3.654
4.019 3.595 3.665
4.036 3.583 3.659
4.034 3.574 3.642
4.034 3.581 3.624
4.016 3.590 3.630
4.013 3.585 3.613
4.002 3.578 3.633
4.029 3.567 3.636
4.046 3.563 3.633
4.076 3.556 3.618
4.096 3.553 3.600
4.105 3.560 3.599
4.087 3.576 3.617
4.100 3.580 3.611
4.083 3.594 3.592
4.055 3.595 3.607
4.034 3.591 3.625
4.027 3.595 3.622
4.029 3.608 3.601
4.014 3.613 3.578
4.003 3.613 3.555
3.991 3.612 3.558
3.982 3.600 3.590
3.987 3.603 3.595
3.981 3.610 3.591
3.952 3.619 3.593
3.934 3.619 3.591
3.930 3.616 3.577
3.929 3.609 3.577
3.944 3.596 3.582
3.951 3.589 3.589
3.959 3.590 3.587
3.965 3.597 3.579
3.970 3.604 3.573
3.976 3.613 3.564
3.978 3.617 3.563
3.982 3.617 3.564
3.991 3.613 3.564
3.996 3.609 3.565
3.996 3.610 3.564
3.994 3.609 3.563
3.991 3.614 3.560
3.990 3.616 3.557
3.986 3.625 3.551
3.983 3.633 3.543
3.982 3.641 3.537
3.986 3.642 3.530
3.989 3.637 3.530
3.995 3.628 3.533
3.998 3.623 3.532
3.997 3.621 3.535
3.998 3.619 3.538
3.995 3.616 3.543
3.993 3.615 3.546
3.991 3.613 3.551
3.990 3.612 3.552
3.988 3.615 3.550
3.987 3.616 3.552
3.985 3.616 3.550
3.986 3.616 3.549
3.983 3.615 3.549
3.983 3.612 3.552
3.981 3.610 3.553
3.980 3.608 3.557
3.976 3.611 3.557
3.975 3.611 3.557
3.973 3.613 3.560
3.971 3.614 3.557
3.971 3.612 3.558
3.970 3.609 3.561
3.966 3.610 3.567
3.964 3.608 3.570
3.960 3.612 3.571
3.958 3.613 3.572
3.956 3.616 3.568
3.954 3.617 3.567
3.952 3.618 3.564
3.949 3.618 3.560
3.945 3.621 3.556
3.941 3.624 3.550
3.941 3.624 3.544
3.945 3.622 3.540
3.949 3.616 3.540
3.953 3.611 3.538
3.957 3.605 3.539
3.962 3.599 3.539
3.964 3.592 3.542
3.961 3.595 3.543
3.958 3.594 3.546
3.953 3.597 3.546
3.950 3.596 3.549
3.945 3.599 3.550
3.942 3.599 3.551
3.939 3.602 3.552
3.936 3.602 3.552
3.933 3.605 3.554
3.935 3.605 3.552
3.934 3.608 3.551
3.935 3.612 3.542
3.935 3.616 3.534
3.934 3.616 3.533
3.933 3.612 3.763
3.932 3.608 3.580
3.931 3.606 3.554
3.932 3.602 3.563
3.936 3.603 3.565
3.937 3.606 3.565
3.939 3.608 3.559
3.938 3.612 3.551
3.937 3.612 3.546
3.936 3.613 3.547
3.935 3.615 3.553
3.933 3.614 3.557
3.935 3.615 3.557
3.937 3.618 3.552
3.940 3.619 3.550
3.941 3.622 3.548
3.939 3.618 3.550
3.937 3.617 3.548
3.935 3.614 3.547
3.931 3.613 3.548
3.932 3.611 3.575
3.933 3.610 3.598
3.931 3.611 3.593
3.931 3.611 3.587
3.929 3.613 3.581
3.925 3.614 3.589
3.920 3.619 3.591
3.915 3.621 3.593
3.916 3.622 3.587
3.917 3.625 3.577
3.921 3.627 3.573
3.922 3.628 3.570
3.922 3.629 3.571
3.924 3.624 3.573
3.923 3.620 3.577
3.926 3.617 3.578
3.926 3.614 3.579
3.927 3.613 3.579
3.927 3.612 3.579
3.927 3.612 3.577
3.929 3.612 3.579
3.935 3.611 3.582
3.936 3.612 3.582
3.940 3.613 3.581
3.944 3.610 3.582
3.948 3.604 3.585
3.952 3.602 3.586
3.956 3.600 3.587
3.958 3.599 3.587
3.959 3.598 3.588
3.961 3.598 3.588
3.961 3.598 3.592
3.963 3.600 3.591
3.963 3.603 3.590
3.964 3.606 3.585
3.964 3.607 3.585
3.965 3.609 3.582
3.966 3.610 3.584
3.968 3.609 3.586
3.970 3.611 3.587
3.971 3.607 3.591
3.975 3.602 3.594
3.979 3.595 3.596
3.983 3.590 3.598
3.984 3.589 3.598
3.982 3.592 3.599
3.984 3.593 3.601
3.984 3.595 3.601
3.983 3.600 3.596
3.981 3.607 3.593
3.978 3.616 3.587
3.975 3.624 3.583
3.978 3.623 3.582
3.985 3.615 3.583
3.991 3.608 3.583
3.998 3.600 3.586
4.000 3.597 3.589
3.999 3.597 3.593
3.997 3.599 3.596
3.995 3.605 3.594
3.993 3.612 3.593
3.995 3.613 3.591
3.998 3.617 3.589
4.000 3.616 3.588
4.001 3.619 3.584
4.004 3.619 3.581
4.006 3.619 3.577
4.007 3.615 3.579
4.006 3.614 3.583
4.005 3.613 3.587
4.001 3.613 3.591
3.998 3.617 3.592
3.995 3.619 3.594
3.993 3.622 3.586
3.990 3.624 3.581
3.988 3.626 3.575
3.987 3.629 3.569
3.988 3.628 3.562
3.990 3.627 3.556
3.991 3.623 3.554
3.993 3.619 3.559
3.993 3.617 3.564
3.991 3.616 3.569
3.988 3.617 3.573
3.986 3.617 3.577
3.985 3.618 3.577
3.988 3.614 3.578
3.987 3.614 3.577
3.987 3.614 3.576
3.986 3.615 3.576
3.979 3.620 3.577
3.973 3.627 3.577
3.966 3.633 3.579
3.968 3.633 3.582
3.972 3.630 3.579
3.977 3.626 3.577
3.981 3.621 3.574
3.983 3.617 3.571
3.983 3.615 3.569
3.983 3.614 3.566
3.983 3.613 3.563
3.981 3.614 3.560
3.981 3.611 3.558
3.981 3.608 3.557
3.979 3.606 3.563
3.977 3.606 3.567
3.976 3.603 3.573
3.973 3.602 3.577
3.971 3.605 3.579
3.969 3.607 3.582
3.967 3.610 3.586
3.964 3.612 3.576
3.960 3.611 3.572
3.959 3.608 3.567
3.959 3.602 3.562
3.963 3.596 3.567
3.965 3.593 3.569
3.965 3.592 3.572
3.954 3.605 3.574
3.942 3.614 3.575
3.931 3.620 3.575
3.920 3.623 3.577
3.921 3.617 3.579
3.924 3.608 3.584
3.927 3.604 3.584
3.927 3.606 3.579
3.929 3.609 3.575
3.927 3.614 3.572
3.927 3.619 3.569
3.927 3.619 3.572
3.931 3.615 3.574
3.935 3.611 3.576
3.940 3.607 3.578
3.944 3.603 3.579
3.947 3.601 3.579
3.948 3.602 3.580
3.949 3.601 3.581
3.949 3.602 3.581
3.953 3.599 3.581
3.956 3.596 3.581
3.962 3.592 3.580
3.967 3.591 3.578
3.971 3.589 3.575
3.970 3.595 3.572
3.968 3.599 3.570
3.965 3.602 3.571
3.964 3.601 3.574
3.966 3.599 3.577
3.971 3.591 3.578
3.973 3.590 3.576
3.977 3.589 3.574
3.976 3.595 3.572
3.971 3.602 3.570
3.966 3.610 3.573
3.962 3.616 3.578
3.959 3.623 3.580
3.967 3.618 3.579
3.976 3.609 3.582
3.981 3.600 3.587
3.988 3.590 3.591
3.988 3.588 3.597
3.987 3.587 3.598
3.986 3.588 3.602
3.985 3.589 3.603
3.983 3.591 3.605
3.983 3.589 3.606
3.983 3.593 3.605
3.983 3.594 3.605
3.981 3.598 3.604
3.983 3.596 3.603
3.982 3.596 3.601
3.983 3.595 3.598
3.983 3.596 3.595
3.978 3.600 3.593
3.971 3.602 3.594
3.964 3.605 3.594
3.963 3.602 3.596
3.966 3.594 3.595
3.968 3.593 3.591
3.973 3.591 3.587
3.974 3.590 3.589
3.976 3.590 3.589
3.978 3.593 3.591
3.981 3.594 3.589
3.982 3.600 3.587
3.979 3.606 3.588
3.976 3.610 3.589
3.971 3.614 3.588
3.969 3.613 3.589
3.973 3.607 3.589
3.979 3.602 3.587
3.982 3.599 3.588
3.987 3.593 3.589
3.985 3.595 3.591
3.983 3.600 3.587
3.980 3.606 3.586
3.977 3.611 3.584
3.976 3.615 3.583
3.973 3.616 3.581
3.972 3.617 3.581
3.969 3.618 3.581
3.966 3.620 3.580
3.964 3.619 3.579
3.972 3.611 3.579
3.978 3.602 3.577
3.985 3.592 3.575
3.983 3.589 3.576
3.977 3.592 3.575
3.971 3.593 3.576
3.965 3.593 3.581
3.958 3.592 3.589
3.960 3.587 3.596
3.962 3.583 3.603
3.964 3.582 3.602
3.966 3.585 3.596
3.965 3.589 3.591
3.964 3.595 3.586
3.962 3.597 3.583
3.959 3.601 3.590
3.961 3.600 3.598
3.964 3.596 3.607
3.966 3.591 3.599
3.970 3.590 3.591
3.971 3.588 3.586
3.966 3.594 3.582
3.962 3.597 3.584
3.959 3.602 3.585
3.955 3.605 3.585
3.960 3.600 3.583
3.964 3.596 3.581
3.968 3.592 3.589
3.970 3.589 3.596
3.971 3.587 3.600
3.971 3.587 3.586
3.973 3.584 3.572
3.967 3.590 3.576
3.964 3.594 3.584
3.954 3.599 3.593
3.942 3.603 3.599
3.936 3.605 3.603
3.938 3.601 3.602
3.937 3.601 3.591
3.937 3.604 3.577
3.937 3.608 3.577
3.935 3.611 3.577
3.935 3.615 3.578
3.934 3.615 3.584
3.932 3.613 3.592
3.932 3.610 3.599
3.934 3.604 3.604
3.935 3.608 3.601
3.936 3.612 3.596
3.936 3.618 3.592
3.938 3.622 3.586
3.939 3.623 3.586
3.939 3.619 3.584
3.940 3.619 3.581
3.940 3.616 3.579
3.940 3.616 3.582
3.940 3.616 3.582
3.941 3.616 3.583
3.941 3.616 3.584
3.941 3.617 3.583
3.941 3.616 3.582
3.940 3.619 3.579
3.942 3.618 3.577
3.942 3.618 3.576
3.942 3.615 3.575
3.942 3.612 3.577
3.944 3.607 3.577
3.944 3.604 3.579
3.944 3.603 3.575
3.944 3.602 3.582
3.946 3.599 3.590
3.947 3.597 3.596
3.946 3.599 3.598
3.947 3.600 3.597
3.946 3.601 3.594
3.947 3.602 3.590
3.946 3.601 3.585
3.948 3.599 3.579
3.949 3.598 3.575
3.951 3.596 3.583
3.950 3.597 3.590
3.952 3.595 3.591
3.952 3.595 3.587
3.952 3.594 3.582
3.953 3.595 3.588
3.953 3.596 3.589
3.953 3.595 3.594
3.955 3.594 3.592
3.954 3.594 3.593
3.955 3.595 3.588
3.956 3.594 3.586
3.958 3.591 3.586
3.959 3.593 3.582
3.961 3.591 3.579
3.963 3.592 3.581
3.965 3.592 3.580
3.965 3.593 3.584
3.967 3.592 3.582
3.963 3.598 3.579
3.958 3.604 3.577
3.954 3.605 3.577
3.950 3.605 3.579
3.949 3.603 3.578
3.948 3.602 3.582
3.948 3.602 3.583
3.947 3.602 3.583
3.945 3.607 3.579
3.942 3.611 3.577
3.940 3.613 3.580
3.935 3.617 3.584
3.942 3.608 3.589
3.948 3.601 3.589
3.956 3.593 3.587
3.965 3.585 3.589
3.964 3.585 3.590
3.962 3.589 3.589
3.959 3.591 3.589
3.953 3.597 3.589
3.959 3.592 3.591
3.963 3.588 3.594
3.966 3.584 3.594
3.969 3.585 3.594
3.967 3.589 3.591
3.963 3.597 3.589
3.959 3.601 3.589
3.954 3.606 3.589
3.954 3.607 3.591
3.955 3.604 3.592
3.957 3.603 3.592
3.956 3.602 3.591
3.958 3.598 3.593
3.958 3.596 3.593
3.957 3.594 3.594
3.957 3.591 3.598
3.955 3.589 3.600
3.956 3.585 3.603
3.954 3.584 3.606
3.953 3.584 3.606
3.952 3.588 3.606
3.949 3.589 3.603
3.946 3.592 3.599
3.944 3.591 3.597
3.941 3.593 3.594
3.939 3.593 3.589
3.937 3.595 3.584
3.935 3.594 3.581
3.933 3.597 3.579
3.930 3.602 3.575
3.926 3.609 3.577
3.921 3.615 3.582
3.924 3.615 3.584
3.927 3.614 3.584
3.930 3.612 3.583
3.930 3.609 3.584
3.929 3.604 3.584
3.930 3.601 3.586
3.930 3.596 3.587
3.931 3.600 3.582
3.930 3.605 3.574
3.924 3.616 3.568
3.919 3.625 3.561
3.915 3.628 3.562
3.910 3.623 3.567
3.911 3.616 3.574
3.911 3.608 3.581
3.910 3.605 3.584
3.911 3.605 3.583
3.912 3.605 3.582
3.913 3.603 3.582
3.914 3.603 3.584
3.915 3.603 3.581
3.915 3.605 3.579
3.913 3.606 3.578
3.911 3.609 3.576
3.909 3.611 3.574
3.911 3.612 3.573
3.912 3.613 3.572
3.912 3.616 3.570
3.912 3.614 3.574
3.914 3.609 3.577
3.916 3.606 3.579
3.920 3.601 3.582
3.923 3.605 3.579
3.925 3.606 3.575
3.930 3.608 3.571
3.934 3.607 3.567
3.935 3.602 3.572
3.937 3.597 3.575
3.933 3.597 3.579
3.931 3.595 3.584
3.927 3.601 3.582
3.925 3.607 3.579
3.928 3.607 3.579
3.932 3.603 3.577
3.936 3.595 3.582
3.941 3.588 3.586
3.939 3.589 3.590
3.934 3.594 3.594
3.928 3.604 3.591
3.923 3.616 3.584
3.921 3.622 3.576
3.922 3.627 3.567
3.924 3.623 3.569
3.926 3.619 3.574
3.928 3.614 3.579
3.929 3.611 3.586
3.932 3.606 3.591
3.932 3.604 3.595
3.933 3.602 3.597
3.935 3.599 3.600
3.937 3.599 3.598
3.938 3.604 3.593
3.940 3.608 3.586
3.937 3.617 3.578
3.937 3.620 3.574
3.937 3.622 3.573
3.935 3.623 3.571
3.937 3.620 3.572
3.940 3.617 3.570
3.941 3.612 3.572
3.941 3.610 3.574
3.936 3.609 3.576
3.932 3.610 3.577
3.929 3.613 3.574
3.925 3.614 3.574
3.926 3.612 3.576
3.928 3.610 3.586
3.930 3.608 3.591
3.930 3.607 3.591
3.932 3.606 3.588
3.933 3.605 3.586
3.933 3.599 3.588
3.932 3.597 3.589
3.927 3.599 3.591
3.920 3.603 3.591
3.913 3.610 3.589
3.905 3.618 3.587
3.909 3.616 3.585
3.912 3.613 3.584
3.915 3.608 3.585
3.916 3.605 3.589
3.917 3.601 3.594
3.915 3.600 3.598
3.913 3.595 3.603
3.913 3.588 3.609
3.911 3.583 3.613
3.912 3.576 3.618
3.909 3.581 3.613
3.909 3.585 3.605
3.912 3.592 3.596
3.913 3.594 3.590
3.916 3.597 3.587
3.913 3.601 3.584
3.909 3.607 3.580
3.907 3.613 3.575
3.901 3.617 3.574
3.898 3.619 3.573
3.892 3.621 3.569
3.888 3.622 3.568
3.883 3.624 3.565
3.883 3.621 3.562
3.889 3.617 3.567
3.896 3.611 3.570
3.901 3.612 3.574
3.906 3.615 3.572
3.910 3.618 3.570
3.913 3.623 3.562
3.914 3.622 3.560
3.918 3.614 3.565
3.918 3.609 3.567
3.918 3.605 3.573
3.921 3.603 3.578
3.921 3.604 3.580
3.921 3.605 3.579
3.921 3.607 3.574
3.920 3.604 3.569
3.918 3.605 3.565
3.916 3.604 3.561
3.911 3.605 3.565
3.907 3.604 3.570
3.906 3.605 3.577
3.905 3.603 3.582
3.905 3.604 3.584
3.904 3.606 3.583
3.902 3.611 3.580
3.903 3.614 3.576
3.901 3.617 3.574
3.899 3.619 3.575
3.900 3.619 3.579
3.900 3.616 3.580
3.901 3.616 3.582
3.900 3.613 3.579
3.900 3.612 3.574
3.901 3.609 3.570
3.902 3.606 3.565
3.901 3.611 3.562
3.904 3.613 3.568
3.909 3.612 3.577
3.915 3.610 3.583
3.920 3.609 3.593
3.924 3.606 3.591
3.929 3.605 3.588
3.935 3.601 3.584
3.938 3.601 3.582
3.940 3.599 3.579
3.940 3.602 3.576
3.939 3.603 3.574
3.938 3.602 3.574
3.937 3.601 3.574
3.935 3.600 3.591
3.935 3.600 3.607
3.934 3.601 3.600
3.933 3.601 3.567
3.934 3.602 3.559
3.935 3.602 3.558
3.934 3.605 3.561
3.936 3.604 3.565
3.939 3.604 3.570
3.944 3.600 3.577
3.946 3.595 3.582
3.946 3.594 3.585
3.947 3.592 3.588
3.944 3.592 3.588
3.943 3.594 3.584
3.948 3.592 3.579
3.952 3.590 3.575
3.955 3.589 3.568
3.958 3.590 3.569
3.958 3.593 3.574
3.957 3.595 3.580
3.955 3.602 3.585
3.959 3.600 3.585
3.963 3.602 3.589
3.967 3.600 3.591
3.968 3.602 3.587
3.970 3.602 3.581
3.971 3.604 3.574
3.973 3.604 3.569
3.973 3.602 3.567
3.973 3.599 3.572
3.968 3.598 3.579
3.966 3.597 3.584
3.962 3.598 3.588
3.957 3.601 3.588
3.952 3.607 3.590
3.944 3.611 3.587
3.939 3.614 3.588
3.939 3.613 3.590
3.946 3.606 3.587
3.952 3.599 3.584
3.958 3.592 3.577
3.963 3.585 3.574
3.962 3.584 3.567
3.957 3.584 3.564
3.955 3.587 3.566
3.952 3.596 3.566
3.953 3.602 3.564
3.954 3.610 3.563
3.956 3.611 3.565
3.956 3.610 3.569
3.957 3.605 3.574
3.954 3.603 3.579
3.951 3.600 3.581
3.950 3.599 3.583
3.949 3.596 3.584
3.948 3.595 3.585
3.948 3.594 3.584
3.952 3.594 3.583
3.956 3.595 3.581
3.960 3.594 3.582
3.962 3.596 3.581
3.967 3.596 3.582
3.973 3.594 3.581
3.976 3.595 3.582
3.984 3.594 3.583
3.989 3.592 3.584
3.994 3.591 3.585
3.999 3.590 3.589
4.003 3.592 3.588
4.006 3.596 3.589
4.009 3.599 3.590
4.010 3.603 3.591
4.009 3.606 3.592
4.011 3.608 3.593
4.013 3.608 3.595
4.015 3.607 3.596
4.015 3.600 3.602
4.017 3.589 3.607
4.021 3.579 3.614
4.024 3.570 3.617
4.027 3.573 3.612
4.027 3.577 3.605
4.022 3.584 3.598
4.006 3.594 3.586
3.991 3.612 3.568
3.978 3.625 3.563
3.987 3.622 3.560
3.983 3.617 3.562
3.976 3.633 3.565
3.975 3.649 3.562
3.979 3.640 3.582
3.981 3.631 3.614
3.995 3.621 3.621
3.994 3.613 3.625
4.010 3.598 3.621
4.011 3.585 3.628
4.030 3.562 3.615
4.003 3.543 3.617
3.987 3.551 3.604
3.957 3.576 3.600
3.931 3.600 3.588
3.932 3.619 3.578
3.938 3.627 3.563
3.942 3.643 3.555
3.971 3.641 3.547
3.998 3.634 3.558
4.024 3.621 3.561
4.050 3.614 3.587
4.053 3.600 3.603
4.070 3.580 3.592
4.078 3.558 3.617
4.085 3.567 3.605
4.089 3.576 3.588
4.081 3.588 3.577
4.086 3.593 3.555
4.074 3.599 3.536
4.055 3.609 3.556
4.064 3.607 3.559
4.056 3.592 3.595
4.071 3.592 3.580
4.065 3.593 3.580
4.062 3.594 3.602
4.074 3.573 3.604
4.072 3.573 3.576
4.043 3.580 3.581
4.054 3.565 3.594
4.067 3.545 3.600
4.070 3.537 3.599
4.059 3.540 3.574
4.079 3.552 3.567
4.036 3.563 3.559
4.039 3.570 3.560
4.032 3.590 3.535
3.998 3.613 3.551
4.026 3.621 3.543
4.057 3.633 3.544
4.021 3.635 3.523
4.003 3.634 3.541
4.010 3.626 3.543
3.994 3.619 3.561
4.009 3.604 3.540
4.021 3.595 3.577
4.030 3.603 3.530
4.038 3.595 3.540
4.070 3.598 3.521
4.055 3.603 3.553
4.058 3.595 3.542
4.060 3.589 3.564
4.074 3.581 3.550
4.063 3.584 3.567
4.066 3.563 3.562
4.062 3.568 3.591
4.072 3.566 3.573
4.044 3.568 3.604
4.034 3.578 3.610
4.037 3.547 3.626
4.053 3.540 3.611
4.034 3.544 3.622
4.049 3.531 3.630
4.024 3.566 3.599
4.042 3.594 3.565
4.028 3.626 3.561
4.037 3.628 3.559
4.033 3.614 3.576
4.054 3.610 3.566
4.053 3.619 3.588
4.014 3.617 3.615
4.032 3.597 3.620
4.051 3.608 3.596
4.058 3.614 3.589
4.032 3.613 3.595
4.008 3.614 3.595
4.028 3.638 3.582
4.049 3.640 3.554
4.018 3.643 3.577
4.033 3.629 3.566
4.044 3.617 3.568
4.065 3.619 3.554
4.059 3.625 3.584
4.061 3.603 3.583
4.056 3.625 3.545
4.089 3.624 3.534
4.049 3.631 3.541
4.065 3.579 3.577
4.046 3.607 3.572
4.055 3.604 3.553
4.051 3.597 3.582
4.040 3.615 3.586
4.041 3.619 3.572
4.058 3.613 3.550
4.057 3.620 3.572
4.052 3.618 3.566
4.055 3.615 3.572
4.066 3.615 3.560
4.057 3.620 3.553
4.046 3.632 3.567
4.037 3.642 3.567
4.052 3.632 3.557
4.059 3.629 3.565
4.040 3.622 3.590
4.036 3.610 3.598
4.052 3.606 3.600
4.067 3.595 3.589
4.049 3.595 3.603
4.055 3.599 3.592
4.052 3.607 3.606
4.063 3.610 3.561
4.043 3.613 3.578
4.010 3.618 3.590
4.028 3.621 3.587
4.049 3.616 3.576
4.047 3.608 3.595
4.013 3.608 3.625
4.018 3.593 3.625
4.039 3.577 3.632
4.045 3.586 3.632
4.033 3.581 3.641
4.046 3.572 3.635
4.039 3.582 3.626
4.044 3.597 3.612
4.016 3.610 3.624
4.014 3.613 3.612
4.030 3.597 3.645
4.005 3.589 3.614
3.970 3.580 3.663
3.952 3.575 3.645
3.970 3.569 3.663
4.027 3.566 3.612
4.029 3.570 3.637
3.966 3.587 3.622
3.987 3.568 3.633
4.015 3.565 3.585
4.031 3.593 3.573
4.003 3.600 3.562
4.007 3.590 3.557
3.996 3.616 3.544
4.040 3.597 3.536
4.053 3.579 3.566
4.047 3.569 3.571
4.007 3.588 3.593
4.029 3.588 3.584
3.994 3.605 3.588
3.991 3.608 3.590
3.954 3.617 3.600
3.967 3.628 3.581
3.987 3.625 3.585
3.986 3.621 3.602
3.994 3.616 3.593
3.966 3.635 3.601
3.974 3.651 3.581
3.966 3.669 3.586
3.991 3.650 3.582
3.986 3.677 3.558
4.003 3.678 3.541
4.013 3.669 3.541
4.022 3.655 3.562
4.013 3.653 3.563
4.009 3.645 3.548
4.011 3.637 3.529
4.014 3.618 3.583
4.036 3.598 3.575
4.025 3.579 3.616
4.030 3.588 3.593
4.007 3.597 3.589
4.002 3.590 3.604
4.022 3.579 3.608
4.058 3.580 3.609
4.035 3.598 3.605
4.021 3.619 3.600
4.021 3.629 3.598
4.036 3.626 3.587
4.020 3.633 3.568
4.013 3.629 3.579
4.023 3.635 3.546
4.016 3.649 3.558
3.991 3.656 3.557
3.972 3.652 3.590
3.985 3.650 3.575
3.969 3.657 3.574
3.959 3.650 3.566
3.944 3.642 3.583
3.965 3.614 3.592
3.954 3.623 3.580
3.967 3.626 3.576
3.940 3.627 3.579
3.947 3.616 3.592
3.968 3.606 3.587
3.982 3.599 3.605
3.993 3.613 3.603
3.972 3.615 3.618
3.978 3.619 3.596
3.987 3.628 3.615
3.986 3.632 3.616
3.982 3.632 3.618
3.991 3.641 3.592
3.978 3.660 3.570
3.990 3.654 3.553
3.984 3.652 3.575
4.002 3.653 3.568
3.973 3.661 3.584
3.992 3.649 3.594
3.984 3.643 3.611
3.987 3.636 3.611
3.994 3.630 3.612
3.997 3.613 3.617
3.980 3.604 3.623
3.966 3.594 3.636
3.947 3.594 3.635
3.924 3.602 3.620
3.943 3.597 3.614
3.935 3.589 3.629
3.940 3.588 3.616
3.927 3.591 3.619
3.937 3.590 3.621
3.948 3.594 3.614
3.965 3.593 3.617
3.973 3.594 3.611
3.984 3.590 3.620
3.992 3.594 3.605
4.003 3.598 3.601
3.992 3.605 3.595
3.978 3.613 3.594
3.980 3.613 3.597
3.981 3.612 3.599
3.976 3.607 3.603
3.974 3.599 3.603
3.970 3.594 3.603
3.967 3.589 3.611
3.965 3.585 3.619
3.962 3.586 3.622
3.960 3.584 3.628
3.963 3.575 3.632
3.965 3.569 3.634
3.967 3.570 3.632
3.969 3.569 3.631
3.963 3.577 3.632
3.959 3.584 3.625
3.954 3.590 3.623
3.949 3.598 3.616
3.950 3.600 3.613
3.955 3.599 3.609
3.959 3.598 3.606
3.965 3.597 3.600
3.966 3.598 3.601
3.965 3.603 3.598
3.965 3.607 3.599
3.969 3.610 3.601
3.976 3.612 3.604
3.981 3.612 3.599
3.978 3.609 3.597
3.969 3.611 3.590
3.966 3.611 3.582
3.968 3.607 3.583
3.968 3.602 3.597
