5.610 1.732 -0.000
5.576 3.733 -0.000
5.543 5.733 -0.000
5.509 7.734 -0.000
5.476 9.734 -0.000
5.443 11.735 -0.000
5.410 13.735 -0.000
5.377 15.735 -0.000
5.341 17.736 -0.000
5.305 19.736 -0.000
5.270 21.737 -0.000
5.234 23.737 -0.000
5.200 25.738 -0.000
5.168 27.738 -0.000
5.134 29.739 -0.000
5.100 31.739 -0.000
5.066 33.739 -0.000
5.033 35.740 -0.000
4.999 37.740 -0.000
4.965 39.741 -0.000
4.931 41.741 -0.000
4.873 43.741 -0.000
4.816 45.741 -0.000
4.759 47.741 -0.000
4.703 49.741 -0.000
4.627 51.740 -0.000
4.542 53.739 -0.000
4.431 55.737 -0.000
4.305 57.734 -0.000
4.174 59.830 -0.000
4.032 61.826 -0.000
3.860 63.819 -0.000
3.681 65.812 -0.000
3.487 67.904 -0.000
3.276 69.792 -0.000
3.037 71.879 -0.000
2.783 73.864 -0.000
2.527 75.849 -0.000
2.253 77.830 -0.000
1.932 79.805 -0.001
1.613 81.779 -0.001
1.295 83.755 -0.001
0.941 85.826 -0.001
0.579 87.793 -0.001
0.195 89.757 -0.001
-0.199 91.718 -0.001
-0.602 93.679 -0.001
-1.027 95.634 -0.001
-1.472 97.584 -0.001
-1.929 99.532 -0.001
-2.386 101.480 -0.001
-2.887 103.519 -0.001
-3.346 105.364 -0.001
-3.884 107.395 -0.001
-4.402 109.327 -0.001
-4.953 111.251 -0.001
-5.520 113.169 -0.001
-6.130 115.179 -0.001
-6.700 116.992 -0.001
-7.338 118.994 -0.001
-7.965 120.894 -0.001
-8.596 122.793 -0.001
-9.254 124.682 -0.001
-9.912 126.572 -0.001
-10.600 128.450 -0.001
-11.288 130.329 -0.001
-12.004 132.197 -0.001
-12.763 134.156 -0.001
-13.508 136.012 -0.001
-14.263 137.865 -0.002
-15.032 139.712 -0.002
-15.811 141.555 -0.002
-16.601 143.393 -0.002
-17.418 145.220 -0.002
-18.287 147.133 -0.002
-19.140 148.942 -0.002
-19.997 150.750 -0.002
-20.884 152.543 -0.002
-21.771 154.337 -0.002
-22.676 156.121 -0.002
-23.585 157.903 -0.002
-24.518 159.673 -0.002
-25.459 161.438 -0.002
-26.461 163.285 -0.002
-27.424 165.039 -0.002
-28.412 166.779 -0.002
-29.429 168.502 -0.002
-30.451 170.220 -0.002
-31.490 171.931 -0.002
-32.592 173.719 -0.002
-33.671 175.404 -0.003
-34.753 177.087 -0.003
-35.845 178.763 -0.003
-36.943 180.436 -0.003
-38.066 182.092 -0.003
-39.189 183.748 -0.003
-40.330 185.391 -0.003
-41.472 187.034 -0.003
-42.625 188.670 -0.003
-43.780 190.303 -0.003
-45.009 192.006 -0.003
-46.186 193.625 -0.003
-47.381 195.228 -0.003
-48.591 196.822 -0.003
-49.822 198.399 -0.003
-51.071 199.963 -0.003
-52.399 201.589 -0.003
-53.692 203.116 -0.003
-54.990 204.639 -0.004
-56.301 206.150 -0.004
-57.617 207.657 -0.004
-58.962 209.139 -0.004
-60.374 210.694 -0.004
-61.652 212.101 -0.004
-62.998 213.580 -0.004
-64.346 215.060 -0.004
-65.693 216.538 -0.004
-67.043 218.015 -0.004
-68.460 219.566 -0.004
-69.740 220.972 -0.004
-71.084 222.453 -0.004
-72.430 223.934 -0.004
-73.775 225.414 -0.004
-75.121 226.896 -0.004
-76.470 228.373 -0.005
-77.820 229.850 -0.005
-79.170 231.326 -0.005
-80.520 232.803 -0.005
-81.936 234.354 -0.005
-83.218 235.758 -0.005
-84.567 237.235 -0.005
-85.916 238.713 -0.005
-87.335 240.263 -0.005
-88.618 241.664 -0.005
-90.037 243.213 -0.005
-91.321 244.615 -0.005
-92.674 246.088 -0.005
-94.029 247.562 -0.006
-95.383 249.034 -0.006
-96.738 250.506 -0.006
-98.089 251.982 -0.006
-99.438 253.459 -0.006
-100.788 254.936 -0.006
-102.137 256.412 -0.006
-103.490 257.887 -0.006
-104.913 259.432 -0.006
-106.200 260.831 -0.006
-107.623 262.377 -0.006
-108.909 263.777 -0.006
-110.261 265.251 -0.006
-111.614 266.724 -0.007
-113.035 268.272 -0.007
-114.320 269.673 -0.007
-115.672 271.147 -0.007
-117.093 272.694 -0.007
-118.378 274.095 -0.007
-119.729 275.570 -0.007
-121.144 277.123 -0.007
-122.425 278.528 -0.007
-123.773 280.007 -0.007
-125.122 281.484 -0.007
-126.472 282.960 -0.008
-127.824 284.436 -0.008
-129.175 285.911 -0.008
-130.526 287.386 -0.008
-131.946 288.934 -0.008
-133.231 290.335 -0.008
-134.584 291.808 -0.008
-136.005 293.356 -0.008
-137.290 294.757 -0.008
-138.643 296.230 -0.008
-139.997 297.704 -0.009
-141.349 299.178 -0.009
-142.698 300.656 -0.009
-144.046 302.134 -0.009
-145.395 303.612 -0.009
-146.812 305.163 -0.009
-148.097 306.563 -0.009
-149.450 308.036 -0.009
-150.804 309.511 -0.009
-152.157 310.984 -0.009
-153.508 312.459 -0.010
-154.926 314.009 -0.010
-156.210 315.412 -0.010
-157.560 316.887 -0.010
-158.910 318.365 -0.010
-160.260 319.841 -0.010
-161.610 321.317 -0.010
-162.960 322.795 -0.010
-164.311 324.269 -0.010
-165.664 325.743 -0.010
-167.084 327.292 -0.011
-168.368 328.693 -0.011
-169.788 330.241 -0.011
-171.073 331.642 -0.011
-172.424 333.117 -0.011
-173.777 334.592 -0.011
-175.128 336.067 -0.011
-176.480 337.542 -0.011
-177.899 339.091 -0.012
-179.182 340.493 -0.012
-180.534 341.968 -0.012
-181.886 343.444 -0.012
-183.238 344.918 -0.012
-184.590 346.392 -0.012
-186.010 347.941 -0.012
-187.295 349.341 -0.012
-188.648 350.815 -0.012
-190.001 352.290 -0.013
-191.353 353.764 -0.013
-192.704 355.238 -0.013
-194.057 356.714 -0.013
-195.408 358.188 -0.013
-196.760 359.664 -0.013
-198.107 361.143 -0.013
-199.455 362.621 -0.013
-200.870 364.174 -0.014
-202.152 365.578 -0.014
-203.572 367.126 -0.014
-204.924 368.600 -0.014
-206.209 370.001 -0.014
-207.562 371.475 -0.014
-208.982 373.023 -0.014
-210.266 374.424 -0.014
-211.618 375.899 -0.015
-212.971 377.374 -0.015
-214.323 378.848 -0.015
-215.743 380.396 -0.015
-217.095 381.870 -0.015
-218.380 383.272 -0.015
-219.800 384.820 -0.015
-221.085 386.221 -0.016
-222.437 387.694 -0.016
-223.858 389.242 -0.016
-225.142 390.644 -0.016
-226.492 392.119 -0.016
-227.844 393.596 -0.016
-229.194 395.071 -0.016
-230.546 396.546 -0.017
-231.966 398.094 -0.017
-233.251 399.495 -0.017
-234.604 400.969 -0.017
-235.956 402.444 -0.017
-237.305 403.921 -0.017
-238.654 405.398 -0.017
-240.071 406.950 -0.018
-241.352 408.353 -0.018
-242.771 409.903 -0.018
-244.055 411.305 -0.018
-245.406 412.780 -0.018
-246.758 414.256 -0.018
-248.110 415.729 -0.018
-249.464 417.203 -0.019
-250.884 418.750 -0.019
-252.170 420.151 -0.019
-253.519 421.628 -0.019
-254.869 423.105 -0.019
-256.218 424.582 -0.019
-257.568 426.058 -0.019
-258.919 427.534 -0.020
-260.271 429.009 -0.020
-261.691 430.557 -0.020
-262.975 431.959 -0.020
-264.326 433.434 -0.020
-265.744 434.984 -0.020
-267.027 436.387 -0.021
-268.378 437.862 -0.021
-269.729 439.339 -0.021
-271.078 440.815 -0.021
-272.428 442.292 -0.021
-273.846 443.842 -0.021
-275.129 445.245 -0.022
-276.477 446.722 -0.022
-277.827 448.200 -0.022
-279.176 449.677 -0.022
-280.527 451.154 -0.022
-281.879 452.627 -0.022
-283.233 454.101 -0.023
-284.654 455.648 -0.023
-285.940 457.048 -0.023
-287.289 458.524 -0.023
-288.640 460.002 -0.023
-289.989 461.478 -0.023
-291.339 462.955 -0.024
-292.760 464.502 -0.024
-294.046 465.902 -0.024
-295.399 467.375 -0.024
-296.820 468.922 -0.024
-298.103 470.325 -0.024
-299.451 471.803 -0.025
-300.799 473.282 -0.025
-302.147 474.760 -0.025
-303.497 476.237 -0.025
-304.850 477.711 -0.025
-306.204 479.184 -0.025
-307.625 480.731 -0.026
-308.910 482.132 -0.026
-310.260 483.608 -0.026
-311.611 485.085 -0.026
-312.961 486.561 -0.026
-314.311 488.037 -0.026
-315.732 489.585 -0.027
-317.017 490.986 -0.027
-318.369 492.459 -0.027
-319.722 493.934 -0.027
-321.073 495.409 -0.027
-322.424 496.886 -0.028
-323.842 498.435 -0.028
-325.125 499.837 -0.028
-326.544 501.387 -0.028
-327.827 502.789 -0.028
-329.177 504.265 -0.028
-330.595 505.815 -0.029
-331.879 507.217 -0.029
-333.230 508.691 -0.029
-334.583 510.167 -0.029
-335.934 511.641 -0.029
-337.286 513.116 -0.030
-338.705 514.666 -0.030
-339.988 516.068 -0.030
-341.339 517.544 -0.030
-342.690 519.020 -0.030
-344.040 520.496 -0.031
-345.391 521.972 -0.031
-346.742 523.448 -0.031
-348.093 524.923 -0.031
-349.516 526.469 -0.031
-350.804 527.867 -0.032
-352.227 529.413 -0.032
-353.514 530.812 -0.032
-354.862 532.289 -0.032
-356.211 533.766 -0.032
-357.628 535.318 -0.033
-358.909 536.722 -0.033
-360.260 538.197 -0.033
-361.614 539.671 -0.033
-362.967 541.145 -0.033
-364.388 542.692 -0.034
-365.673 544.092 -0.034
-367.026 545.566 -0.034
-368.379 547.039 -0.034
-369.800 548.587 -0.034
-371.084 549.989 -0.035
-372.433 551.466 -0.035
-373.783 552.943 -0.035
-375.132 554.419 -0.035
-376.483 555.897 -0.035
-377.833 557.372 -0.036
-379.184 558.848 -0.036
-380.602 560.398 -0.036
-381.886 561.800 -0.036
-383.235 563.276 -0.036
-384.586 564.753 -0.037
-385.936 566.229 -0.037
-387.287 567.705 -0.037
-388.707 569.253 -0.037
-389.993 570.653 -0.038
-391.414 572.201 -0.038
-392.700 573.601 -0.038
-394.049 575.077 -0.038
-395.397 576.555 -0.038
-396.746 578.033 -0.039
-398.094 579.511 -0.039
-399.512 581.061 -0.039
-400.796 582.463 -0.039
-402.148 583.938 -0.039
-403.499 585.413 -0.040
-404.852 586.888 -0.040
-406.204 588.361 -0.040
-407.558 589.836 -0.040
-408.911 591.309 -0.041
-410.264 592.783 -0.041
-411.683 594.332 -0.041
-412.966 595.735 -0.041
-414.384 597.284 -0.042
-415.667 598.687 -0.042
-417.018 600.162 -0.042
-418.370 601.638 -0.042
-419.721 603.113 -0.042
-421.074 604.587 -0.043
-422.492 606.136 -0.043
-423.776 607.539 -0.043
-425.126 609.014 -0.043
-426.478 610.491 -0.044
-427.828 611.966 -0.044
-429.180 613.441 -0.044
-430.530 614.918 -0.044
-431.881 616.393 -0.044
-433.233 617.868 -0.045
-434.653 619.416 -0.045
-435.937 620.817 -0.045
-437.357 622.366 -0.045
-438.642 623.767 -0.046
-439.994 625.241 -0.046
-441.347 626.715 -0.046
-442.700 628.189 -0.046
-444.053 629.663 -0.047
-445.469 631.214 -0.047
-446.751 632.618 -0.047
-448.099 634.096 -0.047
-449.449 635.574 -0.048
-450.799 637.050 -0.048
-452.150 638.525 -0.048
-453.568 640.075 -0.048
-454.851 641.477 -0.049
-456.271 643.026 -0.049
-457.555 644.428 -0.049
-458.906 645.903 -0.049
-460.258 647.378 -0.050
-461.609 648.854 -0.050
-462.961 650.329 -0.050
-464.379 651.878 -0.050
-465.662 653.280 -0.051
-467.013 654.756 -0.051
-468.361 656.235 -0.051
-469.710 657.712 -0.051
-471.058 659.190 -0.052
-472.411 660.665 -0.052
-473.765 662.137 -0.052
-475.120 663.609 -0.052
-476.543 665.154 -0.053
-477.830 666.554 -0.053
-479.183 668.026 -0.053
-480.537 669.501 -0.053
-481.959 671.048 -0.054
-483.243 672.448 -0.054
-484.591 673.926 -0.054
-485.941 675.403 -0.054
-487.358 676.954 -0.055
-488.640 678.358 -0.055
-489.992 679.832 -0.055
-491.345 681.307 -0.055
-492.697 682.781 -0.056
-494.050 684.255 -0.056
-495.402 685.730 -0.056
-496.754 687.204 -0.056
-498.107 688.678 -0.057
-499.527 690.226 -0.057
-500.819 691.620 -0.057
-502.250 693.158 -0.058
-503.613 694.623 -0.058
-504.976 696.087 -0.058
-506.268 697.482 -0.058
-507.623 698.953 -0.059
-509.046 700.499 -0.059
-510.332 701.898 -0.059
-511.829 703.464 -0.059
-513.260 704.862 -0.060
-514.690 706.261 -0.060
-516.120 707.660 -0.060
-517.550 709.060 -0.061
-518.979 710.460 -0.061
-520.408 711.861 -0.061
-521.843 713.255 -0.061
-523.286 714.641 -0.062
-524.729 716.027 -0.062
-526.178 717.406 -0.062
-527.636 718.776 -0.062
-529.093 720.147 -0.063
-530.553 721.516 -0.063
-532.019 722.877 -0.063
-533.484 724.240 -0.064
-535.036 725.655 -0.064
-536.462 726.912 -0.064
-538.037 728.302 -0.064
-539.540 729.623 -0.065
-541.052 730.933 -0.065
-542.565 732.242 -0.065
-543.982 733.509 -0.065
-545.321 734.712 -0.066
-546.857 735.994 -0.066
-548.394 737.275 -0.066
-549.932 738.556 -0.067
-551.471 739.834 -0.067
-553.098 741.162 -0.067
-554.570 742.365 -0.067
-556.119 743.631 -0.068
-557.668 744.897 -0.068
-559.316 746.200 -0.068
-560.887 747.439 -0.069
-562.458 748.677 -0.069
-564.030 749.916 -0.069
-565.615 751.136 -0.069
-567.212 752.342 -0.070
-568.809 753.547 -0.070
-570.406 754.751 -0.070
-572.011 755.946 -0.071
-573.629 757.125 -0.071
-575.245 758.302 -0.071
-576.862 759.481 -0.071
-578.479 760.660 -0.072
-580.111 761.817 -0.072
-581.825 763.031 -0.072
-583.377 764.129 -0.073
-585.091 765.343 -0.073
-586.737 766.480 -0.073
-588.394 767.602 -0.073
-590.049 768.724 -0.074
-591.706 769.847 -0.074
-593.370 770.957 -0.074
-595.042 772.057 -0.075
-596.713 773.156 -0.075
-598.385 774.256 -0.075
-600.146 775.400 -0.075
-601.753 776.417 -0.076
-603.443 777.487 -0.076
-605.133 778.557 -0.076
-606.914 779.671 -0.077
-608.625 780.708 -0.077
-610.337 781.744 -0.077
-612.048 782.781 -0.078
-613.759 783.817 -0.078
-615.485 784.830 -0.078
-617.211 785.843 -0.078
-618.936 786.856 -0.079
-620.660 787.870 -0.079
-622.399 788.859 -0.079
-624.140 789.847 -0.080
-625.879 790.834 -0.080
-627.620 791.822 -0.080
-629.465 792.826 -0.080
-631.223 793.781 -0.081
-632.981 794.735 -0.081
-634.652 795.642 -0.081
-636.508 796.627 -0.082
-638.282 797.550 -0.082
-640.056 798.475 -0.082
-641.831 799.399 -0.083
-643.610 800.315 -0.083
-645.400 801.208 -0.083
-647.190 802.102 -0.083
-648.980 802.995 -0.084
-650.770 803.889 -0.084
-652.571 804.761 -0.084
-654.372 805.631 -0.085
-656.174 806.501 -0.085
-657.975 807.371 -0.085
-659.877 808.263 -0.085
-661.699 809.090 -0.086
-663.521 809.918 -0.086
-665.343 810.744 -0.086
-667.169 811.561 -0.087
-669.003 812.362 -0.087
-670.836 813.162 -0.087
-672.670 813.963 -0.088
-674.505 814.759 -0.088
-676.355 815.523 -0.088
-678.204 816.287 -0.088
-680.052 817.051 -0.089
-681.902 817.815 -0.089
-683.852 818.594 -0.089
-685.711 819.335 -0.090
-687.570 820.076 -0.090
-689.428 820.817 -0.090
-691.297 821.531 -0.091
-693.169 822.237 -0.091
-695.041 822.944 -0.091
-696.913 823.650 -0.091
-698.789 824.345 -0.092
-700.672 825.021 -0.092
-702.554 825.697 -0.092
-704.437 826.374 -0.093
-706.321 827.049 -0.093
-708.314 827.714 -0.093
-710.211 828.349 -0.093
-712.014 828.951 -0.094
-714.006 829.617 -0.094
-715.908 830.238 -0.094
-717.815 830.847 -0.095
-719.720 831.454 -0.095
-721.626 832.062 -0.095
-723.533 832.671 -0.096
-725.440 833.273 -0.096
-727.356 833.848 -0.096
-729.273 834.422 -0.096
-731.190 834.997 -0.097
-733.106 835.573 -0.097
-735.028 836.127 -0.097
-736.950 836.682 -0.098
-738.873 837.235 -0.098
-740.796 837.789 -0.098
-742.719 838.341 -0.098
-744.642 838.893 -0.099
-746.565 839.444 -0.099
-748.488 839.996 -0.099
-750.411 840.549 -0.100
-752.333 841.104 -0.100
-754.255 841.658 -0.100
-756.177 842.213 -0.101
-758.099 842.769 -0.101
-760.021 843.330 -0.101
-761.941 843.890 -0.101
-763.862 844.450 -0.102
-765.782 845.010 -0.102
-767.705 845.564 -0.102
-769.627 846.120 -0.103
-771.549 846.675 -0.103
-773.471 847.230 -0.103
-775.393 847.784 -0.104
-777.317 848.338 -0.104
-779.239 848.891 -0.104
-781.162 849.446 -0.105
-783.083 850.001 -0.105
-785.005 850.558 -0.105
-786.927 851.115 -0.105
-788.848 851.671 -0.106
-790.770 852.228 -0.106
-792.691 852.785 -0.106
-794.614 853.343 -0.107
-796.535 853.899 -0.107
-798.457 854.457 -0.107
-800.378 855.014 -0.108
-802.300 855.571 -0.108
-804.221 856.128 -0.108
-806.143 856.684 -0.109
-808.065 857.239 -0.109
-809.987 857.794 -0.109
-811.910 858.348 -0.110
-813.832 858.905 -0.110
-815.754 859.462 -0.110
-817.675 860.018 -0.111
-819.597 860.575 -0.111
-821.519 861.131 -0.111
-823.440 861.689 -0.111
-825.361 862.246 -0.112
-827.283 862.804 -0.112
-829.205 863.361 -0.112
-831.127 863.917 -0.113
-833.049 864.472 -0.113
-834.971 865.029 -0.113
-836.892 865.585 -0.114
-838.814 866.140 -0.114
-840.736 866.696 -0.114
-842.659 867.251 -0.115
-844.581 867.806 -0.115
-846.503 868.362 -0.115
-848.425 868.919 -0.116
-850.346 869.476 -0.116
-852.268 870.034 -0.116
-854.190 870.587 -0.117
-856.113 871.141 -0.117
-858.035 871.694 -0.117
-859.958 872.249 -0.118
-861.880 872.803 -0.118
-863.802 873.360 -0.118
-865.724 873.916 -0.119
-867.646 874.473 -0.119
-869.566 875.034 -0.119
-871.486 875.596 -0.120
-873.406 876.159 -0.120
-875.325 876.722 -0.120
-877.243 877.295 -0.121
-879.158 877.875 -0.121
-881.072 878.455 -0.121
-882.987 879.035 -0.122
-884.897 879.632 -0.122
-886.803 880.240 -0.123
-888.709 880.848 -0.123
-890.615 881.457 -0.123
-892.422 882.043 -0.124
-894.319 882.682 -0.124
-896.310 883.351 -0.124
-898.111 883.957 -0.125
-900.006 884.600 -0.125
-901.886 885.286 -0.125
-903.765 885.971 -0.126
-905.645 886.657 -0.126
-907.524 887.344 -0.126
-909.288 888.051 -0.127
-911.238 888.833 -0.127
-913.003 889.540 -0.128
-914.859 890.285 -0.128
-916.692 891.085 -0.128
-918.523 891.893 -0.129
-920.353 892.703 -0.129
-922.182 893.512 -0.129
-923.900 894.327 -0.130
-925.704 895.191 -0.130
-927.504 896.064 -0.131
-929.281 896.983 -0.131
-931.056 897.907 -0.131
-932.829 898.834 -0.132
-934.495 899.748 -0.132
-936.234 900.737 -0.132
-937.961 901.746 -0.133
-939.672 902.784 -0.133
-941.378 903.828 -0.134
-942.987 904.842 -0.134
-944.664 905.931 -0.134
-946.314 907.063 -0.135
-947.879 908.142 -0.135
-949.511 909.300 -0.136
-951.125 910.480 -0.136
-952.704 911.709 -0.136
-954.281 912.942 -0.137
-955.837 914.198 -0.137
-957.292 915.422 -0.138
-958.794 916.743 -0.138
-960.218 918.002 -0.138
-961.683 919.364 -0.139
-963.136 920.739 -0.139
-964.473 922.091 -0.140
-965.867 923.526 -0.140
-967.247 924.975 -0.141
-968.517 926.389 -0.141
-969.827 927.899 -0.141
-971.121 929.425 -0.142
-972.324 930.897 -0.142
-973.556 932.475 -0.143
-974.690 933.998 -0.143
-975.833 935.641 -0.143
-976.969 937.288 -0.144
-978.080 938.952 -0.144
-979.091 940.561 -0.145
-980.105 942.286 -0.145
-981.060 943.928 -0.145
-982.011 945.689 -0.146
-982.935 947.463 -0.146
-983.748 949.181 -0.147
-984.599 950.993 -0.147
-985.363 952.733 -0.147
-986.131 954.580 -0.148
-986.847 956.448 -0.148
-987.553 958.320 -0.149
-988.182 960.113 -0.149
-988.789 962.019 -0.149
-989.318 963.845 -0.150
-989.854 965.772 -0.150
-990.315 967.616 -0.150
-990.767 969.565 -0.151
-991.159 971.526 -0.151
-991.519 973.495 -0.152
-991.835 975.369 -0.152
-992.127 977.348 -0.152
-992.358 979.234 -0.153
-992.555 981.226 -0.153
-992.735 983.218 -0.153
-992.846 985.115 -0.154
-992.930 987.014 -0.154
-992.937 989.014 -0.154
-992.937 991.015 -0.154
-992.893 993.015 -0.155
-992.811 994.914 -0.155
-992.646 996.908 -0.155
-992.487 998.803 -0.156
-992.283 1000.793 -0.156
-992.051 1002.780 -0.156
-991.729 1004.653 -0.156
-991.392 1006.625 -0.157
-991.029 1008.592 -0.157
-990.625 1010.450 -0.157
-990.147 1012.392 -0.157
-989.689 1014.237 -0.158
-989.167 1016.169 -0.158
-988.608 1018.089 -0.158
-988.004 1019.891 -0.158
-987.348 1021.781 -0.158
-986.643 1023.653 -0.159
-985.908 1025.514 -0.159
-985.165 1027.263 -0.159
-984.351 1029.091 -0.159
-983.541 1030.809 -0.159
-982.645 1032.599 -0.159
-981.760 1034.281 -0.160
-980.782 1036.026 -0.160
-979.796 1037.767 -0.160
-978.759 1039.478 -0.160
-977.748 1041.087 -0.160
-976.632 1042.748 -0.160
-975.571 1044.324 -0.160
-974.388 1045.939 -0.160
-973.188 1047.539 -0.160
-971.986 1049.011 -0.161
-970.702 1050.545 -0.161
-969.464 1051.988 -0.161
-968.140 1053.487 -0.161
-966.833 1054.866 -0.161
-965.432 1056.295 -0.161
-964.012 1057.703 -0.161
-962.564 1059.084 -0.161
-961.150 1060.354 -0.161
-959.634 1061.659 -0.161
-958.181 1062.885 -0.161
-956.630 1064.150 -0.161
-955.125 1065.309 -0.161
-953.502 1066.478 -0.161
-951.865 1067.629 -0.161
-950.284 1068.684 -0.161
-948.592 1069.751 -0.160
-946.880 1070.787 -0.160
-945.252 1071.767 -0.160
-943.503 1072.740 -0.160
-941.738 1073.683 -0.160
-940.036 1074.526 -0.160
-938.239 1075.405 -0.160
-936.420 1076.239 -0.160
-934.670 1076.981 -0.160
-932.813 1077.725 -0.159
-930.948 1078.451 -0.159
-929.156 1079.084 -0.159
-927.252 1079.697 -0.159
-925.433 1080.247 -0.159
-923.514 1080.813 -0.159
-921.676 1081.297 -0.158
-919.727 1081.748 -0.158
-917.770 1082.165 -0.158
-915.808 1082.557 -0.158
-913.934 1082.873 -0.158
-911.959 1083.193 -0.157
-910.076 1083.445 -0.157
-907.989 1083.693 -0.157
-906.097 1083.854 -0.157
-904.101 1083.996 -0.156
-902.203 1084.096 -0.156
-900.203 1084.148 -0.156
-898.303 1084.158 -0.156
-896.302 1084.136 -0.155
-894.402 1084.101 -0.155
-892.405 1083.972 -0.155
-890.510 1083.838 -0.154
-888.519 1083.642 -0.154
-886.532 1083.415 -0.154
-884.553 1083.114 -0.154
-882.575 1082.810 -0.153
-880.603 1082.478 -0.153
-878.742 1082.094 -0.153
-876.890 1081.661 -0.152
-874.942 1081.206 -0.152
-873.009 1080.692 -0.152
-871.079 1080.164 -0.151
-869.261 1079.614 -0.151
-867.360 1078.986 -0.150
-865.565 1078.365 -0.150
-863.686 1077.678 -0.150
-861.812 1076.976 -0.149
-859.955 1076.234 -0.149
-858.194 1075.518 -0.149
-856.360 1074.718 -0.148
-854.539 1073.888 -0.148
-852.832 1073.055 -0.148
-850.944 1072.132 -0.147
-849.257 1071.256 -0.147
-847.576 1070.369 -0.146
-845.833 1069.387 -0.146
-844.089 1068.406 -0.146
-842.366 1067.390 -0.145
-840.658 1066.347 -0.145
-839.042 1065.349 -0.144
-837.359 1064.266 -0.144
-835.682 1063.175 -0.144
-834.031 1062.046 -0.143
-832.463 1060.971 -0.143
-830.846 1059.793 -0.142
-829.231 1058.612 -0.142
-827.628 1057.414 -0.142
-826.108 1056.274 -0.141
-824.462 1054.968 -0.141
-822.974 1053.786 -0.140
-821.420 1052.526 -0.140
-819.871 1051.260 -0.140
-818.351 1049.957 -0.139
-816.833 1048.655 -0.139
-815.329 1047.336 -0.138
-813.901 1046.082 -0.138
-812.416 1044.740 -0.138
-810.937 1043.394 -0.137
-809.472 1042.030 -0.137
-808.014 1040.661 -0.136
-806.569 1039.277 -0.136
-805.130 1037.886 -0.135
-803.780 1036.549 -0.135
-802.367 1035.132 -0.135
-800.956 1033.715 -0.134
-799.544 1032.297 -0.134
-798.148 1030.865 -0.133
-796.764 1029.419 -0.133
-795.382 1027.973 -0.133
-793.999 1026.526 -0.132
-792.615 1025.081 -0.132
-791.227 1023.641 -0.131
-789.926 1022.255 -0.131
-788.493 1020.719 -0.131
-787.195 1019.330 -0.130
-785.762 1017.794 -0.130
-784.405 1016.324 -0.129
-783.047 1014.854 -0.129
-781.691 1013.383 -0.129
-780.334 1011.914 -0.128
-778.982 1010.439 -0.128
-777.703 1009.033 -0.127
-776.288 1007.480 -0.127
-775.009 1006.074 -0.127
-773.590 1004.525 -0.126
-772.237 1003.052 -0.126
-770.883 1001.578 -0.125
-769.598 1000.178 -0.125
-768.179 998.628 -0.125
-766.896 997.226 -0.124
-765.547 995.750 -0.124
-764.196 994.273 -0.123
-762.782 992.719 -0.123
-761.503 991.312 -0.123
-760.089 989.759 -0.122
-758.811 988.353 -0.122
-757.392 986.804 -0.122
-756.107 985.403 -0.121
-754.687 983.855 -0.121
-753.335 982.381 -0.120
-751.982 980.906 -0.120
-750.696 979.507 -0.120
-749.276 977.959 -0.119
-747.990 976.558 -0.119
-746.571 975.010 -0.118
-745.289 973.606 -0.118
-743.939 972.130 -0.118
-742.588 970.654 -0.117
-741.171 969.105 -0.117
-739.818 967.630 -0.117
-738.465 966.156 -0.116
-737.112 964.682 -0.116
-735.827 963.282 -0.115
-734.409 961.732 -0.115
-733.125 960.329 -0.115
-731.707 958.780 -0.114
-730.357 957.304 -0.114
-729.004 955.829 -0.113
-727.719 954.429 -0.113
-726.299 952.881 -0.113
-725.014 951.480 -0.112
-723.596 949.930 -0.112
-722.313 948.527 -0.112
-720.964 947.051 -0.111
-719.613 945.575 -0.111
-718.194 944.025 -0.110
-716.910 942.624 -0.110
-715.491 941.075 -0.110
-714.140 939.600 -0.109
-712.789 938.123 -0.109
-711.507 936.720 -0.109
-710.157 935.244 -0.108
-708.807 933.768 -0.108
-707.388 932.219 -0.108
-706.036 930.743 -0.107
-704.751 929.343 -0.107
-703.332 927.794 -0.106
-702.047 926.393 -0.106
-700.628 924.845 -0.106
-699.275 923.371 -0.105
-697.991 921.970 -0.105
-696.639 920.495 -0.105
-695.220 918.945 -0.104
-693.936 917.544 -0.104
-692.517 915.995 -0.104
-691.167 914.519 -0.103
-689.817 913.041 -0.103
-688.536 911.636 -0.102
-687.120 910.085 -0.102
-685.836 908.684 -0.102
-684.413 907.138 -0.101
-683.126 905.739 -0.101
-681.704 904.193 -0.101
-680.351 902.720 -0.100
-679.070 901.316 -0.100
-677.721 899.838 -0.100
-676.305 898.286 -0.099
-674.956 896.808 -0.099
-673.672 895.408 -0.099
-672.252 893.859 -0.098
-670.900 892.384 -0.098
-669.548 890.910 -0.098
-668.199 889.433 -0.097
-666.918 888.029 -0.097
-665.501 886.477 -0.096
-664.152 884.999 -0.096
-662.865 883.601 -0.096
-661.443 882.055 -0.095
-660.088 880.582 -0.095
-658.733 879.110 -0.095
-657.380 877.637 -0.094
-656.027 876.162 -0.094
-654.742 874.762 -0.094
-653.322 873.214 -0.093
-651.969 871.740 -0.093
-650.615 870.266 -0.093
-649.263 868.793 -0.092
-647.977 867.393 -0.092
-646.625 865.917 -0.092
-645.277 864.440 -0.091
-643.860 862.889 -0.091
-642.578 861.486 -0.091
-641.158 859.938 -0.090
-639.803 858.465 -0.090
-638.448 856.993 -0.090
-637.095 855.520 -0.089
-635.741 854.046 -0.089
-634.456 852.646 -0.089
-633.036 851.098 -0.088
-631.751 849.697 -0.088
-630.333 848.147 -0.088
-629.051 846.744 -0.087
-627.633 845.194 -0.087
-626.284 843.717 -0.087
-624.932 842.241 -0.086
-623.647 840.841 -0.086
-622.228 839.292 -0.086
-620.944 837.890 -0.085
-619.525 836.341 -0.085
-618.174 834.867 -0.085
-616.890 833.465 -0.084
-615.538 831.990 -0.084
-614.121 830.440 -0.084
-612.770 828.963 -0.083
-611.421 827.486 -0.083
-610.070 826.010 -0.083
-608.787 824.608 -0.083
-607.369 823.058 -0.082
-606.085 821.656 -0.082
-604.667 820.106 -0.082
-603.314 818.633 -0.081
-601.960 817.159 -0.081
-600.673 815.760 -0.081
-599.252 814.213 -0.080
-597.968 812.811 -0.080
-596.549 811.262 -0.080
-595.199 809.787 -0.079
-593.847 808.311 -0.079
-592.566 806.907 -0.079
-591.150 805.355 -0.078
-589.870 803.950 -0.078
-588.454 802.398 -0.078
-587.170 800.997 -0.077
-585.749 799.449 -0.077
-584.397 797.976 -0.077
-583.043 796.501 -0.077
-581.758 795.102 -0.076
-580.338 793.554 -0.076
-579.053 792.153 -0.076
-577.704 790.676 -0.075
-576.287 789.125 -0.075
-575.005 787.721 -0.075
-573.589 786.170 -0.074
-572.306 784.767 -0.074
-570.889 783.216 -0.074
-569.539 781.740 -0.073
-568.189 780.263 -0.073
-566.903 778.863 -0.073
-565.483 777.316 -0.073
-564.197 775.915 -0.072
-562.776 774.368 -0.072
-561.426 772.893 -0.072
-560.142 771.491 -0.071
-558.723 769.941 -0.071
-557.372 768.466 -0.071
-556.088 767.063 -0.070
-554.670 765.514 -0.070
-553.387 764.111 -0.070
-551.969 762.561 -0.070
-550.684 761.161 -0.069
-549.263 759.614 -0.069
-547.978 758.213 -0.069
-546.625 756.740 -0.068
-545.205 755.192 -0.068
-543.920 753.791 -0.068
-542.501 752.242 -0.068
-541.149 750.768 -0.067
-539.797 749.292 -0.067
-538.446 747.817 -0.067
-537.094 746.341 -0.066
-535.810 744.941 -0.066
-534.391 743.391 -0.066
-533.108 741.989 -0.066
-531.690 740.439 -0.065
-530.407 739.037 -0.065
-528.988 737.487 -0.065
-527.704 736.086 -0.064
-526.284 734.538 -0.064
-524.999 733.137 -0.064
-523.580 731.589 -0.064
-522.228 730.115 -0.063
-520.875 728.639 -0.063
-519.590 727.239 -0.063
-518.170 725.691 -0.062
-516.886 724.290 -0.062
-515.534 722.815 -0.062
-514.114 721.267 -0.062
-512.830 719.866 -0.061
-511.412 718.315 -0.061
-510.130 716.912 -0.061
-508.712 715.362 -0.061
-507.362 713.886 -0.060
-506.008 712.412 -0.060
-504.723 711.012 -0.060
-503.302 709.465 -0.059
-502.017 708.064 -0.059
-500.599 706.514 -0.059
-499.316 705.111 -0.059
-497.899 703.561 -0.058
-496.616 702.159 -0.058
-495.194 700.612 -0.058
-493.906 699.214 -0.058
-492.483 697.669 -0.057
-491.128 696.198 -0.057
-489.843 694.797 -0.057
-488.495 693.319 -0.056
-487.079 691.767 -0.056
-485.799 690.362 -0.056
-484.383 688.809 -0.056
-483.099 687.407 -0.055
-481.749 685.932 -0.055
-480.330 684.382 -0.055
-479.047 682.980 -0.055
-477.629 681.430 -0.054
-476.346 680.027 -0.054
-474.928 678.477 -0.054
-473.646 677.075 -0.054
-472.228 675.525 -0.053
-470.944 674.123 -0.053
-469.525 672.574 -0.053
-468.242 671.171 -0.053
-466.825 669.621 -0.052
-465.542 668.218 -0.052
-464.125 666.667 -0.052
-462.843 665.265 -0.052
-461.423 663.716 -0.051
-460.137 662.316 -0.051
-458.716 660.769 -0.051
-457.363 659.296 -0.051
-456.012 657.819 -0.050
-454.731 656.416 -0.050
-453.315 654.864 -0.050
-452.034 653.460 -0.050
-450.617 651.908 -0.049
-449.335 650.505 -0.049
-447.919 648.954 -0.049
-446.570 647.477 -0.049
-445.217 646.001 -0.048
-443.864 644.528 -0.048
-442.511 643.055 -0.048
-441.158 641.580 -0.048
-439.874 640.180 -0.047
-438.455 638.631 -0.047
-437.171 637.229 -0.047
-435.752 635.680 -0.047
-434.468 634.278 -0.046
-433.051 632.727 -0.046
-431.768 631.325 -0.046
-430.351 629.775 -0.046
-429.068 628.372 -0.045
-427.650 626.822 -0.045
-426.367 625.419 -0.045
-424.949 623.869 -0.045
-423.599 622.394 -0.045
-422.245 620.919 -0.044
-420.892 619.446 -0.044
-419.539 617.972 -0.044
-418.254 616.571 -0.044
-416.837 615.020 -0.043
-415.489 613.543 -0.043
-414.207 612.139 -0.043
-412.859 610.661 -0.043
-411.444 609.108 -0.042
-410.164 607.703 -0.042
-408.749 606.150 -0.042
-407.468 604.746 -0.042
-406.047 603.198 -0.042
-404.695 601.724 -0.041
-403.342 600.249 -0.041
-402.057 598.849 -0.041
-400.639 597.301 -0.041
-399.286 595.825 -0.040
-398.002 594.425 -0.040
-396.583 592.876 -0.040
-395.301 591.472 -0.040
-393.952 589.996 -0.040
-392.535 588.445 -0.039
-391.183 586.968 -0.039
-389.831 585.494 -0.039
-388.479 584.019 -0.039
-387.194 582.619 -0.038
-385.774 581.071 -0.038
-384.489 579.670 -0.038
-383.069 578.121 -0.038
-381.717 576.647 -0.038
-380.364 575.173 -0.037
-379.078 573.774 -0.037
-377.657 572.226 -0.037
-376.371 570.827 -0.037
-374.947 569.282 -0.036
-373.591 567.812 -0.036
-372.234 566.341 -0.036
-370.878 564.870 -0.036
-369.593 563.469 -0.036
-368.174 561.920 -0.035
-366.891 560.518 -0.035
-365.472 558.969 -0.035
-364.186 557.569 -0.035
-362.765 556.022 -0.035
-361.412 554.549 -0.034
-360.058 553.075 -0.034
-358.772 551.675 -0.034
-357.353 550.127 -0.034
-356.068 548.726 -0.034
-354.648 547.177 -0.033
-353.364 545.776 -0.033
-351.944 544.227 -0.033
-350.660 542.827 -0.033
-349.241 541.279 -0.033
-347.956 539.878 -0.032
-346.536 538.330 -0.032
-345.183 536.855 -0.032
-343.898 535.454 -0.032
-342.478 533.906 -0.032
-341.193 532.506 -0.031
-339.773 530.957 -0.031
-338.489 529.556 -0.031
-337.069 528.008 -0.031
-335.784 526.608 -0.031
-334.365 525.059 -0.030
-333.080 523.658 -0.030
-331.728 522.184 -0.030
-330.379 520.706 -0.030
-328.962 519.154 -0.030
-327.681 517.751 -0.029
-326.265 516.200 -0.029
-324.912 514.725 -0.029
-323.558 513.252 -0.029
-322.205 511.779 -0.029
-320.919 510.379 -0.029
-319.570 508.900 -0.028
-318.224 507.421 -0.028
-316.877 505.942 -0.028
-315.463 504.389 -0.028
-314.112 502.912 -0.028
-312.827 501.512 -0.027
-311.408 499.963 -0.027
-310.123 498.562 -0.027
-308.704 497.013 -0.027
-307.421 495.610 -0.027
-306.003 494.061 -0.027
-304.720 492.658 -0.026
-303.302 491.108 -0.026
-302.019 489.706 -0.026
-300.602 488.155 -0.026
-299.319 486.752 -0.026
-297.900 485.203 -0.025
-296.615 483.802 -0.025
-295.195 482.255 -0.025
-293.910 480.855 -0.025
-292.489 479.307 -0.025
-291.206 477.905 -0.025
-289.786 476.356 -0.024
-288.435 474.882 -0.024
-287.151 473.480 -0.024
-285.801 472.003 -0.024
-284.383 470.453 -0.024
-283.101 469.050 -0.024
-281.683 467.499 -0.023
-280.399 466.098 -0.023
-279.047 464.624 -0.023
-277.627 463.075 -0.023
-276.343 461.674 -0.023
-274.924 460.125 -0.023
-273.572 458.651 -0.022
-272.220 457.175 -0.022
-270.936 455.774 -0.022
-269.517 454.225 -0.022
-268.166 452.749 -0.022
-266.814 451.274 -0.022
-265.531 449.872 -0.021
-264.112 448.323 -0.021
-262.762 446.847 -0.021
-261.411 445.371 -0.021
-260.127 443.969 -0.021
-258.710 442.418 -0.021
-257.427 441.015 -0.020
-256.010 439.465 -0.020
-254.728 438.061 -0.020
-253.310 436.511 -0.020
-252.028 435.109 -0.020
-250.610 433.558 -0.020
-249.328 432.155 -0.020
-247.907 430.608 -0.019
-246.553 429.135 -0.019
-245.200 427.661 -0.019
-243.847 426.188 -0.019
-242.496 424.713 -0.019
-241.212 423.311 -0.019
-239.794 421.761 -0.018
-238.442 420.285 -0.018
-237.157 418.885 -0.018
-235.737 417.337 -0.018
-234.451 415.937 -0.018
-233.031 414.389 -0.018
-231.679 412.915 -0.018
-230.326 411.440 -0.017
-229.041 410.040 -0.017
-227.622 408.491 -0.017
-226.337 407.090 -0.017
-224.918 405.541 -0.017
-223.567 404.067 -0.017
-222.214 402.591 -0.017
-220.931 401.189 -0.016
-219.514 399.638 -0.016
-218.232 398.235 -0.016
-216.815 396.684 -0.016
-215.532 395.282 -0.016
-214.180 393.807 -0.016
-212.761 392.258 -0.016
-211.477 390.857 -0.016
-210.057 389.308 -0.015
-208.705 387.834 -0.015
-207.420 386.434 -0.015
-206.067 384.960 -0.015
-204.646 383.412 -0.015
-203.360 382.012 -0.015
-201.939 380.465 -0.015
-200.654 379.064 -0.014
-199.303 377.590 -0.014
-197.952 376.113 -0.014
-196.535 374.562 -0.014
-195.253 373.159 -0.014
-193.835 371.609 -0.014
-192.551 370.207 -0.014
-191.133 368.658 -0.014
-189.782 367.183 -0.013
-188.431 365.706 -0.013
-187.147 364.305 -0.013
-185.729 362.755 -0.013
-184.446 361.352 -0.013
-183.028 359.802 -0.013
-181.677 358.327 -0.013
-180.394 356.925 -0.013
-178.975 355.376 -0.012
-177.624 353.901 -0.012
-176.270 352.426 -0.012
-174.985 351.027 -0.012
-173.564 349.479 -0.012
-172.279 348.079 -0.012
-170.863 346.527 -0.012
-169.583 345.121 -0.012
-168.169 343.568 -0.011
-166.889 342.162 -0.011
-165.470 340.614 -0.011
-164.181 339.217 -0.011
-162.758 337.672 -0.011
-161.402 336.200 -0.011
-160.050 334.726 -0.011
-158.700 333.249 -0.011
-157.350 331.772 -0.011
-156.067 330.370 -0.010
-154.650 328.819 -0.010
-153.368 327.416 -0.010
-151.951 325.865 -0.010
-150.669 324.462 -0.010
-149.251 322.911 -0.010
-147.968 321.509 -0.010
-146.550 319.959 -0.010
-145.267 318.558 -0.010
-143.849 317.009 -0.010
-142.494 315.535 -0.009
-141.208 314.136 -0.009
-139.787 312.589 -0.009
-138.501 311.189 -0.009
-137.085 309.637 -0.009
-135.804 308.233 -0.009
-134.388 306.681 -0.009
-133.107 305.277 -0.009
-131.686 303.730 -0.009
-130.401 302.330 -0.009
-128.980 300.782 -0.008
-127.694 299.382 -0.008
-126.346 297.905 -0.008
-124.929 296.353 -0.008
-123.580 294.875 -0.008
-122.298 293.472 -0.008
-120.877 291.925 -0.008
-119.524 290.450 -0.008
-118.171 288.977 -0.008
-116.886 287.576 -0.008
-115.538 286.099 -0.007
-114.189 284.620 -0.007
-112.773 283.069 -0.007
-111.493 281.664 -0.007
-110.071 280.117 -0.007
-108.717 278.644 -0.007
-107.363 277.171 -0.007
-106.009 275.699 -0.007
-104.723 274.299 -0.007
-103.302 272.752 -0.007
-101.950 271.278 -0.007
-100.596 269.803 -0.007
-99.314 268.401 -0.006
-97.899 266.849 -0.006
-96.619 265.443 -0.006
-95.204 263.891 -0.006
-93.854 262.414 -0.006
-92.501 260.939 -0.006
-91.216 259.538 -0.006
-89.796 257.991 -0.006
-88.511 256.591 -0.006
-87.088 255.045 -0.006
-85.734 253.573 -0.006
-84.379 252.099 -0.006
-83.026 250.627 -0.005
-81.674 249.151 -0.005
-80.322 247.677 -0.005
-78.970 246.203 -0.005
-77.618 244.727 -0.005
-76.335 243.325 -0.005
-74.916 241.776 -0.005
-73.633 240.373 -0.005
-72.214 238.824 -0.005
-70.928 237.424 -0.005
-69.507 235.877 -0.005
-68.221 234.478 -0.005
-66.801 232.930 -0.005
-65.518 231.527 -0.005
-64.168 230.052 -0.004
-62.817 228.574 -0.004
-61.399 227.024 -0.004
-60.048 225.550 -0.004
-58.696 224.074 -0.004
-57.412 222.674 -0.004
-55.992 221.125 -0.004
-54.705 219.726 -0.004
-53.350 218.255 -0.004
-51.927 216.709 -0.004
-50.572 215.237 -0.004
-49.224 213.758 -0.004
-47.946 212.351 -0.004
-46.534 210.796 -0.004
-45.256 209.390 -0.004
-43.841 207.836 -0.004
-42.560 206.432 -0.003
-41.144 204.881 -0.003
-39.863 203.476 -0.003
-38.445 201.927 -0.003
-37.093 200.452 -0.003
-35.741 198.977 -0.003
-34.456 197.576 -0.003
-33.036 196.028 -0.003
-31.751 194.627 -0.003
-30.331 193.079 -0.003
-29.046 191.678 -0.003
-27.629 190.128 -0.003
-26.348 188.723 -0.003
-25.000 187.245 -0.003
-23.652 185.767 -0.003
-22.231 184.219 -0.003
-20.942 182.823 -0.003
-19.517 181.279 -0.003
-18.161 179.809 -0.003
-16.875 178.409 -0.003
-15.524 176.933 -0.002
-14.108 175.382 -0.002
-12.758 173.904 -0.002
-11.474 172.503 -0.002
-10.055 170.954 -0.002
-8.770 169.553 -0.002
-7.350 168.005 -0.002
-6.065 166.604 -0.002
-4.645 165.057 -0.002
-3.359 163.657 -0.002
-1.939 162.109 -0.002
-0.656 160.707 -0.002
0.762 159.156 -0.002
2.111 157.680 -0.002
3.462 156.203 -0.002
4.814 154.729 -0.002
6.167 153.254 -0.002
7.452 151.854 -0.002
8.872 150.306 -0.002
10.158 148.906 -0.002
11.579 147.359 -0.002
12.933 145.886 -0.002
14.218 144.486 -0.002
15.635 142.935 -0.002
16.916 141.531 -0.002
18.333 139.979 -0.002
19.614 138.576 -0.002
21.031 137.025 -0.002
22.314 135.622 -0.001
23.732 134.072 -0.001
25.014 132.669 -0.001
26.432 131.119 -0.001
27.716 129.717 -0.001
29.134 128.167 -0.001
30.485 126.692 -0.001
31.839 125.219 -0.001
33.125 123.819 -0.001
34.546 122.272 -0.001
35.898 120.798 -0.001
37.251 119.323 -0.001
38.535 117.922 -0.001
39.954 116.373 -0.001
41.238 114.971 -0.001
42.655 113.421 -0.001
43.938 112.018 -0.001
45.287 110.542 -0.001
46.707 108.993 -0.001
48.061 107.519 -0.001
49.414 106.045 -0.001
50.766 104.572 -0.001
52.051 103.171 -0.001
53.402 101.695 -0.001
54.819 100.145 -0.001
56.102 98.742 -0.001
57.452 97.266 -0.001
58.869 95.715 -0.001
60.220 94.238 -0.001
61.503 92.836 -0.001
62.919 91.285 -0.001
64.201 89.881 -0.001
65.617 88.330 -0.001
66.899 86.926 -0.001
68.315 85.374 -0.001
69.596 83.969 -0.001
71.011 82.417 -0.001
72.292 81.013 -0.001
73.710 79.463 -0.001
74.995 78.063 -0.001
76.416 76.515 -0.001
77.768 75.041 -0.001
79.052 73.640 -0.001
80.403 72.163 -0.001
81.820 70.612 -0.001
83.103 69.210 -0.001
84.522 67.661 -0.001
85.807 66.260 -0.001
87.227 64.712 -0.001
88.511 63.311 -0.001
89.931 61.763 -0.001
91.284 60.289 -0.001
92.636 58.815 -0.001
93.990 57.341 -0.001
95.272 55.938 -0.001
96.618 54.458 -0.001
97.964 52.978 -0.001
99.378 51.424 -0.001
100.660 50.020 -0.001
102.081 48.473 -0.001
103.435 47.001 -0.001
104.790 45.527 -0.001
106.075 44.128 -0.001
107.494 42.579 -0.001
108.779 41.178 -0.001
110.198 39.629 -0.001
111.548 38.153 -0.001
112.898 36.676 -0.001
114.247 35.199 -0.001
115.597 33.722 -0.001
116.879 32.318 -0.001
118.296 30.767 -0.001
119.578 29.364 -0.001
120.995 27.813 -0.001
122.278 26.410 -0.001
123.628 24.935 -0.001
124.979 23.459 -0.001
126.397 21.909 -0.001
127.679 20.505 -0.001
129.095 18.954 -0.001
130.377 17.550 -0.001
131.794 15.999 -0.001
133.076 14.595 -0.001
134.492 13.044 -0.001
135.774 11.641 -0.001
137.192 10.092 -0.001
138.548 8.620 -0.002
139.837 7.223 -0.002
141.261 5.679 -0.002
142.548 4.280 -0.002
143.895 2.802 -0.002
145.243 1.322 -0.002
146.590 -0.156 -0.002
147.938 -1.636 -0.002
149.346 -3.195 -0.002
150.619 -4.606 -0.002
152.025 -6.167 -0.002
153.298 -7.578 -0.002
154.624 -9.077 -0.002
155.945 -10.578 -0.002
157.268 -12.080 -0.002
158.590 -13.581 -0.002
159.894 -15.099 -0.002
161.196 -16.618 -0.002
162.491 -18.143 -0.002
163.784 -19.670 -0.002
164.998 -21.133 -0.002
166.266 -22.680 -0.002
167.519 -24.240 -0.002
168.760 -25.809 -0.002
169.990 -27.387 -0.002
171.205 -28.977 -0.002
172.408 -30.575 -0.002
173.600 -32.181 -0.002
174.729 -33.711 -0.002
175.961 -35.413 -0.003
177.067 -36.958 -0.003
178.216 -38.597 -0.003
179.356 -40.239 -0.003
180.475 -41.899 -0.003
181.527 -43.482 -0.003
182.590 -45.177 -0.003
183.648 -46.875 -0.003
184.682 -48.587 -0.003
185.690 -50.316 -0.003
186.687 -52.050 -0.003
187.630 -53.700 -0.003
188.596 -55.453 -0.003
189.559 -57.206 -0.003
190.471 -58.988 -0.003
191.381 -60.769 -0.003
192.213 -62.478 -0.003
193.069 -64.286 -0.003
193.889 -66.111 -0.003
194.703 -67.939 -0.003
195.451 -69.686 -0.003
196.207 -71.538 -0.003
196.917 -73.408 -0.003
197.569 -75.194 -0.004
198.228 -77.083 -0.004
198.852 -78.984 -0.004
199.417 -80.798 -0.004
199.958 -82.725 -0.004
200.464 -84.556 -0.004
200.940 -86.500 -0.004
201.392 -88.449 -0.004
201.822 -90.402 -0.004
202.243 -92.358 -0.004
202.611 -94.325 -0.004
202.929 -96.199 -0.004
203.209 -98.180 -0.004
203.464 -100.063 -0.004
203.661 -102.054 -0.004
203.822 -103.948 -0.004
203.926 -105.946 -0.004
204.029 -107.943 -0.004
204.073 -109.944 -0.004
204.094 -111.845 -0.004
204.048 -113.845 -0.004
203.992 -115.845 -0.004
203.894 -117.743 -0.004
203.734 -119.737 -0.004
203.516 -121.726 -0.004
203.293 -123.714 -0.004
203.021 -125.595 -0.004
202.713 -127.572 -0.004
202.352 -129.438 -0.005
201.956 -131.399 -0.005
201.533 -133.251 -0.005
201.024 -135.186 -0.005
200.457 -137.105 -0.005
199.879 -139.021 -0.005
199.297 -140.830 -0.005
198.657 -142.725 -0.005
197.997 -144.507 -0.005
197.278 -146.375 -0.005
196.532 -148.230 -0.005
195.783 -149.978 -0.005
194.913 -151.779 -0.005
194.066 -153.480 -0.005
193.163 -155.267 -0.005
192.258 -156.938 -0.005
191.245 -158.663 -0.005
190.204 -160.372 -0.005
189.162 -162.080 -0.005
188.118 -163.667 -0.005
186.991 -165.320 -0.005
185.868 -166.853 -0.005
184.685 -168.468 -0.005
183.530 -169.976 -0.005
182.246 -171.510 -0.005
180.934 -173.021 -0.005
179.682 -174.451 -0.005
178.347 -175.942 -0.005
177.015 -177.297 -0.005
175.586 -178.697 -0.005
174.147 -180.088 -0.005
172.740 -181.365 -0.005
171.239 -182.687 -0.005
169.778 -183.904 -0.005
168.220 -185.160 -0.005
166.724 -186.330 -0.005
165.116 -187.519 -0.005
163.474 -188.664 -0.005
161.897 -189.725 -0.005
160.227 -190.825 -0.005
158.609 -191.823 -0.005
156.886 -192.839 -0.005
155.137 -193.810 -0.005
153.474 -194.733 -0.005
151.693 -195.643 -0.005
149.984 -196.477 -0.005
148.159 -197.296 -0.005
146.329 -198.102 -0.005
144.567 -198.815 -0.005
142.794 -199.500 -0.005
140.908 -200.167 -0.005
139.014 -200.813 -0.005
137.205 -201.394 -0.005
135.286 -201.958 -0.005
133.450 -202.450 -0.005
131.511 -202.944 -0.005
129.662 -203.382 -0.005
127.702 -203.783 -0.005
125.833 -204.132 -0.005
123.758 -204.454 -0.004
121.878 -204.729 -0.004
119.990 -204.953 -0.004
117.999 -205.144 -0.004
116.003 -205.274 -0.004
114.106 -205.391 -0.004
112.105 -205.465 -0.004
110.206 -205.508 -0.004
108.205 -205.490 -0.004
106.204 -205.469 -0.004
104.306 -205.373 -0.004
102.310 -205.241 -0.004
100.420 -205.040 -0.004
98.332 -204.810 -0.004
96.448 -204.561 -0.004
94.569 -204.274 -0.004
92.601 -203.914 -0.004
90.639 -203.522 -0.004
88.780 -203.127 -0.004
86.932 -202.686 -0.004
85.001 -202.160 -0.004
83.077 -201.613 -0.004
81.153 -201.065 -0.004
79.347 -200.469 -0.004
77.457 -199.816 -0.004
75.685 -199.129 -0.004
73.829 -198.382 -0.004
72.077 -197.647 -0.003
70.248 -196.834 -0.003
68.536 -196.009 -0.003
66.748 -195.112 -0.003
65.058 -194.242 -0.003
63.311 -193.269 -0.003
61.583 -192.260 -0.003
59.973 -191.248 -0.003
58.280 -190.183 -0.003
56.619 -189.068 -0.003
55.072 -187.963 -0.003
53.468 -186.768 -0.003
51.867 -185.568 -0.003
50.367 -184.402 -0.003
48.899 -183.195 -0.003
47.390 -181.880 -0.003
45.905 -180.541 -0.003
44.500 -179.260 -0.003
43.066 -177.865 -0.003
41.654 -176.448 -0.003
40.369 -175.047 -0.003
39.016 -173.574 -0.002
37.768 -172.139 -0.002
36.487 -170.604 -0.002
35.313 -169.109 -0.002
34.095 -167.522 -0.002
32.971 -165.989 -0.002
31.766 -164.268 -0.002
30.712 -162.687 -0.002
29.625 -161.007 -0.002
28.612 -159.400 -0.002
27.586 -157.682 -0.002
26.593 -155.945 -0.002
25.672 -154.282 -0.002
24.713 -152.527 -0.002
23.810 -150.742 -0.002
22.927 -148.946 -0.002
22.131 -147.220 -0.002
21.292 -145.404 -0.002
20.495 -143.569 -0.002
19.779 -141.809 -0.002
19.055 -139.943 -0.002
18.340 -138.074 -0.002
17.691 -136.288 -0.001
17.035 -134.399 -0.001
16.403 -132.500 -0.001
15.802 -130.592 -0.001
15.250 -128.773 -0.001
14.709 -126.847 -0.001
14.190 -124.915 -0.001
13.690 -122.977 -0.001
13.221 -121.136 -0.001
12.781 -119.184 -0.001
12.355 -117.229 -0.001
11.941 -115.272 -0.001
11.528 -113.314 -0.001
11.153 -111.349 -0.001
10.789 -109.382 -0.001
10.467 -107.508 -0.001
10.142 -105.534 -0.001
9.843 -103.556 -0.001
9.563 -101.575 -0.001
9.294 -99.592 -0.001
9.047 -97.607 -0.001
8.818 -95.721 -0.001
8.607 -93.731 -0.001
8.411 -91.740 -0.001
8.229 -89.747 -0.001
8.045 -87.755 -0.001
7.889 -85.760 -0.001
7.737 -83.766 -0.001
7.608 -81.769 -0.001
7.496 -79.872 -0.001
7.384 -77.874 -0.000
7.281 -75.876 -0.000
7.182 -73.877 -0.000
7.108 -71.878 -0.000
7.035 -69.879 -0.000
6.973 -67.879 -0.000
6.912 -65.880 -0.000
6.856 -63.879 -0.000
6.801 -61.880 -0.000
6.752 -59.880 -0.000
6.704 -57.879 -0.000
6.657 -55.879 -0.000
6.610 -53.879 -0.000
6.565 -51.879 -0.000
6.525 -49.878 -0.000
6.484 -47.878 -0.000
6.442 -45.878 -0.000
6.402 -43.878 -0.000
6.369 -41.877 -0.000
6.335 -39.876 -0.000
6.301 -37.876 -0.000
6.267 -35.875 -0.000
6.232 -33.875 -0.000
6.199 -31.875 -0.000
6.166 -29.875 -0.000
6.132 -27.874 -0.000
6.098 -25.873 -0.000
6.065 -23.873 -0.000
6.030 -21.872 -0.000
5.996 -19.872 -0.000
5.962 -17.871 -0.000
5.927 -15.872 -0.000
5.893 -13.871 -0.000
5.858 -11.871 -0.000
5.821 -9.870 -0.000
5.784 -7.869 -0.000
5.747 -5.869 -0.000
5.710 -3.868 -0.000
5.672 -1.869 -0.000
