-1.949 1.625 -0.000
-1.984 3.526 -0.000
-2.020 5.526 -0.000
-2.052 7.527 -0.000
-2.081 9.527 -0.000
-2.108 11.628 -0.000
-2.150 13.628 -0.000
-2.195 15.528 -0.000
-2.236 17.528 -0.000
-2.272 19.529 -0.000
-2.307 21.530 -0.000
-2.343 23.629 -0.000
-2.381 25.630 -0.000
-2.421 27.630 -0.000
-2.447 29.531 -0.000
-2.478 31.531 -0.000
-2.512 33.532 -0.000
-2.548 35.633 -0.000
-2.581 37.633 -0.000
-2.616 39.633 -0.000
-2.651 41.533 -0.000
-2.694 43.534 -0.000
-2.739 45.534 -0.000
-2.790 47.434 -0.000
-2.848 49.434 -0.000
-2.916 51.533 -0.000
-2.981 53.433 -0.000
-3.051 55.232 -0.000
-3.172 57.229 -0.000
-3.317 59.325 -0.000
-3.456 61.221 -0.000
-3.608 63.116 -0.000
-3.812 65.105 -0.000
-4.016 66.996 -0.000
-4.236 68.984 -0.000
-4.469 70.971 -0.000
-4.695 72.758 -0.000
-4.983 74.838 -0.000
-5.245 76.721 -0.000
-5.530 78.701 -0.000
-5.827 80.578 -0.001
-6.170 82.651 -0.001
-6.491 84.422 -0.001
-6.853 86.391 -0.001
-7.219 88.357 -0.001
-7.587 90.222 -0.001
-7.975 92.082 -0.001
-8.401 94.037 -0.001
-8.820 95.891 -0.001
-9.256 97.742 -0.001
-9.742 99.682 -0.001
-10.212 101.523 -0.001
-10.737 103.558 -0.001
-11.198 105.299 -0.001
-11.764 107.322 -0.001
-12.282 109.151 -0.001
-12.849 111.069 -0.001
-13.396 112.889 -0.001
-13.983 114.802 -0.001
-14.549 116.617 -0.001
-15.132 118.426 -0.001
-15.773 120.321 -0.001
-16.387 122.120 -0.001
-17.098 124.096 -0.001
-17.738 125.886 -0.001
-18.352 127.579 -0.001
-19.084 129.441 -0.001
-19.858 131.394 -0.001
-20.583 133.258 -0.001
-21.270 134.923 -0.001
-22.046 136.767 -0.002
-22.831 138.607 -0.002
-23.592 140.349 -0.002
-24.368 142.084 -0.002
-25.172 143.806 -0.002
-26.019 145.618 -0.002
-26.844 147.331 -0.002
-27.719 149.130 -0.002
-28.611 150.921 -0.002
-29.508 152.710 -0.002
-30.370 154.403 -0.002
-31.296 156.176 -0.002
-32.183 157.857 -0.002
-33.173 159.711 -0.002
-34.053 161.281 -0.002
-35.043 163.020 -0.002
-35.986 164.670 -0.002
-36.939 166.315 -0.002
-37.970 168.029 -0.002
-38.950 169.658 -0.002
-40.016 171.351 -0.002
-41.040 172.952 -0.002
-42.138 174.625 -0.003
-43.240 176.294 -0.003
-44.300 177.872 -0.003
-45.431 179.523 -0.003
-46.564 181.172 -0.003
-47.656 182.727 -0.003
-48.745 184.285 -0.003
-49.920 185.904 -0.003
-51.090 187.527 -0.003
-52.276 189.139 -0.003
-53.417 190.659 -0.003
-54.629 192.250 -0.003
-55.790 193.756 -0.003
-56.966 195.249 -0.003
-58.227 196.802 -0.003
-59.440 198.265 -0.003
-60.687 199.700 -0.003
-61.947 201.122 -0.003
-63.280 202.614 -0.004
-64.619 204.101 -0.004
-65.891 205.513 -0.004
-67.297 207.074 -0.004
-68.569 208.487 -0.004
-69.923 209.960 -0.004
-71.278 211.431 -0.004
-72.635 212.902 -0.004
-73.987 214.376 -0.004
-75.405 215.926 -0.004
-76.689 217.328 -0.004
-78.107 218.878 -0.004
-79.390 220.280 -0.004
-80.742 221.756 -0.004
-82.092 223.231 -0.004
-83.511 224.781 -0.005
-84.794 226.183 -0.005
-86.213 227.732 -0.005
-87.564 229.208 -0.005
-88.848 230.609 -0.005
-90.199 232.084 -0.005
-91.551 233.560 -0.005
-92.904 235.034 -0.005
-94.257 236.507 -0.005
-95.610 237.982 -0.005
-96.963 239.455 -0.005
-98.317 240.928 -0.005
-99.671 242.401 -0.005
-101.093 243.948 -0.005
-102.379 245.346 -0.006
-103.730 246.823 -0.006
-105.081 248.299 -0.006
-106.499 249.849 -0.006
-107.782 251.251 -0.006
-109.198 252.803 -0.006
-110.478 254.207 -0.006
-111.827 255.686 -0.006
-113.242 257.238 -0.006
-114.528 258.638 -0.006
-115.882 260.111 -0.006
-117.236 261.583 -0.006
-118.590 263.057 -0.007
-119.942 264.532 -0.007
-121.291 266.008 -0.007
-122.709 267.559 -0.007
-124.059 269.036 -0.007
-125.408 270.513 -0.007
-126.689 271.917 -0.007
-128.106 273.468 -0.007
-129.454 274.946 -0.007
-130.737 276.349 -0.007
-132.154 277.899 -0.007
-133.437 279.302 -0.008
-134.856 280.852 -0.008
-136.138 282.254 -0.008
-137.555 283.805 -0.008
-138.837 285.208 -0.008
-140.254 286.759 -0.008
-141.537 288.162 -0.008
-142.955 289.711 -0.008
-144.307 291.187 -0.008
-145.591 292.589 -0.008
-146.942 294.063 -0.008
-148.363 295.610 -0.009
-149.649 297.010 -0.009
-151.003 298.483 -0.009
-152.356 299.956 -0.009
-153.709 301.431 -0.009
-155.062 302.905 -0.009
-156.415 304.380 -0.009
-157.766 305.854 -0.009
-159.181 307.408 -0.009
-160.460 308.813 -0.010
-161.874 310.367 -0.010
-163.222 311.846 -0.010
-164.505 313.248 -0.010
-165.856 314.724 -0.010
-167.274 316.273 -0.010
-168.557 317.675 -0.010
-169.978 319.223 -0.010
-171.263 320.624 -0.010
-172.616 322.097 -0.010
-174.036 323.645 -0.011
-175.321 325.046 -0.011
-176.741 326.594 -0.011
-178.026 327.994 -0.011
-179.379 329.469 -0.011
-180.730 330.944 -0.011
-182.148 332.494 -0.011
-183.431 333.896 -0.011
-184.850 335.446 -0.012
-186.134 336.847 -0.012
-187.486 338.322 -0.012
-188.906 339.871 -0.012
-190.190 341.271 -0.012
-191.541 342.748 -0.012
-192.958 344.298 -0.012
-194.240 345.702 -0.012
-195.590 347.179 -0.012
-196.939 348.655 -0.013
-198.290 350.132 -0.013
-199.640 351.608 -0.013
-201.058 353.157 -0.013
-202.340 354.561 -0.013
-203.756 356.113 -0.013
-205.104 357.591 -0.013
-206.385 358.996 -0.013
-207.802 360.546 -0.014
-209.087 361.947 -0.014
-210.441 363.420 -0.014
-211.794 364.893 -0.014
-213.148 366.367 -0.014
-214.502 367.839 -0.014
-215.857 369.311 -0.014
-217.212 370.784 -0.015
-218.567 372.256 -0.015
-219.918 373.731 -0.015
-221.270 375.207 -0.015
-222.622 376.681 -0.015
-224.041 378.230 -0.015
-225.324 379.633 -0.015
-226.742 381.183 -0.015
-228.093 382.659 -0.016
-229.376 384.061 -0.016
-230.729 385.535 -0.016
-232.083 387.007 -0.016
-233.437 388.480 -0.016
-234.791 389.952 -0.016
-236.212 391.500 -0.016
-237.496 392.901 -0.017
-238.917 394.449 -0.017
-240.201 395.849 -0.017
-241.554 397.324 -0.017
-242.907 398.798 -0.017
-244.328 400.346 -0.017
-245.613 401.746 -0.017
-247.033 403.294 -0.018
-248.316 404.697 -0.018
-249.734 406.247 -0.018
-251.017 407.648 -0.018
-252.369 409.124 -0.018
-253.721 410.598 -0.018
-255.141 412.147 -0.018
-256.425 413.548 -0.019
-257.844 415.097 -0.019
-259.195 416.574 -0.019
-260.477 417.977 -0.019
-261.893 419.527 -0.019
-263.244 421.004 -0.019
-264.526 422.407 -0.020
-265.876 423.883 -0.020
-267.227 425.360 -0.020
-268.576 426.836 -0.020
-269.995 428.386 -0.020
-271.278 429.788 -0.020
-272.697 431.337 -0.020
-273.980 432.739 -0.021
-275.333 434.214 -0.021
-276.686 435.687 -0.021
-278.106 437.235 -0.021
-279.392 438.635 -0.021
-280.813 440.183 -0.021
-282.098 441.582 -0.022
-283.451 443.057 -0.022
-284.804 444.531 -0.022
-286.221 446.081 -0.022
-287.501 447.486 -0.022
-288.916 449.039 -0.022
-290.196 450.445 -0.023
-291.612 451.997 -0.023
-292.896 453.397 -0.023
-294.249 454.872 -0.023
-295.601 456.346 -0.023
-296.953 457.821 -0.023
-298.373 459.369 -0.024
-299.658 460.769 -0.024
-301.011 462.243 -0.024
-302.364 463.718 -0.024
-303.779 465.270 -0.024
-305.058 466.675 -0.024
-306.406 468.155 -0.025
-307.821 469.708 -0.025
-309.103 471.111 -0.025
-310.455 472.585 -0.025
-311.875 474.134 -0.025
-313.159 475.535 -0.025
-314.579 477.083 -0.026
-315.863 478.484 -0.026
-317.214 479.960 -0.026
-318.565 481.435 -0.026
-319.917 482.910 -0.026
-321.268 484.386 -0.027
-322.688 485.935 -0.027
-323.972 487.335 -0.027
-325.324 488.811 -0.027
-326.673 490.288 -0.027
-328.023 491.765 -0.027
-329.373 493.242 -0.028
-330.790 494.793 -0.028
-332.073 496.195 -0.028
-333.491 497.745 -0.028
-334.842 499.221 -0.028
-336.126 500.623 -0.029
-337.543 502.173 -0.029
-338.827 503.573 -0.029
-340.179 505.049 -0.029
-341.530 506.524 -0.029
-342.952 508.071 -0.030
-344.240 509.469 -0.030
-345.663 511.014 -0.030
-346.951 512.412 -0.030
-348.303 513.887 -0.030
-349.652 515.364 -0.030
-351.002 516.842 -0.031
-352.351 518.318 -0.031
-353.769 519.869 -0.031
-355.052 521.271 -0.031
-356.471 522.820 -0.031
-357.823 524.295 -0.032
-359.108 525.696 -0.032
-360.461 527.168 -0.032
-361.884 528.714 -0.032
-363.171 530.113 -0.032
-364.593 531.660 -0.033
-365.939 533.139 -0.033
-367.218 534.545 -0.033
-368.632 536.099 -0.033
-369.979 537.578 -0.033
-371.265 538.978 -0.034
-372.619 540.451 -0.034
-373.974 541.924 -0.034
-375.327 543.397 -0.034
-376.748 544.944 -0.034
-378.032 546.345 -0.035
-379.452 547.894 -0.035
-380.737 549.294 -0.035
-382.089 550.770 -0.035
-383.439 552.246 -0.035
-384.857 553.796 -0.036
-386.140 555.198 -0.036
-387.558 556.748 -0.036
-388.840 558.151 -0.036
-390.191 559.628 -0.037
-391.541 561.104 -0.037
-392.891 562.580 -0.037
-394.243 564.055 -0.037
-395.662 565.604 -0.037
-396.947 567.005 -0.038
-398.299 568.480 -0.038
-399.717 570.029 -0.038
-401.002 571.431 -0.038
-402.420 572.980 -0.039
-403.704 574.381 -0.039
-405.122 575.931 -0.039
-406.405 577.333 -0.039
-407.823 578.883 -0.039
-409.106 580.286 -0.040
-410.522 581.837 -0.040
-411.871 583.316 -0.040
-413.218 584.794 -0.040
-414.567 586.273 -0.040
-415.849 587.676 -0.041
-417.202 589.149 -0.041
-418.623 590.696 -0.041
-419.909 592.096 -0.041
-421.330 593.644 -0.042
-422.614 595.044 -0.042
-423.967 596.520 -0.042
-425.318 597.994 -0.042
-426.738 599.542 -0.043
-428.023 600.944 -0.043
-429.442 602.493 -0.043
-430.726 603.893 -0.043
-432.078 605.369 -0.043
-433.429 606.844 -0.044
-434.846 608.395 -0.044
-436.196 609.871 -0.044
-437.547 611.348 -0.044
-438.830 612.750 -0.045
-440.181 614.225 -0.045
-441.600 615.774 -0.045
-442.884 617.176 -0.045
-444.304 618.724 -0.046
-445.590 620.123 -0.046
-446.943 621.598 -0.046
-448.296 623.071 -0.046
-449.716 624.620 -0.047
-450.998 626.023 -0.047
-452.415 627.574 -0.047
-453.697 628.977 -0.047
-455.048 630.453 -0.047
-456.468 632.002 -0.048
-457.752 633.402 -0.048
-459.104 634.877 -0.048
-460.524 636.425 -0.048
-461.808 637.826 -0.049
-463.160 639.302 -0.049
-464.510 640.777 -0.049
-465.929 642.327 -0.049
-467.211 643.730 -0.050
-468.628 645.281 -0.050
-469.911 646.684 -0.050
-471.328 648.235 -0.050
-472.679 649.710 -0.051
-473.963 651.112 -0.051
-475.382 652.660 -0.051
-476.666 654.061 -0.051
-478.016 655.539 -0.052
-479.365 657.016 -0.052
-480.715 658.494 -0.052
-482.063 659.971 -0.052
-483.481 661.521 -0.053
-484.764 662.923 -0.053
-486.184 664.472 -0.053
-487.467 665.873 -0.053
-488.821 667.348 -0.054
-490.175 668.820 -0.054
-491.598 670.365 -0.054
-492.885 671.764 -0.055
-494.306 673.311 -0.055
-495.589 674.713 -0.055
-496.940 676.190 -0.055
-498.290 677.666 -0.056
-499.641 679.141 -0.056
-500.993 680.617 -0.056
-502.413 682.165 -0.056
-503.765 683.639 -0.057
-505.050 685.040 -0.057
-506.467 686.590 -0.057
-507.755 687.988 -0.057
-509.119 689.453 -0.058
-510.482 690.917 -0.058
-511.782 692.304 -0.058
-513.220 693.836 -0.058
-514.539 695.203 -0.059
-515.929 696.642 -0.059
-517.257 698.002 -0.059
-518.660 699.429 -0.060
-520.070 700.848 -0.060
-521.480 702.267 -0.060
-522.829 703.606 -0.060
-524.259 705.006 -0.061
-525.689 706.405 -0.061
-527.119 707.804 -0.061
-528.551 709.200 -0.061
-529.998 710.582 -0.062
-531.448 711.962 -0.062
-532.829 713.269 -0.062
-534.353 714.714 -0.063
-535.748 716.004 -0.063
-537.218 717.362 -0.063
-538.615 718.652 -0.063
-540.083 720.009 -0.064
-541.565 721.354 -0.064
-542.978 722.625 -0.064
-544.483 723.943 -0.064
-545.990 725.258 -0.065
-547.496 726.577 -0.065
-548.997 727.899 -0.065
-550.143 728.869 -0.065
-551.793 730.265 -0.066
-553.245 731.491 -0.066
-554.778 732.777 -0.066
-556.315 734.057 -0.067
-557.856 735.333 -0.067
-559.321 736.544 -0.067
-560.884 737.793 -0.067
-562.447 739.041 -0.068
-564.013 740.289 -0.068
-565.498 741.473 -0.068
-567.071 742.710 -0.069
-568.579 743.866 -0.069
-570.173 745.076 -0.069
-571.766 746.287 -0.069
-573.433 747.564 -0.070
-574.868 748.653 -0.070
-576.551 749.910 -0.070
-578.155 751.107 -0.071
-579.689 752.228 -0.071
-581.311 753.399 -0.071
-582.859 754.502 -0.071
-584.572 755.718 -0.072
-586.203 756.877 -0.072
-587.673 757.918 -0.072
-589.400 759.113 -0.073
-591.045 760.251 -0.073
-592.608 761.333 -0.073
-594.343 762.518 -0.073
-595.918 763.582 -0.074
-597.587 764.686 -0.074
-599.171 765.736 -0.074
-600.924 766.893 -0.075
-602.432 767.878 -0.075
-604.202 769.007 -0.075
-605.805 770.029 -0.075
-607.496 771.099 -0.076
-609.193 772.160 -0.076
-610.807 773.163 -0.076
-612.506 774.219 -0.077
-614.213 775.262 -0.077
-615.931 776.288 -0.077
-617.648 777.314 -0.077
-619.366 778.340 -0.078
-620.912 779.263 -0.078
-622.647 780.260 -0.078
-624.469 781.305 -0.079
-626.204 782.302 -0.079
-627.940 783.296 -0.079
-629.594 784.233 -0.079
-631.341 785.208 -0.080
-633.006 786.123 -0.080
-634.760 787.087 -0.080
-636.520 788.037 -0.081
-638.287 788.978 -0.081
-640.056 789.912 -0.081
-641.737 790.798 -0.081
-643.591 791.788 -0.082
-645.269 792.680 -0.082
-647.052 793.587 -0.082
-648.834 794.495 -0.083
-650.534 795.345 -0.083
-652.332 796.222 -0.083
-654.133 797.096 -0.083
-655.845 797.922 -0.084
-657.737 798.835 -0.084
-659.546 799.689 -0.084
-661.266 800.499 -0.085
-663.166 801.395 -0.085
-664.976 802.248 -0.085
-666.525 802.947 -0.085
-668.444 803.802 -0.086
-670.271 804.618 -0.086
-672.098 805.434 -0.086
-673.932 806.232 -0.087
-675.679 806.982 -0.087
-677.518 807.771 -0.087
-679.356 808.559 -0.088
-681.107 809.301 -0.088
-682.954 810.068 -0.088
-684.807 810.823 -0.088
-686.661 811.576 -0.089
-688.423 812.289 -0.089
-690.285 813.020 -0.089
-692.148 813.749 -0.090
-694.017 814.464 -0.090
-695.885 815.179 -0.090
-697.757 815.886 -0.090
-699.536 816.556 -0.091
-701.321 817.208 -0.091
-703.204 817.883 -0.091
-705.181 818.593 -0.092
-707.064 819.270 -0.092
-708.861 819.890 -0.092
-710.662 820.498 -0.092
-712.558 821.138 -0.093
-714.453 821.778 -0.093
-716.350 822.415 -0.093
-718.155 823.010 -0.094
-720.151 823.665 -0.094
-721.873 824.192 -0.094
-723.882 824.804 -0.095
-725.700 825.358 -0.095
-727.520 825.908 -0.095
-729.537 826.497 -0.095
-731.361 827.029 -0.096
-733.378 827.617 -0.096
-735.299 828.176 -0.096
-737.123 828.709 -0.097
-739.140 829.297 -0.097
-740.964 829.830 -0.097
-742.982 830.417 -0.097
-744.903 830.977 -0.098
-746.823 831.537 -0.098
-748.648 832.070 -0.098
-750.664 832.658 -0.099
-752.585 833.217 -0.099
-754.506 833.777 -0.099
-756.427 834.337 -0.100
-758.251 834.870 -0.100
-760.268 835.458 -0.100
-762.189 836.018 -0.100
-764.110 836.578 -0.101
-765.934 837.110 -0.101
-767.951 837.698 -0.101
-769.776 838.230 -0.102
-771.793 838.818 -0.102
-773.714 839.378 -0.102
-775.634 839.938 -0.103
-777.459 840.470 -0.103
-779.475 841.058 -0.103
-781.300 841.590 -0.104
-783.221 842.151 -0.104
-785.238 842.739 -0.104
-787.159 843.298 -0.104
-789.080 843.858 -0.105
-790.905 844.388 -0.105
-792.922 844.973 -0.105
-794.844 845.530 -0.106
-796.765 846.088 -0.106
-798.686 846.645 -0.106
-800.609 847.203 -0.107
-802.530 847.760 -0.107
-804.356 848.290 -0.107
-806.373 848.875 -0.108
-808.199 849.404 -0.108
-810.216 849.989 -0.108
-812.137 850.546 -0.109
-814.059 851.103 -0.109
-815.885 851.632 -0.109
-817.904 852.215 -0.110
-819.826 852.770 -0.110
-821.748 853.326 -0.110
-823.573 853.854 -0.110
-825.591 854.438 -0.111
-827.417 854.966 -0.111
-829.435 855.549 -0.111
-831.357 856.104 -0.112
-833.183 856.633 -0.112
-835.202 857.214 -0.112
-837.029 857.738 -0.113
-839.049 858.317 -0.113
-840.876 858.841 -0.113
-842.895 859.420 -0.114
-844.818 859.971 -0.114
-846.741 860.522 -0.114
-848.569 861.046 -0.115
-850.587 861.626 -0.115
-852.509 862.182 -0.115
-854.431 862.739 -0.116
-856.353 863.295 -0.116
-858.275 863.851 -0.116
-860.197 864.407 -0.117
-862.119 864.964 -0.117
-863.944 865.494 -0.117
-865.865 866.054 -0.118
-867.881 866.642 -0.118
-869.706 867.173 -0.118
-871.724 867.760 -0.119
-873.645 868.320 -0.119
-875.562 868.890 -0.119
-877.480 869.459 -0.120
-879.394 870.041 -0.120
-881.306 870.631 -0.120
-883.319 871.233 -0.121
-885.137 871.785 -0.121
-887.146 872.402 -0.121
-888.963 872.960 -0.122
-890.970 873.577 -0.122
-892.975 874.206 -0.123
-894.875 874.833 -0.123
-896.776 875.458 -0.123
-898.764 876.136 -0.124
-900.561 876.754 -0.124
-902.453 877.405 -0.124
-904.531 878.130 -0.125
-906.316 878.784 -0.125
-908.289 879.504 -0.125
-910.343 880.292 -0.126
-912.112 880.988 -0.126
-913.973 881.721 -0.127
-915.919 882.515 -0.127
-917.771 883.272 -0.127
-919.798 884.128 -0.128
-921.635 884.921 -0.128
-923.550 885.785 -0.129
-925.277 886.577 -0.129
-927.269 887.514 -0.129
-929.150 888.450 -0.130
-930.938 889.347 -0.130
-932.721 890.254 -0.130
-934.585 891.223 -0.131
-936.354 892.156 -0.131
-938.293 893.198 -0.132
-940.031 894.190 -0.132
-941.768 895.182 -0.132
-943.574 896.256 -0.133
-945.450 897.407 -0.133
-947.051 898.431 -0.134
-948.903 899.619 -0.134
-950.555 900.748 -0.135
-952.370 901.992 -0.135
-953.994 903.161 -0.135
-955.695 904.393 -0.136
-957.282 905.612 -0.136
-959.015 906.968 -0.137
-960.648 908.291 -0.137
-962.254 909.645 -0.138
-963.767 910.953 -0.138
-965.489 912.478 -0.138
-966.874 913.779 -0.139
-968.465 915.300 -0.139
-969.887 916.708 -0.140
-971.428 918.279 -0.140
-972.737 919.657 -0.141
-974.273 921.369 -0.141
-975.648 922.958 -0.142
-976.939 924.486 -0.142
-978.332 926.189 -0.142
-979.566 927.764 -0.143
-980.942 929.608 -0.143
-982.147 931.328 -0.144
-983.281 932.977 -0.144
-984.480 934.822 -0.145
-985.547 936.514 -0.145
-986.739 938.483 -0.146
-987.724 940.223 -0.146
-988.774 942.158 -0.146
-989.729 944.029 -0.147
-990.668 945.908 -0.147
-991.541 947.818 -0.148
-992.379 949.745 -0.148
-993.191 951.682 -0.148
-993.985 953.735 -0.149
-994.728 955.806 -0.149
-995.352 957.707 -0.150
-996.015 959.805 -0.150
-996.612 961.820 -0.151
-997.163 963.846 -0.151
-997.706 965.979 -0.151
-998.158 967.928 -0.152
-998.599 970.084 -0.152
-998.976 972.150 -0.152
-999.331 974.220 -0.153
-999.623 976.200 -0.153
-999.881 978.284 -0.154
-1000.105 980.574 -0.154
-1000.268 982.568 -0.154
-1000.430 984.862 -0.155
-1000.498 986.963 -0.155
-1000.527 989.063 -0.155
-1000.512 991.063 -0.156
-1000.465 993.263 -0.156
-1000.386 995.363 -0.156
-1000.252 997.559 -0.157
-1000.063 999.652 -0.157
-999.831 1001.739 -0.157
-999.581 1003.725 -0.157
-999.249 1006.000 -0.158
-998.908 1007.972 -0.158
-998.485 1010.132 -0.158
-998.039 1012.185 -0.159
-997.557 1014.229 -0.159
-997.015 1016.362 -0.159
-996.479 1018.290 -0.159
-995.841 1020.396 -0.160
-995.180 1022.389 -0.160
-994.446 1024.465 -0.160
-993.712 1026.432 -0.160
-992.973 1028.291 -0.160
-992.120 1030.320 -0.161
-991.273 1032.242 -0.161
-990.430 1034.057 -0.161
-989.504 1035.942 -0.161
-988.433 1037.978 -0.161
-987.422 1039.819 -0.161
-986.369 1041.636 -0.162
-985.286 1043.438 -0.162
-984.108 1045.295 -0.162
-982.948 1047.047 -0.162
-981.753 1048.775 -0.162
-980.509 1050.467 -0.162
-979.242 1052.143 -0.162
-977.812 1053.946 -0.162
-976.522 1055.474 -0.162
-975.290 1056.922 -0.162
-973.757 1058.637 -0.162
-972.250 1060.241 -0.162
-970.845 1061.664 -0.162
-969.286 1063.218 -0.162
-967.826 1064.587 -0.162
-966.197 1066.066 -0.162
-964.614 1067.447 -0.162
-963.003 1068.796 -0.162
-961.358 1070.101 -0.162
-959.777 1071.328 -0.162
-957.928 1072.695 -0.162
-956.208 1073.903 -0.162
-954.558 1075.033 -0.162
-952.701 1076.214 -0.162
-950.823 1077.362 -0.162
-949.007 1078.417 -0.162
-947.001 1079.543 -0.162
-945.223 1080.460 -0.162
-943.436 1081.360 -0.162
-941.452 1082.314 -0.162
-939.632 1083.143 -0.161
-937.510 1084.030 -0.161
-935.651 1084.772 -0.161
-933.690 1085.526 -0.161
-931.615 1086.257 -0.161
-929.624 1086.930 -0.161
-927.519 1087.568 -0.160
-925.592 1088.107 -0.160
-923.560 1088.640 -0.160
-921.419 1089.147 -0.160
-919.469 1089.593 -0.160
-917.310 1090.026 -0.159
-915.244 1090.401 -0.159
-912.970 1090.753 -0.159
-910.986 1091.005 -0.159
-908.898 1091.237 -0.158
-906.707 1091.443 -0.158
-904.612 1091.591 -0.158
-902.613 1091.683 -0.158
-900.313 1091.750 -0.157
-898.313 1091.766 -0.157
-896.013 1091.744 -0.157
-893.913 1091.663 -0.156
-891.916 1091.549 -0.156
-889.821 1091.400 -0.156
-887.629 1091.203 -0.155
-885.443 1090.948 -0.155
-883.463 1090.661 -0.155
-881.487 1090.349 -0.154
-879.321 1089.961 -0.154
-877.162 1089.531 -0.154
-875.208 1089.102 -0.153
-873.069 1088.588 -0.153
-871.132 1088.084 -0.153
-868.918 1087.456 -0.152
-867.010 1086.856 -0.152
-864.915 1086.184 -0.151
-863.022 1085.535 -0.151
-861.046 1084.823 -0.151
-859.079 1084.084 -0.150
-857.121 1083.326 -0.150
-855.175 1082.532 -0.149
-853.256 1081.677 -0.149
-851.253 1080.767 -0.149
-849.366 1079.843 -0.148
-847.502 1078.876 -0.148
-845.728 1077.951 -0.147
-843.965 1077.004 -0.147
-841.949 1075.897 -0.147
-840.228 1074.876 -0.146
-838.506 1073.856 -0.146
-836.786 1072.835 -0.145
-834.916 1071.675 -0.145
-833.313 1070.654 -0.145
-831.467 1069.455 -0.144
-829.720 1068.289 -0.144
-827.995 1067.089 -0.143
-826.290 1065.863 -0.143
-824.680 1064.676 -0.142
-823.152 1063.544 -0.142
-821.481 1062.271 -0.142
-819.819 1060.987 -0.141
-818.167 1059.689 -0.141
-816.609 1058.433 -0.140
-814.913 1057.031 -0.140
-813.466 1055.799 -0.139
-811.877 1054.424 -0.139
-810.304 1053.033 -0.139
-808.738 1051.632 -0.138
-807.318 1050.370 -0.138
-805.829 1049.033 -0.137
-804.275 1047.619 -0.137
-802.805 1046.262 -0.137
-801.277 1044.821 -0.136
-799.839 1043.429 -0.136
-798.405 1042.034 -0.135
-796.854 1040.472 -0.135
-795.461 1039.037 -0.134
-794.067 1037.602 -0.134
-792.673 1036.167 -0.134
-791.279 1034.731 -0.133
-789.834 1033.206 -0.133
-788.459 1031.752 -0.132
-787.154 1030.371 -0.132
-785.712 1028.845 -0.132
-784.337 1027.390 -0.131
-782.971 1025.928 -0.131
-781.553 1024.379 -0.130
-780.201 1022.904 -0.130
-778.850 1021.429 -0.130
-777.565 1020.028 -0.129
-776.140 1018.484 -0.129
-774.850 1017.088 -0.128
-773.424 1015.545 -0.128
-772.067 1014.075 -0.128
-770.779 1012.678 -0.127
-769.354 1011.134 -0.127
-768.065 1009.737 -0.126
-766.709 1008.266 -0.126
-765.284 1006.722 -0.126
-763.930 1005.249 -0.125
-762.579 1003.773 -0.125
-761.230 1002.296 -0.124
-759.879 1000.820 -0.124
-758.529 999.345 -0.124
-757.178 997.868 -0.123
-755.895 996.465 -0.123
-754.476 994.916 -0.122
-753.127 993.439 -0.122
-751.844 992.037 -0.122
-750.426 990.487 -0.121
-749.076 989.011 -0.121
-747.793 987.608 -0.121
-746.374 986.059 -0.120
-745.024 984.582 -0.120
-743.674 983.106 -0.119
-742.324 981.629 -0.119
-740.974 980.153 -0.119
-739.691 978.750 -0.118
-738.273 977.200 -0.118
-736.991 975.797 -0.117
-735.573 974.247 -0.117
-734.223 972.770 -0.117
-732.873 971.294 -0.116
-731.522 969.817 -0.116
-730.172 968.341 -0.115
-728.890 966.938 -0.115
-727.472 965.388 -0.115
-726.122 963.912 -0.114
-724.772 962.436 -0.114
-723.421 960.959 -0.114
-722.071 959.483 -0.113
-720.789 958.080 -0.113
-719.371 956.529 -0.112
-718.089 955.126 -0.112
-716.671 953.576 -0.112
-715.320 952.100 -0.111
-713.971 950.623 -0.111
-712.620 949.146 -0.111
-711.271 947.670 -0.110
-709.988 946.267 -0.110
-708.570 944.717 -0.110
-707.219 943.241 -0.109
-705.870 941.765 -0.109
-704.519 940.288 -0.108
-703.169 938.811 -0.108
-701.887 937.408 -0.108
-700.469 935.858 -0.107
-699.120 934.382 -0.107
-697.769 932.905 -0.107
-696.419 931.429 -0.106
-695.136 930.026 -0.106
-693.719 928.476 -0.105
-692.368 926.999 -0.105
-691.019 925.523 -0.105
-689.668 924.046 -0.104
-688.318 922.570 -0.104
-687.035 921.168 -0.104
-685.615 919.619 -0.103
-684.331 918.217 -0.103
-682.912 916.669 -0.103
-681.560 915.193 -0.102
-680.209 913.718 -0.102
-678.926 912.316 -0.102
-677.506 910.767 -0.101
-676.222 909.366 -0.101
-674.803 907.817 -0.100
-673.451 906.342 -0.100
-672.100 904.867 -0.100
-670.748 903.391 -0.099
-669.397 901.916 -0.099
-668.045 900.441 -0.099
-666.694 898.966 -0.098
-665.341 897.491 -0.098
-664.058 896.089 -0.098
-662.639 894.540 -0.097
-661.287 893.065 -0.097
-659.936 891.591 -0.097
-658.584 890.115 -0.096
-657.233 888.640 -0.096
-655.881 887.164 -0.096
-654.530 885.689 -0.095
-653.246 884.287 -0.095
-651.826 882.739 -0.095
-650.473 881.265 -0.094
-649.122 879.791 -0.094
-647.837 878.390 -0.094
-646.416 876.842 -0.093
-645.132 875.441 -0.093
-643.712 873.892 -0.093
-642.428 872.492 -0.092
-641.008 870.944 -0.092
-639.723 869.543 -0.092
-638.302 867.995 -0.091
-637.018 866.594 -0.091
-635.598 865.045 -0.090
-634.246 863.571 -0.090
-632.962 862.170 -0.090
-631.541 860.622 -0.089
-630.257 859.222 -0.089
-628.837 857.674 -0.089
-627.484 856.198 -0.088
-626.200 854.797 -0.088
-624.848 853.323 -0.088
-623.427 851.775 -0.087
-622.143 850.374 -0.087
-620.723 848.826 -0.087
-619.370 847.351 -0.087
-618.086 845.950 -0.086
-616.666 844.402 -0.086
-615.313 842.928 -0.086
-614.029 841.527 -0.085
-612.609 839.979 -0.085
-611.256 838.505 -0.085
-609.904 837.030 -0.084
-608.551 835.555 -0.084
-607.199 834.081 -0.084
-605.848 832.607 -0.083
-604.495 831.132 -0.083
-603.143 829.658 -0.083
-601.790 828.183 -0.082
-600.438 826.708 -0.082
-599.085 825.234 -0.082
-597.734 823.760 -0.081
-596.381 822.285 -0.081
-595.029 820.811 -0.081
-593.676 819.336 -0.080
-592.324 817.861 -0.080
-591.040 816.460 -0.080
-589.620 814.913 -0.079
-588.267 813.438 -0.079
-586.915 811.964 -0.079
-585.562 810.488 -0.079
-584.210 809.014 -0.078
-582.926 807.613 -0.078
-581.506 806.065 -0.078
-580.154 804.591 -0.077
-578.869 803.190 -0.077
-577.449 801.641 -0.077
-576.096 800.167 -0.076
-574.812 798.766 -0.076
-573.392 797.218 -0.076
-572.040 795.744 -0.075
-570.755 794.343 -0.075
-569.335 792.795 -0.075
-567.982 791.321 -0.075
-566.630 789.846 -0.074
-565.278 788.371 -0.074
-563.926 786.897 -0.074
-562.642 785.495 -0.073
-561.223 783.946 -0.073
-559.872 782.470 -0.073
-558.521 780.995 -0.072
-557.238 779.593 -0.072
-555.819 778.044 -0.072
-554.535 776.641 -0.072
-553.117 775.092 -0.071
-551.833 773.690 -0.071
-550.414 772.141 -0.071
-549.063 770.666 -0.070
-547.712 769.190 -0.070
-546.361 767.714 -0.070
-545.078 766.313 -0.069
-543.659 764.764 -0.069
-542.307 763.287 -0.069
-540.956 761.812 -0.069
-539.673 760.410 -0.068
-538.254 758.861 -0.068
-536.970 757.459 -0.068
-535.552 755.910 -0.067
-534.200 754.434 -0.067
-532.850 752.959 -0.067
-531.498 751.483 -0.067
-530.147 750.008 -0.066
-528.863 748.606 -0.066
-527.445 747.056 -0.066
-526.093 745.581 -0.065
-524.742 744.106 -0.065
-523.390 742.630 -0.065
-522.039 741.155 -0.065
-520.688 739.679 -0.064
-519.337 738.203 -0.064
-517.985 736.728 -0.064
-516.635 735.253 -0.063
-515.284 733.777 -0.063
-513.933 732.301 -0.063
-512.583 730.825 -0.063
-511.233 729.348 -0.062
-509.883 727.871 -0.062
-508.533 726.394 -0.062
-507.184 724.917 -0.061
-505.901 723.514 -0.061
-504.484 721.964 -0.061
-503.133 720.488 -0.061
-501.784 719.011 -0.060
-500.434 717.534 -0.060
-499.084 716.058 -0.060
-497.802 714.654 -0.060
-496.384 713.104 -0.059
-495.034 711.627 -0.059
-493.684 710.150 -0.059
-492.334 708.674 -0.058
-490.985 707.197 -0.058
-489.634 705.720 -0.058
-488.284 704.244 -0.058
-487.001 702.842 -0.057
-485.582 701.293 -0.057
-484.230 699.817 -0.057
-482.880 698.342 -0.057
-481.597 696.940 -0.056
-480.178 695.390 -0.056
-478.894 693.988 -0.056
-477.476 692.439 -0.056
-476.192 691.036 -0.055
-474.774 689.487 -0.055
-473.422 688.011 -0.055
-472.072 686.536 -0.055
-470.721 685.060 -0.054
-469.370 683.585 -0.054
-468.019 682.109 -0.054
-466.668 680.633 -0.053
-465.316 679.158 -0.053
-464.032 677.757 -0.053
-462.612 676.208 -0.053
-461.260 674.734 -0.052
-459.908 673.260 -0.052
-458.555 671.784 -0.052
-457.204 670.310 -0.052
-455.919 668.909 -0.051
-454.499 667.361 -0.051
-453.146 665.886 -0.051
-451.795 664.411 -0.051
-450.443 662.936 -0.050
-449.092 661.461 -0.050
-447.740 659.985 -0.050
-446.390 658.509 -0.050
-445.106 657.107 -0.049
-443.755 655.632 -0.049
-442.336 654.083 -0.049
-440.985 652.608 -0.049
-439.633 651.132 -0.048
-438.282 649.657 -0.048
-436.932 648.181 -0.048
-435.580 646.705 -0.048
-434.229 645.230 -0.048
-432.945 643.828 -0.047
-431.526 642.279 -0.047
-430.175 640.803 -0.047
-428.824 639.327 -0.047
-427.473 637.852 -0.046
-426.122 636.377 -0.046
-424.838 634.975 -0.046
-423.420 633.425 -0.046
-422.137 632.022 -0.045
-420.719 630.472 -0.045
-419.369 628.996 -0.045
-418.019 627.520 -0.045
-416.669 626.042 -0.044
-415.320 624.566 -0.044
-414.037 623.163 -0.044
-412.620 621.612 -0.044
-411.337 620.209 -0.044
-409.919 618.659 -0.043
-408.569 617.182 -0.043
-407.220 615.706 -0.043
-405.869 614.229 -0.043
-404.518 612.754 -0.042
-403.234 611.353 -0.042
-401.815 609.804 -0.042
-400.462 608.329 -0.042
-399.111 606.855 -0.041
-397.760 605.379 -0.041
-396.408 603.904 -0.041
-395.056 602.429 -0.041
-393.704 600.953 -0.041
-392.353 599.479 -0.040
-391.069 598.077 -0.040
-389.649 596.528 -0.040
-388.366 595.127 -0.040
-386.947 593.577 -0.039
-385.594 592.103 -0.039
-384.243 590.628 -0.039
-382.891 589.153 -0.039
-381.540 587.678 -0.039
-380.188 586.202 -0.038
-378.838 584.726 -0.038
-377.486 583.251 -0.038
-376.136 581.775 -0.038
-374.785 580.298 -0.037
-373.435 578.823 -0.037
-372.152 577.420 -0.037
-370.733 575.870 -0.037
-369.450 574.468 -0.037
-368.031 572.918 -0.036
-366.677 571.446 -0.036
-365.323 569.974 -0.036
-363.969 568.500 -0.036
-362.615 567.028 -0.036
-361.261 565.555 -0.035
-359.906 564.082 -0.035
-358.552 562.609 -0.035
-357.266 561.210 -0.035
-355.844 559.663 -0.035
-354.491 558.189 -0.034
-353.207 556.788 -0.034
-351.854 555.314 -0.034
-350.434 553.766 -0.034
-349.082 552.291 -0.034
-347.730 550.816 -0.033
-346.377 549.342 -0.033
-345.093 547.941 -0.033
-343.673 546.392 -0.033
-342.321 544.918 -0.033
-340.970 543.444 -0.032
-339.617 541.968 -0.032
-338.265 540.494 -0.032
-336.981 539.093 -0.032
-335.561 537.544 -0.032
-334.277 536.143 -0.031
-332.857 534.596 -0.031
-331.508 533.117 -0.031
-330.161 531.639 -0.031
-328.812 530.160 -0.031
-327.461 528.685 -0.030
-326.177 527.283 -0.030
-324.759 525.733 -0.030
-323.407 524.258 -0.030
-322.124 522.856 -0.030
-320.705 521.307 -0.029
-319.354 519.832 -0.029
-318.070 518.430 -0.029
-316.652 516.880 -0.029
-315.368 515.478 -0.029
-313.949 513.930 -0.028
-312.598 512.453 -0.028
-311.247 510.978 -0.028
-309.895 509.502 -0.028
-308.544 508.027 -0.028
-307.261 506.625 -0.028
-305.842 505.076 -0.027
-304.492 503.600 -0.027
-303.208 502.198 -0.027
-301.790 500.648 -0.027
-300.439 499.173 -0.027
-299.156 497.770 -0.026
-297.737 496.221 -0.026
-296.387 494.745 -0.026
-295.104 493.342 -0.026
-293.685 491.793 -0.026
-292.334 490.317 -0.026
-290.984 488.841 -0.025
-289.633 487.365 -0.025
-288.282 485.889 -0.025
-286.931 484.413 -0.025
-285.581 482.937 -0.025
-284.298 481.535 -0.025
-282.879 479.985 -0.024
-281.528 478.510 -0.024
-280.178 477.034 -0.024
-278.826 475.558 -0.024
-277.476 474.082 -0.024
-276.125 472.606 -0.024
-274.774 471.130 -0.023
-273.490 469.729 -0.023
-272.070 468.180 -0.023
-270.718 466.706 -0.023
-269.434 465.304 -0.023
-268.015 463.755 -0.023
-266.663 462.281 -0.022
-265.312 460.806 -0.022
-263.959 459.331 -0.022
-262.608 457.856 -0.022
-261.324 456.454 -0.022
-259.905 454.905 -0.022
-258.554 453.429 -0.021
-257.203 451.954 -0.021
-255.852 450.478 -0.021
-254.501 449.002 -0.021
-253.149 447.527 -0.021
-251.799 446.051 -0.021
-250.515 444.649 -0.020
-249.096 443.100 -0.020
-247.745 441.624 -0.020
-246.394 440.149 -0.020
-245.043 438.673 -0.020
-243.692 437.197 -0.020
-242.409 435.795 -0.020
-240.990 434.246 -0.019
-239.707 432.844 -0.019
-238.288 431.295 -0.019
-236.936 429.819 -0.019
-235.586 428.344 -0.019
-234.301 426.943 -0.019
-232.949 425.469 -0.018
-231.529 423.921 -0.018
-230.244 422.519 -0.018
-228.824 420.971 -0.018
-227.540 419.570 -0.018
-226.120 418.021 -0.018
-224.767 416.547 -0.018
-223.415 415.074 -0.017
-222.062 413.598 -0.017
-220.710 412.124 -0.017
-219.426 410.723 -0.017
-218.006 409.174 -0.017
-216.654 407.699 -0.017
-215.304 406.224 -0.017
-214.020 404.822 -0.016
-212.600 403.273 -0.016
-211.316 401.872 -0.016
-209.897 400.322 -0.016
-208.614 398.922 -0.016
-207.194 397.373 -0.016
-205.843 395.897 -0.016
-204.491 394.422 -0.016
-203.208 393.020 -0.015
-201.788 391.471 -0.015
-200.437 389.996 -0.015
-199.086 388.520 -0.015
-197.734 387.045 -0.015
-196.452 385.642 -0.015
-195.034 384.092 -0.015
-193.684 382.616 -0.014
-192.335 381.139 -0.014
-190.984 379.662 -0.014
-189.635 378.185 -0.014
-188.352 376.782 -0.014
-186.935 375.231 -0.014
-185.653 373.828 -0.014
-184.236 372.277 -0.014
-182.885 370.801 -0.013
-181.536 369.325 -0.013
-180.185 367.848 -0.013
-178.833 366.374 -0.013
-177.548 364.973 -0.013
-176.128 363.425 -0.013
-174.775 361.951 -0.013
-173.423 360.477 -0.013
-172.070 359.001 -0.012
-170.720 357.526 -0.012
-169.437 356.123 -0.012
-168.019 354.573 -0.012
-166.669 353.097 -0.012
-165.318 351.621 -0.012
-163.968 350.145 -0.012
-162.685 348.742 -0.012
-161.267 347.192 -0.012
-159.916 345.716 -0.011
-158.567 344.240 -0.011
-157.216 342.763 -0.011
-155.866 341.287 -0.011
-154.584 339.884 -0.011
-153.166 338.334 -0.011
-151.883 336.931 -0.011
-150.465 335.381 -0.011
-149.115 333.904 -0.011
-147.765 332.428 -0.010
-146.414 330.951 -0.010
-145.064 329.475 -0.010
-143.782 328.072 -0.010
-142.363 326.522 -0.010
-141.011 325.048 -0.010
-139.658 323.575 -0.010
-138.305 322.100 -0.010
-136.953 320.626 -0.010
-135.668 319.225 -0.009
-134.248 317.677 -0.009
-132.895 316.203 -0.009
-131.542 314.729 -0.009
-130.190 313.254 -0.009
-128.838 311.780 -0.009
-127.487 310.305 -0.009
-126.136 308.828 -0.009
-124.786 307.352 -0.009
-123.435 305.875 -0.009
-122.085 304.400 -0.008
-120.802 302.997 -0.008
-119.383 301.448 -0.008
-118.032 299.972 -0.008
-116.682 298.496 -0.008
-115.331 297.019 -0.008
-113.981 295.544 -0.008
-112.696 294.143 -0.008
-111.276 292.595 -0.008
-109.923 291.120 -0.008
-108.571 289.646 -0.008
-107.287 288.245 -0.007
-105.867 286.697 -0.007
-104.582 285.296 -0.007
-103.162 283.748 -0.007
-101.877 282.347 -0.007
-100.457 280.799 -0.007
-99.104 279.324 -0.007
-97.753 277.850 -0.007
-96.401 276.374 -0.007
-95.049 274.900 -0.007
-93.697 273.426 -0.007
-92.345 271.950 -0.006
-90.993 270.476 -0.006
-89.709 269.074 -0.006
-88.289 267.526 -0.006
-86.936 266.052 -0.006
-85.584 264.578 -0.006
-84.231 263.103 -0.006
-82.879 261.629 -0.006
-81.594 260.228 -0.006
-80.174 258.680 -0.006
-78.891 257.278 -0.006
-77.472 255.729 -0.006
-76.121 254.253 -0.006
-74.770 252.777 -0.005
-73.419 251.301 -0.005
-72.068 249.826 -0.005
-70.716 248.350 -0.005
-69.366 246.874 -0.005
-68.016 245.399 -0.005
-66.664 243.923 -0.005
-65.314 242.446 -0.005
-63.963 240.971 -0.005
-62.612 239.495 -0.005
-61.261 238.019 -0.005
-59.911 236.543 -0.005
-58.628 235.141 -0.005
-57.209 233.591 -0.005
-55.926 232.188 -0.004
-54.508 230.638 -0.004
-53.158 229.162 -0.004
-51.808 227.686 -0.004
-50.458 226.208 -0.004
-49.109 224.732 -0.004
-47.758 223.255 -0.004
-46.409 221.778 -0.004
-45.059 220.302 -0.004
-43.709 218.825 -0.004
-42.360 217.347 -0.004
-41.009 215.872 -0.004
-39.727 214.468 -0.004
-38.309 212.918 -0.004
-37.027 211.515 -0.004
-35.609 209.965 -0.004
-34.258 208.489 -0.004
-32.976 207.086 -0.003
-31.558 205.536 -0.003
-30.209 204.059 -0.003
-28.926 202.656 -0.003
-27.508 201.106 -0.003
-26.225 199.703 -0.003
-24.804 198.156 -0.003
-23.451 196.683 -0.003
-22.164 195.284 -0.003
-20.743 193.737 -0.003
-19.389 192.264 -0.003
-18.036 190.791 -0.003
-16.750 189.391 -0.003
-15.328 187.844 -0.003
-14.042 186.444 -0.003
-12.621 184.897 -0.003
-11.335 183.499 -0.003
-9.915 181.950 -0.003
-8.565 180.472 -0.003
-7.215 178.996 -0.003
-5.933 177.593 -0.002
-4.516 176.042 -0.002
-3.165 174.566 -0.002
-1.816 173.090 -0.002
-0.534 171.686 -0.002
0.886 170.137 -0.002
2.170 168.736 -0.002
3.590 167.188 -0.002
4.874 165.787 -0.002
6.226 164.312 -0.002
7.646 162.764 -0.002
8.930 161.363 -0.002
10.350 159.814 -0.002
11.703 158.340 -0.002
12.987 156.939 -0.002
14.407 155.390 -0.002
15.758 153.915 -0.002
17.042 152.514 -0.002
18.462 150.966 -0.002
19.815 149.491 -0.002
21.166 148.017 -0.002
22.519 146.542 -0.002
23.871 145.067 -0.002
25.155 143.666 -0.002
26.575 142.117 -0.002
27.859 140.716 -0.002
29.279 139.168 -0.002
30.631 137.693 -0.002
31.983 136.219 -0.002
33.335 134.743 -0.002
34.687 133.269 -0.001
35.971 131.867 -0.001
37.391 130.319 -0.001
38.743 128.844 -0.001
40.027 127.443 -0.001
41.447 125.894 -0.001
42.799 124.420 -0.001
44.150 122.945 -0.001
45.503 121.470 -0.001
46.855 119.996 -0.001
48.139 118.594 -0.001
49.558 117.045 -0.001
50.842 115.644 -0.001
52.262 114.096 -0.001
53.614 112.620 -0.001
54.898 111.219 -0.001
56.318 109.670 -0.001
57.668 108.195 -0.001
58.952 106.793 -0.001
60.372 105.244 -0.001
61.724 103.770 -0.001
63.075 102.295 -0.001
64.427 100.820 -0.001
65.780 99.346 -0.001
67.131 97.871 -0.001
68.484 96.396 -0.001
69.835 94.921 -0.001
71.120 93.520 -0.001
72.539 91.971 -0.001
73.822 90.568 -0.001
75.239 89.018 -0.001
76.589 87.541 -0.001
77.939 86.065 -0.001
79.221 84.661 -0.001
80.638 83.111 -0.001
81.920 81.707 -0.001
83.337 80.156 -0.001
84.687 78.679 -0.001
86.036 77.203 -0.001
87.386 75.725 -0.001
88.734 74.247 -0.001
90.084 72.770 -0.001
91.435 71.295 -0.001
92.788 69.820 -0.001
94.139 68.345 -0.001
95.423 66.944 -0.001
96.842 65.395 -0.001
98.193 63.918 -0.001
99.543 62.442 -0.001
100.894 60.966 -0.001
102.244 59.489 -0.001
103.595 58.015 -0.001
104.880 56.614 -0.001
106.300 55.065 -0.001
107.584 53.664 -0.001
109.004 52.115 -0.001
110.354 50.639 -0.001
111.703 49.162 -0.001
113.053 47.685 -0.001
114.402 46.208 -0.001
115.685 44.805 -0.001
117.102 43.254 -0.001
118.455 41.780 -0.001
119.807 40.306 -0.001
121.160 38.831 -0.001
122.512 37.357 -0.001
123.797 35.957 -0.001
125.218 34.409 -0.001
126.503 33.008 -0.001
127.925 31.463 -0.001
129.279 29.989 -0.001
130.632 28.516 -0.001
131.918 27.116 -0.001
133.272 25.643 -0.001
134.693 24.096 -0.001
135.979 22.696 -0.001
137.400 21.149 -0.002
138.683 19.747 -0.002
140.102 18.198 -0.002
141.454 16.722 -0.002
142.804 15.247 -0.002
144.156 13.770 -0.002
145.506 12.295 -0.002
146.790 10.893 -0.002
148.208 9.343 -0.002
149.560 7.868 -0.002
150.910 6.392 -0.002
152.260 4.914 -0.002
153.602 3.431 -0.002
154.944 1.947 -0.002
156.286 0.464 -0.002
157.561 -0.946 -0.002
158.962 -2.511 -0.002
160.360 -4.079 -0.002
161.626 -5.497 -0.002
163.013 -7.076 -0.002
164.329 -8.582 -0.002
165.641 -10.103 -0.002
166.937 -11.628 -0.002
168.233 -13.153 -0.002
169.645 -14.840 -0.002
170.856 -16.305 -0.002
172.152 -17.958 -0.002
173.398 -19.523 -0.002
174.697 -21.174 -0.002
175.926 -22.753 -0.002
177.217 -24.409 -0.003
178.432 -25.999 -0.003
179.701 -27.675 -0.003
180.850 -29.188 -0.003
182.099 -30.877 -0.003
183.273 -32.497 -0.003
184.553 -34.288 -0.003
185.741 -36.020 -0.003
186.801 -37.597 -0.003
187.952 -39.355 -0.003
189.081 -41.126 -0.003
190.150 -42.818 -0.003
191.241 -44.613 -0.003
192.357 -46.509 -0.003
193.349 -48.247 -0.003
194.335 -49.988 -0.003
195.305 -51.738 -0.003
196.297 -53.590 -0.003
197.314 -55.541 -0.003
198.220 -57.325 -0.003
199.139 -59.215 -0.003
200.029 -61.117 -0.003
200.887 -63.034 -0.003
201.681 -64.871 -0.004
202.503 -66.804 -0.004
203.327 -68.845 -0.004
204.065 -70.811 -0.004
204.745 -72.693 -0.004
205.465 -74.666 -0.004
206.091 -76.671 -0.004
206.722 -78.675 -0.004
207.277 -80.597 -0.004
207.851 -82.722 -0.004
208.361 -84.656 -0.004
208.922 -86.888 -0.004
209.319 -88.848 -0.004
209.740 -90.906 -0.004
210.107 -92.874 -0.004
210.455 -95.047 -0.004
210.749 -97.127 -0.004
211.017 -99.110 -0.004
211.257 -101.297 -0.004
211.430 -103.390 -0.004
211.579 -105.486 -0.004
211.683 -107.684 -0.004
211.724 -109.784 -0.004
211.740 -111.785 -0.004
211.698 -114.084 -0.005
211.634 -116.084 -0.005
211.504 -118.281 -0.005
211.336 -120.388 -0.005
211.093 -122.675 -0.005
210.844 -124.660 -0.005
210.559 -126.641 -0.005
210.195 -128.811 -0.005
209.788 -130.973 -0.005
209.377 -132.932 -0.005
208.912 -134.980 -0.005
208.337 -137.208 -0.005
207.817 -139.139 -0.005
207.229 -141.156 -0.005
206.536 -143.350 -0.005
205.878 -145.240 -0.005
205.165 -147.215 -0.005
204.454 -149.086 -0.005
203.558 -151.204 -0.005
202.768 -153.042 -0.005
201.844 -155.040 -0.005
200.920 -156.926 -0.005
199.854 -158.965 -0.005
198.880 -160.712 -0.005
197.902 -162.458 -0.005
196.731 -164.437 -0.005
195.664 -166.130 -0.005
194.457 -167.970 -0.005
193.330 -169.622 -0.005
192.052 -171.414 -0.005
190.746 -173.185 -0.005
189.515 -174.762 -0.005
188.117 -176.462 -0.005
186.829 -177.993 -0.005
185.355 -179.627 -0.005
183.857 -181.238 -0.005
182.390 -182.743 -0.005
180.966 -184.148 -0.005
179.448 -185.601 -0.005
177.899 -187.019 -0.005
176.327 -188.413 -0.005
174.646 -189.832 -0.005
172.934 -191.215 -0.005
171.355 -192.443 -0.005
169.585 -193.751 -0.005
167.870 -194.963 -0.005
166.124 -196.133 -0.005
164.285 -197.340 -0.005
162.583 -198.392 -0.005
160.774 -199.462 -0.005
158.855 -200.538 -0.005
157.093 -201.485 -0.005
155.127 -202.474 -0.005
153.334 -203.363 -0.005
151.239 -204.312 -0.005
149.400 -205.102 -0.005
147.366 -205.939 -0.005
145.408 -206.699 -0.005
143.337 -207.445 -0.005
141.247 -208.132 -0.005
139.429 -208.690 -0.005
137.420 -209.303 -0.005
135.396 -209.864 -0.005
133.162 -210.416 -0.005
131.110 -210.864 -0.005
129.050 -211.273 -0.005
126.985 -211.660 -0.005
124.912 -211.997 -0.005
122.830 -212.283 -0.005
120.745 -212.533 -0.005
118.654 -212.736 -0.005
116.459 -212.900 -0.005
114.362 -213.013 -0.005
112.263 -213.090 -0.005
110.262 -213.130 -0.005
107.863 -213.075 -0.004
105.864 -213.010 -0.004
103.866 -212.887 -0.004
101.870 -212.765 -0.004
99.577 -212.586 -0.004
97.290 -212.329 -0.004
95.313 -212.028 -0.004
93.433 -211.742 -0.004
91.263 -211.374 -0.004
89.098 -210.985 -0.004
87.046 -210.529 -0.004
85.006 -210.035 -0.004
82.975 -209.497 -0.004
81.044 -208.974 -0.004
79.024 -208.394 -0.004
76.844 -207.660 -0.004
74.959 -206.989 -0.004
72.991 -206.253 -0.004
70.957 -205.415 -0.004
68.928 -204.563 -0.004
67.112 -203.725 -0.004
65.208 -202.834 -0.004
63.323 -201.909 -0.004
61.371 -200.894 -0.003
59.534 -199.874 -0.003
57.724 -198.809 -0.003
55.931 -197.714 -0.003
54.232 -196.657 -0.003
52.400 -195.438 -0.003
50.514 -194.121 -0.003
48.898 -192.941 -0.003
47.216 -191.682 -0.003
45.642 -190.448 -0.003
43.946 -189.044 -0.003
42.294 -187.591 -0.003
40.738 -186.179 -0.003
39.199 -184.750 -0.003
37.692 -183.287 -0.003
36.161 -181.705 -0.003
34.797 -180.242 -0.003
33.256 -178.535 -0.003
31.951 -177.017 -0.003
30.663 -175.486 -0.002
29.271 -173.781 -0.002
27.997 -172.112 -0.002
26.749 -170.421 -0.002
25.536 -168.707 -0.002
24.359 -166.967 -0.002
23.116 -165.031 -0.002
22.059 -163.332 -0.002
21.072 -161.708 -0.002
19.872 -159.629 -0.002
18.919 -157.870 -0.002
17.934 -156.014 -0.002
17.021 -154.234 -0.002
16.016 -152.165 -0.002
15.192 -150.341 -0.002
14.334 -148.423 -0.002
13.468 -146.401 -0.002
12.750 -144.640 -0.002
11.976 -142.687 -0.002
11.251 -140.716 -0.002
10.571 -138.834 -0.002
9.838 -136.759 -0.001
9.201 -134.862 -0.001
8.515 -132.772 -0.001
7.926 -130.755 -0.001
7.376 -128.832 -0.001
6.814 -126.808 -0.001
6.312 -124.871 -0.001
5.799 -122.833 -0.001
5.342 -120.886 -0.001
4.888 -118.834 -0.001
4.467 -116.879 -0.001
4.043 -114.821 -0.001
3.612 -112.664 -0.001
3.286 -110.791 -0.001
2.923 -108.721 -0.001
2.611 -106.746 -0.001
2.302 -104.668 -0.001
2.021 -102.687 -0.001
1.739 -100.504 -0.001
1.508 -98.416 -0.001
1.301 -96.527 -0.001
1.092 -94.336 -0.001
0.918 -92.443 -0.001
0.722 -90.452 -0.001
0.555 -88.458 -0.001
0.385 -86.364 -0.001
0.243 -84.368 -0.001
0.105 -82.372 -0.001
-0.028 -80.377 -0.001
-0.163 -78.281 -0.000
-0.275 -76.282 -0.000
-0.384 -74.184 -0.000
-0.470 -72.186 -0.000
-0.558 -70.187 -0.000
-0.620 -68.087 -0.000
-0.676 -66.087 -0.000
-0.734 -64.088 -0.000
-0.791 -61.987 -0.000
-0.828 -60.087 -0.000
-0.866 -58.087 -0.000
-0.904 -56.087 -0.000
-0.943 -54.086 -0.000
-0.982 -52.086 -0.000
-1.020 -50.085 -0.000
-1.057 -48.084 -0.000
-1.093 -46.084 -0.000
-1.129 -44.084 -0.000
-1.165 -42.084 -0.000
-1.202 -39.983 -0.000
-1.238 -37.983 -0.000
-1.273 -36.082 -0.000
-1.309 -34.082 -0.000
-1.345 -32.081 -0.000
-1.381 -30.082 -0.000
-1.419 -28.081 -0.000
-1.458 -25.980 -0.000
-1.494 -24.080 -0.000
-1.531 -22.079 -0.000
-1.569 -20.079 -0.000
-1.607 -18.079 -0.000
-1.651 -15.979 -0.000
-1.692 -14.078 -0.000
-1.732 -12.078 -0.000
-1.763 -10.077 -0.000
-1.793 -8.077 -0.000
-1.827 -6.077 -0.000
-1.864 -3.976 -0.000
-1.897 -1.976 -0.000
