-547.739    742.831    -0.067
-548.414    743.571    -0.067
-549.089    744.309    -0.067
-549.764    745.047    -0.067
-550.439    745.785    -0.067
-551.114    746.524    -0.068
-551.788    747.263    -0.068
-552.463    748.001    -0.068
-553.138    748.740    -0.068
-553.815    749.476    -0.068
-554.492    750.212    -0.068
-555.170    750.947    -0.068
-555.848    751.684    -0.069
-556.526    752.420    -0.069
-557.203    753.155    -0.069
-557.881    753.891    -0.069
-558.559    754.627    -0.069
-559.234    755.364    -0.069
-559.910    756.103    -0.070
-560.586    756.840    -0.070
-561.261    757.578    -0.070
-561.936    758.316    -0.070
-562.612    759.053    -0.070
-563.287    759.791    -0.070
-563.963    760.530    -0.070
-564.638    761.268    -0.071
-565.314    762.005    -0.071
-565.990    762.742    -0.071
-566.666    763.480    -0.071
-567.341    764.218    -0.071
-568.017    764.955    -0.071
-568.693    765.693    -0.071
-569.369    766.431    -0.072
-570.043    767.169    -0.072
-570.718    767.908    -0.072
-571.392    768.648    -0.072
-572.066    769.387    -0.072
-572.740    770.126    -0.072
-573.414    770.864    -0.072
-574.089    771.603    -0.073
-574.763    772.343    -0.073
-575.436    773.083    -0.073
-576.112    773.820    -0.073
-576.789    774.556    -0.073
-577.465    775.293    -0.073
-578.141    776.030    -0.074
-578.818    776.768    -0.074
-579.494    777.505    -0.074
-580.170    778.242    -0.074
-580.846    778.980    -0.074
-581.522    779.717    -0.074
-582.198    780.455    -0.074
-582.873    781.193    -0.075
-583.549    781.931    -0.075
-584.224    782.668    -0.075
-584.900    783.406    -0.075
-585.575    784.144    -0.075
-586.250    784.883    -0.075
-586.926    785.621    -0.076
-587.602    786.358    -0.076
-588.277    787.095    -0.076
-588.954    787.832    -0.076
-589.630    788.569    -0.076
-590.307    789.307    -0.076
-590.982    790.045    -0.076
-591.658    790.782    -0.077
-592.333    791.520    -0.077
-593.007    792.259    -0.077
-593.680    792.998    -0.077
-594.355    793.738    -0.077
-595.029    794.477    -0.077
-595.702    795.216    -0.078
-596.377    795.955    -0.078
-597.051    796.695    -0.078
-597.726    797.434    -0.078
-598.401    798.171    -0.078
-599.076    798.909    -0.078
-599.752    799.647    -0.078
-600.428    800.384    -0.079
-601.103    801.122    -0.079
-601.779    801.860    -0.079
-602.454    802.598    -0.079
-603.130    803.336    -0.079
-603.805    804.073    -0.079
-604.482    804.810    -0.080
-605.158    805.549    -0.080
-605.834    806.286    -0.080
-606.509    807.023    -0.080
-607.185    807.761    -0.080
-607.861    808.499    -0.080
-608.537    809.236    -0.081
-609.211    809.975    -0.081
-609.886    810.713    -0.081
-610.562    811.451    -0.081
-611.237    812.190    -0.081
-611.911    812.928    -0.081
-612.586    813.667    -0.081
-613.261    814.406    -0.082
-613.936    815.144    -0.082
-614.611    815.881    -0.082
-615.287    816.619    -0.082
-615.963    817.356    -0.082
-616.638    818.094    -0.082
-617.314    818.832    -0.083
-617.991    819.569    -0.083
-618.666    820.307    -0.083
-619.341    821.045    -0.083
-620.019    821.780    -0.083
-620.697    822.517    -0.083
-621.375    823.252    -0.084
-622.052    823.988    -0.084
-622.730    824.723    -0.084
-623.408    825.459    -0.084
-624.086    826.195    -0.084
-624.763    826.931    -0.084
-625.440    827.668    -0.085
-626.115    828.406    -0.085
-626.791    829.144    -0.085
-627.465    829.882    -0.085
-628.140    830.620    -0.085
-628.815    831.360    -0.085
-629.490    832.098    -0.085
-630.165    832.836    -0.086
-630.840    833.574    -0.086
-631.517    834.311    -0.086
-632.192    835.049    -0.086
-632.869    835.786    -0.086
-633.546    836.523    -0.086
-634.222    837.260    -0.087
-634.898    837.997    -0.087
-635.574    838.733    -0.087
-636.251    839.471    -0.087
-636.928    840.207    -0.087
-637.605    840.943    -0.087
-638.283    841.679    -0.088
-638.960    842.416    -0.088
-639.637    843.152    -0.088
-640.314    843.889    -0.088
-640.991    844.625    -0.088
-641.668    845.362    -0.088
-642.342    846.100    -0.089
-643.017    846.839    -0.089
-643.691    847.578    -0.089
-644.365    848.318    -0.089
-645.038    849.058    -0.089
-645.712    849.797    -0.089
-646.386    850.536    -0.090
-647.060    851.275    -0.090
-647.734    852.015    -0.090
-648.410    852.752    -0.090
-649.086    853.490    -0.090
-649.762    854.227    -0.090
-650.436    854.965    -0.091
-651.112    855.703    -0.091
-651.788    856.442    -0.091
-652.463    857.179    -0.091
-653.139    857.916    -0.091
-653.816    858.652    -0.091
-654.494    859.388    -0.092
-655.172    860.124    -0.092
-655.848    860.862    -0.092
-656.526    861.598    -0.092
-657.203    862.334    -0.092
-657.879    863.070    -0.092
-658.558    863.805    -0.093
-659.243    864.534    -0.093
-659.929    865.264    -0.093
-660.614    865.992    -0.093
-661.299    866.721    -0.093
-661.985    867.449    -0.093
-662.670    868.178    -0.094
-663.355    868.907    -0.094
-664.041    869.635    -0.094
-664.743    870.347    -0.094
-665.450    871.056    -0.094
-666.156    871.764    -0.095
-666.862    872.473    -0.095
-667.583    873.167    -0.095
-668.306    873.858    -0.095
-669.029    874.549    -0.095
-669.752    875.240    -0.095
-670.490    875.915    -0.096
-671.239    876.579    -0.096
-671.986    877.244    -0.096
-672.734    877.908    -0.096
-673.493    878.560    -0.096
-674.259    879.203    -0.096
-675.025    879.846    -0.097
-675.791    880.490    -0.097
-676.567    881.121    -0.097
-677.361    881.729    -0.097
-678.155    882.337    -0.097
-678.949    882.947    -0.097
-679.750    883.546    -0.098
-680.562    884.129    -0.098
-681.375    884.713    -0.098
-682.188    885.296    -0.098
-683.005    885.873    -0.098
-683.837    886.427    -0.098
-684.671    886.980    -0.099
-685.505    887.534    -0.099
-686.339    888.085    -0.099
-687.188    888.614    -0.099
-688.036    889.144    -0.099
-688.885    889.674    -0.099
-689.735    890.203    -0.100
-690.590    890.722    -0.100
-691.445    891.240    -0.100
-692.312    891.739    -0.100
-693.185    892.227    -0.100
-694.060    892.712    -0.100
-694.936    893.196    -0.101
-695.811    893.679    -0.101
-696.686    894.164    -0.101
-697.577    894.619    -0.101
-698.471    895.068    -0.101
-699.368    895.510    -0.101
-700.267    895.949    -0.102
-701.172    896.376    -0.102
-702.078    896.799    -0.102
-702.984    897.224    -0.102
-703.890    897.649    -0.102
-704.804    898.055    -0.102
-705.724    898.450    -0.102
-706.646    898.836    -0.103
-707.572    899.214    -0.103
-708.503    899.581    -0.103
-709.435    899.943    -0.103
-710.368    900.304    -0.103
-711.300    900.667    -0.103
-712.240    901.010    -0.104
-713.185    901.338    -0.104
-714.130    901.664    -0.104
-715.079    901.982    -0.104
-716.031    902.290    -0.104
-716.987    902.586    -0.104
-717.942    902.882    -0.104
-718.897    903.179    -0.105
-719.856    903.467    -0.105
-720.818    903.740    -0.105
-721.781    904.010    -0.105
-722.751    904.254    -0.105
-723.721    904.497    -0.105
-724.692    904.739    -0.106
-725.663    904.980    -0.106
-726.634    905.223    -0.106
-727.606    905.460    -0.106
-728.582    905.677    -0.106
-729.558    905.894    -0.106
-730.539    906.093    -0.106
-731.520    906.288    -0.107
-732.505    906.463    -0.107
-733.490    906.637    -0.107
-734.474    906.812    -0.107
-735.460    906.988    -0.107
-736.450    907.129    -0.107
-737.440    907.269    -0.107
-738.432    907.405    -0.107
-739.424    907.535    -0.108
-740.419    907.637    -0.108
-741.414    907.739    -0.108
-742.409    907.842    -0.108
-743.404    907.945    -0.108
-744.400    908.042    -0.108
-745.396    908.137    -0.108
-746.393    908.219    -0.109
-747.389    908.295    -0.109
-748.389    908.348    -0.109
-749.388    908.400    -0.109
-750.387    908.452    -0.109
-751.385    908.505    -0.109
-752.386    908.537    -0.109
-753.385    908.557    -0.109
-754.386    908.573    -0.109
-755.386    908.576    -0.110
-756.387    908.565    -0.110
-757.387    908.550    -0.110
-758.387    908.536    -0.110
-759.387    908.521    -0.110
-760.387    908.484    -0.110
-761.386    908.426    -0.110
-762.384    908.361    -0.110
-763.382    908.296    -0.111
-764.379    908.217    -0.111
-765.375    908.132    -0.111
-766.372    908.046    -0.111
-767.369    907.961    -0.111
-768.365    907.867    -0.111
-769.360    907.757    -0.111
-770.353    907.648    -0.111
-771.347    907.532    -0.111
-772.339    907.401    -0.111
-773.329    907.255    -0.112
-774.318    907.108    -0.112
-775.308    906.962    -0.112
-776.297    906.815    -0.112
-777.285    906.655    -0.112
-778.272    906.495    -0.112
-779.260    906.336    -0.112
-780.247    906.175    -0.112
-781.233    906.007    -0.112
-782.220    905.840    -0.112
-783.206    905.673    -0.113
-784.193    905.506    -0.113
-785.178    905.335    -0.113
-786.163    905.164    -0.113
-787.150    904.992    -0.113
-788.135    904.822    -0.113
-789.121    904.656    -0.113
-790.108    904.489    -0.113
-791.094    904.321    -0.113
-792.080    904.155    -0.113
-793.066    903.984    -0.114
-794.052    903.812    -0.114
-795.037    903.640    -0.114
-796.023    903.468    -0.114
-797.009    903.302    -0.114
-797.995    903.137    -0.114
-798.982    902.971    -0.114
-799.969    902.806    -0.114
-800.954    902.639    -0.114
-801.941    902.467    -0.114
-802.926    902.296    -0.115
-803.911    902.125    -0.115
-804.898    901.958    -0.115
-805.884    901.793    -0.115
-806.872    901.628    -0.115
-807.858    901.462    -0.115
-808.844    901.296    -0.115
-809.831    901.131    -0.115
-810.818    900.965    -0.115
-811.804    900.800    -0.115
-812.791    900.632    -0.116
-813.776    900.461    -0.116
-814.761    900.290    -0.116
-815.747    900.118    -0.116
-816.733    899.948    -0.116
-817.720    899.780    -0.116
-818.706    899.614    -0.116
-819.692    899.449    -0.116
-820.679    899.283    -0.116
-821.665    899.117    -0.116
-822.651    898.951    -0.117
-823.639    898.785    -0.117
-824.625    898.620    -0.117
-825.611    898.458    -0.117
-826.599    898.295    -0.117
-827.586    898.132    -0.117
-828.574    897.970    -0.117
-829.560    897.807    -0.117
-830.547    897.645    -0.117
-831.535    897.482    -0.117
-832.521    897.320    -0.118
-833.510    897.167    -0.118
-834.499    897.015    -0.118
-835.488    896.863    -0.118
-836.476    896.711    -0.118
-837.465    896.559    -0.118
-838.454    896.407    -0.118
-839.442    896.255    -0.118
-840.431    896.103    -0.118
-841.421    895.963    -0.119
-842.413    895.827    -0.119
-843.404    895.691    -0.119
-844.395    895.556    -0.119
-845.387    895.421    -0.119
-846.377    895.285    -0.119
-847.369    895.150    -0.119
-848.360    895.015    -0.119
-849.352    894.887    -0.119
-850.344    894.765    -0.120
-851.338    894.643    -0.120
-852.331    894.521    -0.120
-853.324    894.411    -0.120
-854.320    894.307    -0.120
-855.315    894.203    -0.120
-856.310    894.100    -0.120
-857.305    893.997    -0.120
-858.300    893.896    -0.121
-859.295    893.794    -0.121
-860.291    893.693    -0.121
-861.287    893.599    -0.121
-862.283    893.517    -0.121
-863.280    893.435    -0.121
-864.277    893.353    -0.121
-865.275    893.275    -0.121
-866.273    893.206    -0.122
-867.271    893.138    -0.122
-868.269    893.070    -0.122
-869.267    893.010    -0.122
-870.266    892.961    -0.122
-871.265    892.913    -0.122
-872.265    892.865    -0.122
-873.264    892.819    -0.122
-874.265    892.790    -0.123
-875.264    892.762    -0.123
-876.264    892.747    -0.123
-877.264    892.734    -0.123
-878.265    892.725    -0.123
-879.265    892.716    -0.123
-880.265    892.708    -0.123
-881.266    892.699    -0.123
-882.266    892.699    -0.124
-883.266    892.699    -0.124
-884.267    892.723    -0.124
-885.267    892.751    -0.124
-886.266    892.780    -0.124
-887.267    892.810    -0.124
-888.266    892.840    -0.124
-889.266    892.871    -0.125
-890.265    892.921    -0.125
-891.264    892.975    -0.125
-892.263    893.028    -0.125
-893.262    893.082    -0.125
-894.259    893.161    -0.125
-895.255    893.250    -0.126
-896.252    893.339    -0.126
-897.248    893.429    -0.126
-898.244    893.526    -0.126
-899.238    893.637    -0.126
-900.232    893.749    -0.126
-901.226    893.860    -0.126
-902.220    893.982    -0.127
-903.211    894.118    -0.127
-904.201    894.254    -0.127
-905.192    894.390    -0.127
-906.183    894.530    -0.127