-1.949 1.625 -0.000
-1.984 3.526 -0.000
-2.020 5.526 -0.000
-2.052 7.527 -0.000
-2.081 9.527 -0.000
-2.108 11.628 -0.000
-2.150 13.628 -0.000
-2.195 15.528 -0.000
-2.236 17.528 -0.000
-2.272 19.529 -0.000
-2.307 21.530 -0.000
-2.343 23.629 -0.000
-2.381 25.630 -0.000
-2.421 27.630 -0.000
-2.447 29.531 -0.000
-2.478 31.531 -0.000
-2.512 33.532 -0.000
-2.548 35.633 -0.000
-2.581 37.633 -0.000
-2.616 39.633 -0.000
-2.651 41.533 -0.000
-2.694 43.534 -0.000
-2.739 45.534 -0.000
-2.790 47.434 -0.000
-2.848 49.434 -0.000
-2.916 51.533 -0.000
-2.981 53.433 -0.000
-3.051 55.232 -0.000
-3.172 57.229 -0.000
-3.317 59.325 -0.000
-3.456 61.221 -0.000
-3.608 63.116 -0.000
-3.812 65.105 -0.000
-4.016 66.996 -0.000
-4.236 68.984 -0.000
-4.469 70.971 -0.000
-4.695 72.758 -0.000
-4.983 74.838 -0.000
-5.245 76.721 -0.000
-5.530 78.701 -0.000
-5.827 80.578 -0.001
-6.170 82.651 -0.001
-6.491 84.422 -0.001
-6.853 86.391 -0.001
-7.219 88.357 -0.001
-7.587 90.222 -0.001
-7.975 92.082 -0.001
-8.401 94.037 -0.001
-8.820 95.891 -0.001
-9.256 97.742 -0.001
-9.742 99.682 -0.001
-10.212 101.523 -0.001
-10.737 103.558 -0.001
-11.198 105.299 -0.001
-11.764 107.322 -0.001
-12.282 109.151 -0.001
-12.849 111.069 -0.001
-13.396 112.889 -0.001
-13.983 114.802 -0.001
-14.549 116.617 -0.001
-15.132 118.426 -0.001
-15.773 120.321 -0.001
-16.387 122.120 -0.001
-17.098 124.096 -0.001
-17.738 125.886 -0.001
-18.352 127.579 -0.001
-19.084 129.441 -0.001
-19.858 131.394 -0.001
-20.583 133.258 -0.001
-21.270 134.923 -0.001
-22.046 136.767 -0.002
-22.831 138.607 -0.002
-23.592 140.349 -0.002
-24.368 142.084 -0.002
-25.172 143.806 -0.002
-26.019 145.618 -0.002
-26.844 147.331 -0.002
-27.719 149.130 -0.002
-28.611 150.921 -0.002
-29.508 152.710 -0.002
-30.370 154.403 -0.002
-31.296 156.176 -0.002
-32.183 157.857 -0.002
-33.173 159.711 -0.002
-34.053 161.281 -0.002
-35.043 163.020 -0.002
-35.986 164.670 -0.002
-36.939 166.315 -0.002
-37.970 168.029 -0.002
-38.950 169.658 -0.002
-40.016 171.351 -0.002
-41.040 172.952 -0.002
-42.138 174.625 -0.003
-43.240 176.294 -0.003
-44.300 177.872 -0.003
-45.431 179.523 -0.003
-46.564 181.172 -0.003
-47.656 182.727 -0.003
-48.745 184.285 -0.003
-49.920 185.904 -0.003
-51.090 187.527 -0.003
-52.276 189.139 -0.003
-53.417 190.659 -0.003
-54.629 192.250 -0.003
-55.790 193.756 -0.003
-56.966 195.249 -0.003
-58.227 196.802 -0.003
-59.440 198.265 -0.003
-60.687 199.700 -0.003
-61.947 201.122 -0.003
-63.280 202.614 -0.004
-64.619 204.101 -0.004
-65.891 205.513 -0.004
-67.297 207.074 -0.004
-68.569 208.487 -0.004
-69.923 209.960 -0.004
-71.278 211.431 -0.004
-72.635 212.902 -0.004
-73.987 214.376 -0.004
-75.405 215.926 -0.004
-76.689 217.328 -0.004
-78.107 218.878 -0.004
-79.390 220.280 -0.004
-80.742 221.756 -0.004
-82.092 223.231 -0.004
-83.511 224.781 -0.005
-84.794 226.183 -0.005
-86.213 227.732 -0.005
-87.564 229.208 -0.005
-88.848 230.609 -0.005
-90.199 232.084 -0.005
-91.551 233.560 -0.005
-92.904 235.034 -0.005
-94.257 236.507 -0.005
-95.610 237.982 -0.005
-96.963 239.455 -0.005
-98.317 240.928 -0.005
-99.671 242.401 -0.005
-101.093 243.948 -0.005
-102.379 245.346 -0.006
-103.730 246.823 -0.006
-105.081 248.299 -0.006
-106.499 249.849 -0.006
-107.782 251.251 -0.006
-109.198 252.803 -0.006
-110.478 254.207 -0.006
-111.827 255.686 -0.006
-113.242 257.238 -0.006
-114.528 258.638 -0.006
-115.882 260.111 -0.006
-117.236 261.583 -0.006
-118.590 263.057 -0.007
-119.942 264.532 -0.007
-121.291 266.008 -0.007
-122.709 267.559 -0.007
-124.059 269.036 -0.007
-125.408 270.513 -0.007
-126.689 271.917 -0.007
-128.106 273.468 -0.007
-129.454 274.946 -0.007
-130.737 276.349 -0.007
-132.154 277.899 -0.007
-133.437 279.302 -0.008
-134.856 280.852 -0.008
-136.138 282.254 -0.008
-137.555 283.805 -0.008
-138.837 285.208 -0.008
-140.254 286.759 -0.008
-141.537 288.162 -0.008
-142.955 289.711 -0.008
-144.307 291.187 -0.008
-145.591 292.589 -0.008
-146.942 294.063 -0.008
-148.363 295.610 -0.009
-149.649 297.010 -0.009
-151.003 298.483 -0.009
-152.356 299.956 -0.009
-153.709 301.431 -0.009
-155.062 302.905 -0.009
-156.415 304.380 -0.009
-157.766 305.854 -0.009
-159.181 307.408 -0.009
-160.460 308.813 -0.010
-161.874 310.367 -0.010
-163.222 311.846 -0.010
-164.505 313.248 -0.010
-165.856 314.724 -0.010
-167.274 316.273 -0.010
-168.557 317.675 -0.010
-169.978 319.223 -0.010
-171.263 320.624 -0.010
-172.616 322.097 -0.010
-174.036 323.645 -0.011
-175.321 325.046 -0.011
-176.741 326.594 -0.011
-178.026 327.994 -0.011
-179.379 329.469 -0.011
-180.730 330.944 -0.011
-182.148 332.494 -0.011
-183.431 333.896 -0.011
-184.850 335.446 -0.012
-186.134 336.847 -0.012
-187.486 338.322 -0.012
-188.906 339.871 -0.012
-190.190 341.271 -0.012
-191.541 342.748 -0.012
-192.958 344.298 -0.012
-194.240 345.702 -0.012
-195.590 347.179 -0.012
-196.939 348.655 -0.013
-198.290 350.132 -0.013
-199.640 351.608 -0.013
-201.058 353.157 -0.013
-202.340 354.561 -0.013
-203.756 356.113 -0.013
-205.104 357.591 -0.013
-206.385 358.996 -0.013
-207.802 360.546 -0.014
-209.087 361.947 -0.014
-210.441 363.420 -0.014
-211.794 364.893 -0.014
-213.148 366.367 -0.014
-214.502 367.839 -0.014
-215.857 369.311 -0.014
-217.212 370.784 -0.015
-218.567 372.256 -0.015
-219.918 373.731 -0.015
-221.270 375.207 -0.015
-222.622 376.681 -0.015
-224.041 378.230 -0.015
-225.324 379.633 -0.015
-226.742 381.183 -0.015
-228.093 382.659 -0.016
-229.376 384.061 -0.016
-230.729 385.535 -0.016
-232.083 387.007 -0.016
-233.437 388.480 -0.016
-234.791 389.952 -0.016
-236.212 391.500 -0.016
-237.496 392.901 -0.017
-238.917 394.449 -0.017
-240.201 395.849 -0.017
-241.554 397.324 -0.017
-242.907 398.798 -0.017
-244.328 400.346 -0.017
-245.613 401.746 -0.017
-247.033 403.294 -0.018
-248.316 404.697 -0.018
-249.734 406.247 -0.018
-251.017 407.648 -0.018
-252.369 409.124 -0.018
-253.721 410.598 -0.018
-255.141 412.147 -0.018
-256.425 413.548 -0.019
-257.844 415.097 -0.019
-259.195 416.574 -0.019
-260.477 417.977 -0.019
-261.893 419.527 -0.019
-263.244 421.004 -0.019
-264.526 422.407 -0.020
-265.876 423.883 -0.020
-267.227 425.360 -0.020
-268.576 426.836 -0.020
-269.995 428.386 -0.020
-271.278 429.788 -0.020
-272.697 431.337 -0.020
-273.980 432.739 -0.021
-275.333 434.214 -0.021
-276.686 435.687 -0.021
-278.106 437.235 -0.021
-279.392 438.635 -0.021
-280.813 440.183 -0.021
-282.098 441.582 -0.022
-283.451 443.057 -0.022
-284.804 444.531 -0.022
-286.221 446.081 -0.022
-287.501 447.486 -0.022
-288.916 449.039 -0.022
-290.196 450.445 -0.023
-291.612 451.997 -0.023
-292.896 453.397 -0.023
-294.249 454.872 -0.023
-295.601 456.346 -0.023
-296.953 457.821 -0.023
-298.373 459.369 -0.024
-299.658 460.769 -0.024
-301.011 462.243 -0.024
-302.364 463.718 -0.024
-303.779 465.270 -0.024
-305.058 466.675 -0.024
-306.406 468.155 -0.025
-307.821 469.708 -0.025
-309.103 471.111 -0.025
-310.455 472.585 -0.025
-311.875 474.134 -0.025
-313.159 475.535 -0.025
-314.579 477.083 -0.026
-315.863 478.484 -0.026
-317.214 479.960 -0.026
-318.565 481.435 -0.026
-319.917 482.910 -0.026
-321.268 484.386 -0.027
-322.688 485.935 -0.027
-323.972 487.335 -0.027
-325.324 488.811 -0.027
-326.673 490.288 -0.027
-328.023 491.765 -0.027
-329.373 493.242 -0.028
-330.790 494.793 -0.028
-332.073 496.195 -0.028
-333.491 497.745 -0.028
-334.842 499.221 -0.028
-336.126 500.623 -0.029
-337.543 502.173 -0.029
-338.827 503.573 -0.029
-340.179 505.049 -0.029
-341.530 506.524 -0.029
-342.952 508.071 -0.030
-344.240 509.469 -0.030
-345.663 511.014 -0.030
-346.951 512.412 -0.030
-348.303 513.887 -0.030
-349.652 515.364 -0.030
-351.002 516.842 -0.031
-352.351 518.318 -0.031
-353.769 519.869 -0.031
-355.052 521.271 -0.031
-356.471 522.820 -0.031
-357.823 524.295 -0.032
-359.108 525.696 -0.032
-360.461 527.168 -0.032
-361.884 528.714 -0.032
-363.171 530.113 -0.032
-364.593 531.660 -0.033
-365.939 533.139 -0.033
-367.218 534.545 -0.033
-368.632 536.099 -0.033
-369.979 537.578 -0.033
-371.265 538.978 -0.034
-372.619 540.451 -0.034
-373.974 541.924 -0.034
-375.327 543.397 -0.034
-376.748 544.944 -0.034
-378.032 546.345 -0.035
-379.452 547.894 -0.035
-380.737 549.294 -0.035
-382.089 550.770 -0.035
-383.439 552.246 -0.035
-384.857 553.796 -0.036
-386.140 555.198 -0.036
-387.558 556.748 -0.036
-388.840 558.151 -0.036
-390.191 559.628 -0.037
-391.541 561.104 -0.037
-392.891 562.580 -0.037
-394.243 564.055 -0.037
-395.662 565.604 -0.037
-396.947 567.005 -0.038
-398.299 568.480 -0.038
-399.717 570.029 -0.038
-401.002 571.431 -0.038
-402.420 572.980 -0.039
-403.704 574.381 -0.039
-405.122 575.931 -0.039
-406.405 577.333 -0.039
-407.823 578.883 -0.039
-409.106 580.286 -0.040
-410.522 581.837 -0.040
-411.871 583.316 -0.040
-413.218 584.794 -0.040
-414.567 586.273 -0.040
-415.849 587.676 -0.041
-417.202 589.149 -0.041
-418.623 590.696 -0.041
-419.909 592.096 -0.041
-421.330 593.644 -0.042
-422.614 595.044 -0.042
-423.967 596.520 -0.042
-425.318 597.994 -0.042
-426.738 599.542 -0.043
-428.023 600.944 -0.043
-429.442 602.493 -0.043
-430.726 603.893 -0.043
-432.078 605.369 -0.043
-433.429 606.844 -0.044
-434.846 608.395 -0.044
-436.196 609.871 -0.044
-437.547 611.348 -0.044
-438.830 612.750 -0.045
-440.181 614.225 -0.045
-441.600 615.774 -0.045
-442.884 617.176 -0.045
-444.304 618.724 -0.046
-445.590 620.123 -0.046
-446.943 621.598 -0.046
-448.296 623.071 -0.046
-449.716 624.620 -0.047
-450.998 626.023 -0.047
-452.415 627.574 -0.047
-453.697 628.977 -0.047
-455.048 630.453 -0.047
-456.468 632.002 -0.048
-457.752 633.402 -0.048
-459.104 634.877 -0.048
-460.524 636.425 -0.048
-461.808 637.826 -0.049
-463.160 639.302 -0.049
-464.510 640.777 -0.049
-465.929 642.327 -0.049
-467.211 643.730 -0.050
-468.628 645.281 -0.050
-469.911 646.684 -0.050
-471.328 648.235 -0.050
-472.679 649.710 -0.051
-473.963 651.112 -0.051
-475.382 652.660 -0.051
-476.666 654.061 -0.051
-478.016 655.539 -0.052
-479.365 657.016 -0.052
-480.715 658.494 -0.052
-482.063 659.971 -0.052
-483.481 661.521 -0.053
-484.764 662.923 -0.053
-486.184 664.472 -0.053
-487.467 665.873 -0.053
-488.821 667.348 -0.054
-490.175 668.820 -0.054
-491.598 670.365 -0.054
-492.885 671.764 -0.055
-494.306 673.311 -0.055
-495.589 674.713 -0.055
-496.940 676.190 -0.055
-498.290 677.666 -0.056
-499.641 679.141 -0.056
-500.993 680.617 -0.056
-502.413 682.165 -0.056
-503.765 683.639 -0.057
-505.050 685.040 -0.057
-506.467 686.590 -0.057
-507.755 687.988 -0.057
-509.119 689.453 -0.058
-510.482 690.917 -0.058
-511.782 692.304 -0.058
-513.220 693.836 -0.058
-514.539 695.203 -0.059
-515.929 696.642 -0.059
-517.257 698.002 -0.059
-518.660 699.429 -0.060
-520.070 700.848 -0.060
-521.480 702.267 -0.060
-522.829 703.606 -0.060
-524.259 705.006 -0.061
-525.689 706.405 -0.061
-527.119 707.804 -0.061
-528.551 709.200 -0.061
-529.998 710.582 -0.062
-531.448 711.962 -0.062
-532.829 713.269 -0.062
-534.353 714.714 -0.063
-535.748 716.004 -0.063
-537.218 717.362 -0.063
-538.615 718.652 -0.063
-540.083 720.009 -0.064
-541.565 721.354 -0.064
-542.978 722.625 -0.064
-544.483 723.943 -0.064
-545.990 725.258 -0.065
-547.496 726.577 -0.065
-548.997 727.899 -0.065
-550.143 728.869 -0.065
-551.793 730.265 -0.066
-553.245 731.491 -0.066
-554.778 732.777 -0.066
-556.315 734.057 -0.067
-557.856 735.333 -0.067
-559.321 736.544 -0.067
-560.884 737.793 -0.067
-562.447 739.041 -0.068
-564.013 740.289 -0.068
-565.498 741.473 -0.068
-567.071 742.710 -0.069
-568.579 743.866 -0.069
-570.173 745.076 -0.069
-571.766 746.287 -0.069
-573.433 747.564 -0.070
-574.868 748.653 -0.070
-576.551 749.910 -0.070
-578.155 751.107 -0.071
-579.689 752.228 -0.071
-581.311 753.399 -0.071
-582.859 754.502 -0.071
-584.572 755.718 -0.072
-586.203 756.877 -0.072
-587.673 757.918 -0.072
-589.400 759.113 -0.073
-591.045 760.251 -0.073
-592.608 761.333 -0.073
-594.343 762.518 -0.073
-595.918 763.582 -0.074
-597.587 764.686 -0.074
-599.171 765.736 -0.074
-600.924 766.893 -0.075
-602.432 767.878 -0.075
-604.202 769.007 -0.075
-605.805 770.029 -0.075
-607.496 771.099 -0.076
-609.193 772.160 -0.076
-610.807 773.163 -0.076
-612.506 774.219 -0.077
-614.213 775.262 -0.077
-615.931 776.288 -0.077
-617.648 777.314 -0.077
-619.366 778.340 -0.078
-620.912 779.263 -0.078
-622.647 780.260 -0.078
-624.469 781.305 -0.079
-626.204 782.302 -0.079
-627.940 783.296 -0.079
-629.594 784.233 -0.079
-631.341 785.208 -0.080
-633.006 786.123 -0.080
-634.760 787.087 -0.080
-636.520 788.037 -0.081
-638.287 788.978 -0.081
-640.056 789.912 -0.081
-641.737 790.798 -0.081
-643.591 791.788 -0.082
-645.269 792.680 -0.082
-647.052 793.587 -0.082
-648.834 794.495 -0.083
-650.534 795.345 -0.083
-652.332 796.222 -0.083
-654.133 797.096 -0.083
-655.845 797.922 -0.084
-657.737 798.835 -0.084
-659.546 799.689 -0.084
-661.266 800.499 -0.085
-663.166 801.395 -0.085
-664.976 802.248 -0.085
-666.525 802.947 -0.085
-668.444 803.802 -0.086
-670.271 804.618 -0.086
-672.098 805.434 -0.086
-673.932 806.232 -0.087
-675.679 806.982 -0.087
-677.518 807.771 -0.087
-679.356 808.559 -0.088
-681.107 809.301 -0.088
-682.954 810.068 -0.088
-684.807 810.823 -0.088
-686.661 811.576 -0.089
-688.423 812.289 -0.089
-690.285 813.020 -0.089
-692.148 813.749 -0.090
-694.017 814.464 -0.090
-695.885 815.179 -0.090
-697.757 815.886 -0.090
-699.536 816.556 -0.091
-701.321 817.208 -0.091
-703.204 817.883 -0.091
-705.181 818.593 -0.092
-707.064 819.270 -0.092
-708.861 819.890 -0.092
-710.662 820.498 -0.092
-712.558 821.138 -0.093
-714.453 821.778 -0.093
-716.350 822.415 -0.093
-718.155 823.010 -0.094
-720.151 823.665 -0.094
-721.873 824.192 -0.094
-723.882 824.804 -0.095
-725.700 825.358 -0.095
-727.520 825.908 -0.095
-729.537 826.497 -0.095
-731.361 827.029 -0.096
-733.378 827.617 -0.096
-735.299 828.176 -0.096
-737.123 828.709 -0.097
-739.140 829.297 -0.097
-740.964 829.830 -0.097
-742.982 830.417 -0.097
-744.903 830.977 -0.098
-746.823 831.537 -0.098
-748.648 832.070 -0.098
-750.664 832.658 -0.099
-752.585 833.217 -0.099
-754.506 833.777 -0.099
-756.427 834.337 -0.100
-758.251 834.870 -0.100
-760.268 835.458 -0.100
-762.189 836.018 -0.100
-764.110 836.578 -0.101
-765.934 837.110 -0.101
-767.951 837.698 -0.101
-769.776 838.230 -0.102
-771.793 838.818 -0.102
-773.714 839.378 -0.102
-775.634 839.938 -0.103
-777.459 840.470 -0.103
-779.475 841.058 -0.103
-781.300 841.590 -0.104
-783.221 842.151 -0.104
-785.238 842.739 -0.104
-787.159 843.298 -0.104
-789.080 843.858 -0.105
-790.905 844.388 -0.105
-792.922 844.973 -0.105
-794.844 845.530 -0.106
-796.765 846.088 -0.106
-798.686 846.645 -0.106
-800.609 847.203 -0.107
-802.530 847.760 -0.107
-804.356 848.290 -0.107
-806.373 848.875 -0.108
-808.199 849.404 -0.108
-810.216 849.989 -0.108
-812.137 850.546 -0.109
-814.059 851.103 -0.109
-815.885 851.632 -0.109
-817.904 852.215 -0.110
-819.826 852.770 -0.110
-821.748 853.326 -0.110
-823.573 853.854 -0.110
-825.591 854.438 -0.111
-827.417 854.966 -0.111
-829.435 855.549 -0.111
-831.357 856.104 -0.112
-833.183 856.633 -0.112
-835.202 857.214 -0.112
-837.029 857.738 -0.113
-839.049 858.317 -0.113
-840.876 858.841 -0.113
-842.895 859.420 -0.114
-844.818 859.971 -0.114
-846.741 860.522 -0.114
-848.569 861.046 -0.115
-850.587 861.626 -0.115
-852.509 862.182 -0.115
-854.431 862.739 -0.116
-856.353 863.295 -0.116
-858.275 863.851 -0.116
-860.197 864.407 -0.117
-862.119 864.964 -0.117
-863.944 865.494 -0.117
-865.865 866.054 -0.118
-867.881 866.642 -0.118
-869.706 867.173 -0.118
-871.724 867.760 -0.119
-873.645 868.320 -0.119
-875.562 868.890 -0.119
-877.480 869.459 -0.120
-879.394 870.041 -0.120
-881.306 870.631 -0.120
-883.319 871.233 -0.121
-885.137 871.785 -0.121
-887.146 872.402 -0.121
-888.963 872.960 -0.122
-890.970 873.577 -0.122
-892.975 874.206 -0.123
-894.875 874.833 -0.123
-896.776 875.458 -0.123
-898.764 876.136 -0.124
-900.561 876.754 -0.124
-902.453 877.405 -0.124
-904.531 878.130 -0.125
-906.316 878.784 -0.125
-908.289 879.504 -0.125
-910.343 880.292 -0.126
-912.112 880.988 -0.126
-913.973 881.721 -0.127
-915.919 882.515 -0.127
-917.771 883.272 -0.127
-919.798 884.128 -0.128
-921.635 884.921 -0.128
-923.550 885.785 -0.129
-925.277 886.577 -0.129
-927.269 887.514 -0.129
-929.150 888.450 -0.130
-930.938 889.347 -0.130
-932.721 890.254 -0.130
-934.585 891.223 -0.131
-936.354 892.156 -0.131
-938.293 893.198 -0.132
-940.031 894.190 -0.132
-941.768 895.182 -0.132
-943.574 896.256 -0.133
-945.450 897.407 -0.133
-947.051 898.431 -0.134
-948.903 899.619 -0.134
-950.555 900.748 -0.135
-952.370 901.992 -0.135
-953.994 903.161 -0.135
-955.695 904.393 -0.136
-957.282 905.612 -0.136
-959.015 906.968 -0.137
-960.648 908.291 -0.137
-962.254 909.645 -0.138
-963.767 910.953 -0.138
-965.489 912.478 -0.138
-966.874 913.779 -0.139
-968.465 915.300 -0.139
-969.887 916.708 -0.140
-971.428 918.279 -0.140
-972.737 919.657 -0.141
-974.273 921.369 -0.141
-975.648 922.958 -0.142
-976.939 924.486 -0.142
-978.332 926.189 -0.142
-979.566 927.764 -0.143
-980.942 929.608 -0.143
-982.147 931.328 -0.144
-983.281 932.977 -0.144
-984.480 934.822 -0.145
-985.547 936.514 -0.145
-986.739 938.483 -0.146
-987.724 940.223 -0.146
-988.774 942.158 -0.146
-989.729 944.029 -0.147
-990.668 945.908 -0.147
-991.541 947.818 -0.148
-992.379 949.745 -0.148
-993.191 951.682 -0.148
-993.985 953.735 -0.149
-994.728 955.806 -0.149
-995.352 957.707 -0.150
-996.015 959.805 -0.150
-996.612 961.820 -0.151
-997.163 963.846 -0.151
-997.706 965.979 -0.151
-998.158 967.928 -0.152
-998.599 970.084 -0.152
-998.976 972.150 -0.152
-999.331 974.220 -0.153
-999.623 976.200 -0.153
-999.881 978.284 -0.154
-1000.105 980.574 -0.154
-1000.268 982.568 -0.154
-1000.430 984.862 -0.155
-1000.498 986.963 -0.155
-1000.527 989.063 -0.155
-1000.512 991.063 -0.156
-1000.465 993.263 -0.156
-1000.386 995.363 -0.156
-1000.252 997.559 -0.157
-1000.063 999.652 -0.157
-999.831 1001.739 -0.157
-999.581 1003.725 -0.157
-999.249 1006.000 -0.158
-998.908 1007.972 -0.158
-998.485 1010.132 -0.158
-998.039 1012.185 -0.159
-997.557 1014.229 -0.159
-997.015 1016.362 -0.159
-996.479 1018.290 -0.159
-995.841 1020.396 -0.160
-995.180 1022.389 -0.160
-994.446 1024.465 -0.160
-993.712 1026.432 -0.160
-992.973 1028.291 -0.160
-992.120 1030.320 -0.161
-991.273 1032.242 -0.161
-990.430 1034.057 -0.161
-989.504 1035.942 -0.161
-988.433 1037.978 -0.161
-987.422 1039.819 -0.161
-986.369 1041.636 -0.162
-985.286 1043.438 -0.162
-984.108 1045.295 -0.162
-982.948 1047.047 -0.162
-981.753 1048.775 -0.162
-980.509 1050.467 -0.162
-979.242 1052.143 -0.162
-977.812 1053.946 -0.162
-976.522 1055.474 -0.162
-975.290 1056.922 -0.162
-973.757 1058.637 -0.162
-972.250 1060.241 -0.162
-970.845 1061.664 -0.162
-969.286 1063.218 -0.162
-967.826 1064.587 -0.162
-966.197 1066.066 -0.162
-964.614 1067.447 -0.162
-963.003 1068.796 -0.162
-961.358 1070.101 -0.162
-959.777 1071.328 -0.162
-957.928 1072.695 -0.162
-956.208 1073.903 -0.162
-954.558 1075.033 -0.162
-952.701 1076.214 -0.162
-950.823 1077.362 -0.162
-949.007 1078.417 -0.162
-947.001 1079.543 -0.162
-945.223 1080.460 -0.162
-943.436 1081.360 -0.162
-941.452 1082.314 -0.162
-939.632 1083.143 -0.161
-937.510 1084.030 -0.161
-935.651 1084.772 -0.161
-933.690 1085.526 -0.161
-931.615 1086.257 -0.161
-929.624 1086.930 -0.161
-927.519 1087.568 -0.160
-925.592 1088.107 -0.160
-923.560 1088.640 -0.160
-921.419 1089.147 -0.160
-919.469 1089.593 -0.160
-917.310 1090.026 -0.159
-915.244 1090.401 -0.159
-912.970 1090.753 -0.159
-910.986 1091.005 -0.159
-908.898 1091.237 -0.158
-906.707 1091.443 -0.158
-904.612 1091.591 -0.158
-902.613 1091.683 -0.158
-900.313 1091.750 -0.157
-898.313 1091.766 -0.157
-896.013 1091.744 -0.157
-893.913 1091.663 -0.156
-891.916 1091.549 -0.156
-889.821 1091.400 -0.156
-887.629 1091.203 -0.155
-885.443 1090.948 -0.155
-883.463 1090.661 -0.155
-881.487 1090.349 -0.154
-879.321 1089.961 -0.154
-877.162 1089.531 -0.154
-875.208 1089.102 -0.153
-873.069 1088.588 -0.153
-871.132 1088.084 -0.153
-868.918 1087.456 -0.152
-867.010 1086.856 -0.152
-864.915 1086.184 -0.151
-863.022 1085.535 -0.151
-861.046 1084.823 -0.151
-859.079 1084.084 -0.150
-857.121 1083.326 -0.150
-855.175 1082.532 -0.149
-853.256 1081.677 -0.149
-851.253 1080.767 -0.149
-849.366 1079.843 -0.148
-847.502 1078.876 -0.148
-845.728 1077.951 -0.147
-843.965 1077.004 -0.147
-841.949 1075.897 -0.147
-840.228 1074.876 -0.146
-838.506 1073.856 -0.146
-836.786 1072.835 -0.145
-834.916 1071.675 -0.145
-833.313 1070.654 -0.145
-831.467 1069.455 -0.144
-829.720 1068.289 -0.144
-827.995 1067.089 -0.143
-826.290 1065.863 -0.143
-824.680 1064.676 -0.142
-823.152 1063.544 -0.142
-821.481 1062.271 -0.142
-819.819 1060.987 -0.141
-818.167 1059.689 -0.141
-816.609 1058.433 -0.140
-814.913 1057.031 -0.140
-813.466 1055.799 -0.139
-811.877 1054.424 -0.139
-810.304 1053.033 -0.139
-808.738 1051.632 -0.138
-807.318 1050.370 -0.138
-805.829 1049.033 -0.137
-804.275 1047.619 -0.137
-802.805 1046.262 -0.137
-801.277 1044.821 -0.136
-799.839 1043.429 -0.136
-798.405 1042.034 -0.135
-796.854 1040.472 -0.135
-795.461 1039.037 -0.134
-794.067 1037.602 -0.134
-792.673 1036.167 -0.134
-791.279 1034.731 -0.133
-789.834 1033.206 -0.133
-788.459 1031.752 -0.132
-787.154 1030.371 -0.132
-785.712 1028.845 -0.132
-784.337 1027.390 -0.131
-782.971 1025.928 -0.131
-781.553 1024.379 -0.130
-780.201 1022.904 -0.130
-778.850 1021.429 -0.130
-777.565 1020.028 -0.129
-776.140 1018.484 -0.129
-774.850 1017.088 -0.128
-773.424 1015.545 -0.128
-772.067 1014.075 -0.128
-770.779 1012.678 -0.127
-769.354 1011.134 -0.127
-768.065 1009.737 -0.126
-766.709 1008.266 -0.126
-765.284 1006.722 -0.126
-763.930 1005.249 -0.125
-762.579 1003.773 -0.125
-761.230 1002.296 -0.124
-759.879 1000.820 -0.124
-758.529 999.345 -0.124
-757.178 997.868 -0.123
-755.895 996.465 -0.123
-754.476 994.916 -0.122
-753.127 993.439 -0.122
-751.844 992.037 -0.122
-750.426 990.487 -0.121
-749.076 989.011 -0.121
-747.793 987.608 -0.121
-746.374 986.059 -0.120
-745.024 984.582 -0.120
-743.674 983.106 -0.119
-742.324 981.629 -0.119
-740.974 980.153 -0.119
-739.691 978.750 -0.118
-738.273 977.200 -0.118
-736.991 975.797 -0.117
-735.573 974.247 -0.117
-734.223 972.770 -0.117
-732.873 971.294 -0.116
-731.522 969.817 -0.116
-730.172 968.341 -0.115
-728.890 966.938 -0.115
-727.472 965.388 -0.115
-726.122 963.912 -0.114
-724.772 962.436 -0.114
-723.421 960.959 -0.114
-722.071 959.483 -0.113
-720.789 958.080 -0.113
-719.371 956.529 -0.112
-718.089 955.126 -0.112
-716.671 953.576 -0.112
-715.320 952.100 -0.111
-713.971 950.623 -0.111
-712.620 949.146 -0.111
-711.271 947.670 -0.110
-709.988 946.267 -0.110
-708.570 944.717 -0.110
-707.219 943.241 -0.109
-705.870 941.765 -0.109
-704.519 940.288 -0.108
-703.169 938.811 -0.108
-701.887 937.408 -0.108
-700.469 935.858 -0.107
-699.120 934.382 -0.107
-697.769 932.905 -0.107
-696.419 931.429 -0.106
-695.136 930.026 -0.106
-693.719 928.476 -0.105
-692.368 926.999 -0.105
-691.019 925.523 -0.105
-689.668 924.046 -0.104
-688.318 922.570 -0.104
-687.035 921.168 -0.104
-685.615 919.619 -0.103
-684.331 918.217 -0.103
-682.912 916.669 -0.103
-681.560 915.193 -0.102
-680.209 913.718 -0.102
-678.926 912.316 -0.102
-677.506 910.767 -0.101
-676.222 909.366 -0.101
-674.803 907.817 -0.100
-673.451 906.342 -0.100
-672.100 904.867 -0.100
-670.748 903.391 -0.099
-669.397 901.916 -0.099
-668.045 900.441 -0.099
-666.694 898.966 -0.098
-665.341 897.491 -0.098
-664.058 896.089 -0.098
-662.639 894.540 -0.097
-661.287 893.065 -0.097
-659.936 891.591 -0.097
-658.584 890.115 -0.096
-657.233 888.640 -0.096
-655.881 887.164 -0.096
-654.530 885.689 -0.095
-653.246 884.287 -0.095
-651.826 882.739 -0.095
-650.473 881.265 -0.094
-649.122 879.791 -0.094
-647.837 878.390 -0.094
-646.416 876.842 -0.093
-645.132 875.441 -0.093
-643.712 873.892 -0.093
-642.428 872.492 -0.092
-641.008 870.944 -0.092
-639.723 869.543 -0.092
-638.302 867.995 -0.091
-637.018 866.594 -0.091
-635.598 865.045 -0.090
-634.246 863.571 -0.090
-632.962 862.170 -0.090
-631.541 860.622 -0.089
-630.257 859.222 -0.089
-628.837 857.674 -0.089
-627.484 856.198 -0.088
-626.200 854.797 -0.088
-624.848 853.323 -0.088
-623.427 851.775 -0.087
-622.143 850.374 -0.087
-620.723 848.826 -0.087
-619.370 847.351 -0.087
-618.086 845.950 -0.086
-616.666 844.402 -0.086
-615.313 842.928 -0.086
-614.029 841.527 -0.085
-612.609 839.979 -0.085
-611.256 838.505 -0.085
-609.904 837.030 -0.084
-608.551 835.555 -0.084
-607.199 834.081 -0.084
-605.848 832.607 -0.083
-604.495 831.132 -0.083
-603.143 829.658 -0.083
-601.790 828.183 -0.082
-600.438 826.708 -0.082
-599.085 825.234 -0.082
-597.734 823.760 -0.081
-596.381 822.285 -0.081
-595.029 820.811 -0.081
-593.676 819.336 -0.080
-592.324 817.861 -0.080
-591.040 816.460 -0.080
-589.620 814.913 -0.079
-588.267 813.438 -0.079
-586.915 811.964 -0.079
-585.562 810.488 -0.079
-584.210 809.014 -0.078
-582.926 807.613 -0.078
-581.506 806.065 -0.078
-580.154 804.591 -0.077
-578.869 803.190 -0.077
-577.449 801.641 -0.077
-576.096 800.167 -0.076
-574.812 798.766 -0.076
-573.392 797.218 -0.076
-572.040 795.744 -0.075
-570.755 794.343 -0.075
-569.335 792.795 -0.075
-567.982 791.321 -0.075
-566.630 789.846 -0.074
-565.278 788.371 -0.074
-563.926 786.897 -0.074
-562.642 785.495 -0.073
-561.223 783.946 -0.073
-559.872 782.470 -0.073
-558.521 780.995 -0.072
-557.238 779.593 -0.072
-555.819 778.044 -0.072
-554.535 776.641 -0.072
-553.117 775.092 -0.071
-551.833 773.690 -0.071
-550.414 772.141 -0.071
-549.063 770.666 -0.070
-547.712 769.190 -0.070
-546.361 767.714 -0.070
-545.078 766.313 -0.069
-543.659 764.764 -0.069
-542.307 763.287 -0.069
-540.956 761.812 -0.069
-539.673 760.410 -0.068
-538.254 758.861 -0.068
-536.970 757.459 -0.068
-535.552 755.910 -0.067
-534.200 754.434 -0.067
-532.850 752.959 -0.067
-531.498 751.483 -0.067
-530.147 750.008 -0.066
-528.863 748.606 -0.066
-527.445 747.056 -0.066
-526.093 745.581 -0.065
-524.742 744.106 -0.065
-523.390 742.630 -0.065
-522.039 741.155 -0.065
-520.688 739.679 -0.064
-519.337 738.203 -0.064
-517.985 736.728 -0.064
-516.635 735.253 -0.063
-515.284 733.777 -0.063
-513.933 732.301 -0.063
-512.583 730.825 -0.063
-511.233 729.348 -0.062
-509.883 727.871 -0.062
-508.533 726.394 -0.062
-507.184 724.917 -0.061
-505.901 723.514 -0.061
-504.484 721.964 -0.061
-503.133 720.488 -0.061
-501.784 719.011 -0.060
-500.434 717.534 -0.060
-499.084 716.058 -0.060
-497.802 714.654 -0.060
-496.384 713.104 -0.059
-495.034 711.627 -0.059
-493.684 710.150 -0.059
-492.334 708.674 -0.058
-490.985 707.197 -0.058
-489.634 705.720 -0.058
-488.284 704.244 -0.058
-487.001 702.842 -0.057
-485.582 701.293 -0.057
-484.230 699.817 -0.057
-482.880 698.342 -0.057
-481.597 696.940 -0.056
-480.178 695.390 -0.056
-478.894 693.988 -0.056
-477.476 692.439 -0.056
-476.192 691.036 -0.055
-474.774 689.487 -0.055
-473.422 688.011 -0.055
-472.072 686.536 -0.055
-470.721 685.060 -0.054
-469.370 683.585 -0.054
-468.019 682.109 -0.054
-466.668 680.633 -0.053
-465.316 679.158 -0.053
-464.032 677.757 -0.053
-462.612 676.208 -0.053
-461.260 674.734 -0.052
-459.908 673.260 -0.052
-458.555 671.784 -0.052
-457.204 670.310 -0.052
-455.919 668.909 -0.051
-454.499 667.361 -0.051
-453.146 665.886 -0.051
-451.795 664.411 -0.051
-450.443 662.936 -0.050
-449.092 661.461 -0.050
-447.740 659.985 -0.050
-446.390 658.509 -0.050
-445.106 657.107 -0.049
-443.755 655.632 -0.049
-442.336 654.083 -0.049
-440.985 652.608 -0.049
-439.633 651.132 -0.048
-438.282 649.657 -0.048
-436.932 648.181 -0.048
-435.580 646.705 -0.048
-434.229 645.230 -0.048
-432.945 643.828 -0.047
-431.526 642.279 -0.047
-430.175 640.803 -0.047
-428.824 639.327 -0.047
-427.473 637.852 -0.046
-426.122 636.377 -0.046
-424.838 634.975 -0.046
-423.420 633.425 -0.046
-422.137 632.022 -0.045
-420.719 630.472 -0.045
-419.369 628.996 -0.045
-418.019 627.520 -0.045
-416.669 626.042 -0.044
-415.320 624.566 -0.044
-414.037 623.163 -0.044
-412.620 621.612 -0.044
-411.337 620.209 -0.044
-409.919 618.659 -0.043
-408.569 617.182 -0.043
-407.220 615.706 -0.043
-405.869 614.229 -0.043
-404.518 612.754 -0.042
-403.234 611.353 -0.042
-401.815 609.804 -0.042
-400.462 608.329 -0.042
-399.111 606.855 -0.041
-397.760 605.379 -0.041
-396.408 603.904 -0.041
-395.056 602.429 -0.041
-393.704 600.953 -0.041
-392.353 599.479 -0.040
-391.069 598.077 -0.040
-389.649 596.528 -0.040
-388.366 595.127 -0.040
-386.947 593.577 -0.039
-385.594 592.103 -0.039
-384.243 590.628 -0.039
-382.891 589.153 -0.039
-381.540 587.678 -0.039
-380.188 586.202 -0.038
-378.838 584.726 -0.038
-377.486 583.251 -0.038
-376.136 581.775 -0.038
-374.785 580.298 -0.037
-373.435 578.823 -0.037
-372.152 577.420 -0.037
-370.733 575.870 -0.037
-369.450 574.468 -0.037
-368.031 572.918 -0.036
-366.677 571.446 -0.036
-365.323 569.974 -0.036
-363.969 568.500 -0.036
-362.615 567.028 -0.036
-361.261 565.555 -0.035
-359.906 564.082 -0.035
-358.552 562.609 -0.035
-357.266 561.210 -0.035
-355.844 559.663 -0.035
-354.491 558.189 -0.034
-353.207 556.788 -0.034
-351.854 555.314 -0.034
-350.434 553.766 -0.034
-349.082 552.291 -0.034
-347.730 550.816 -0.033
-346.377 549.342 -0.033
-345.093 547.941 -0.033
-343.673 546.392 -0.033
-342.321 544.918 -0.033
-340.970 543.444 -0.032
-339.617 541.968 -0.032
-338.265 540.494 -0.032
-336.981 539.093 -0.032
-335.561 537.544 -0.032
-334.277 536.143 -0.031
-332.857 534.596 -0.031
-331.508 533.117 -0.031
-330.161 531.639 -0.031
-328.812 530.160 -0.031
-327.461 528.685 -0.030
-326.177 527.283 -0.030
-324.759 525.733 -0.030
-323.407 524.258 -0.030
-322.124 522.856 -0.030
-320.705 521.307 -0.029
-319.354 519.832 -0.029
-318.070 518.430 -0.029
-316.652 516.880 -0.029
-315.368 515.478 -0.029
-313.949 513.930 -0.028
-312.598 512.453 -0.028
-311.247 510.978 -0.028
-309.895 509.502 -0.028
-308.544 508.027 -0.028
-307.261 506.625 -0.028
-305.842 505.076 -0.027
-304.492 503.600 -0.027
-303.208 502.198 -0.027
-301.790 500.648 -0.027
-300.439 499.173 -0.027
-299.156 497.770 -0.026
-297.737 496.221 -0.026
-296.387 494.745 -0.026
-295.104 493.342 -0.026
-293.685 491.793 -0.026
-292.334 490.317 -0.026
-290.984 488.841 -0.025
-289.633 487.365 -0.025
-288.282 485.889 -0.025
-286.931 484.413 -0.025
-285.581 482.937 -0.025
-284.298 481.535 -0.025
-282.879 479.985 -0.024
-281.528 478.510 -0.024
-280.178 477.034 -0.024
-278.826 475.558 -0.024
-277.476 474.082 -0.024
-276.125 472.606 -0.024
-274.774 471.130 -0.023
-273.490 469.729 -0.023
-272.070 468.180 -0.023
-270.718 466.706 -0.023
-269.434 465.304 -0.023
-268.015 463.755 -0.023
-266.663 462.281 -0.022
-265.312 460.806 -0.022
-263.959 459.331 -0.022
-262.608 457.856 -0.022
-261.324 456.454 -0.022
-259.905 454.905 -0.022
-258.554 453.429 -0.021
-257.203 451.954 -0.021
-255.852 450.478 -0.021
-254.501 449.002 -0.021
-253.149 447.527 -0.021
-251.799 446.051 -0.021
-250.515 444.649 -0.020
-249.096 443.100 -0.020
-247.745 441.624 -0.020
-246.394 440.149 -0.020
-245.043 438.673 -0.020
-243.692 437.197 -0.020
-242.409 435.795 -0.020
-240.990 434.246 -0.019
-239.707 432.844 -0.019
-238.288 431.295 -0.019
-236.936 429.819 -0.019
-235.586 428.344 -0.019
-234.301 426.943 -0.019
-232.949 425.469 -0.018
-231.529 423.921 -0.018
-230.244 422.519 -0.018
-228.824 420.971 -0.018
-227.540 419.570 -0.018
-226.120 418.021 -0.018
-224.767 416.547 -0.018
-223.415 415.074 -0.017
-222.062 413.598 -0.017
-220.710 412.124 -0.017
-219.426 410.723 -0.017
-218.006 409.174 -0.017
-216.654 407.699 -0.017
-215.304 406.224 -0.017
-214.020 404.822 -0.016
-212.600 403.273 -0.016
-211.316 401.872 -0.016
-209.897 400.322 -0.016
-208.614 398.922 -0.016
-207.194 397.373 -0.016
-205.843 395.897 -0.016
-204.491 394.422 -0.016
-203.208 393.020 -0.015
-201.788 391.471 -0.015
-200.437 389.996 -0.015
-199.086 388.520 -0.015
-197.734 387.045 -0.015
-196.452 385.642 -0.015
-195.034 384.092 -0.015
-193.684 382.616 -0.014
-192.335 381.139 -0.014
-190.984 379.662 -0.014
-189.635 378.185 -0.014
-188.352 376.782 -0.014
-186.935 375.231 -0.014
-185.653 373.828 -0.014
-184.236 372.277 -0.014
-182.885 370.801 -0.013
-181.536 369.325 -0.013
-180.185 367.848 -0.013
-178.833 366.374 -0.013
-177.548 364.973 -0.013
-176.128 363.425 -0.013
-174.775 361.951 -0.013
-173.423 360.477 -0.013
-172.070 359.001 -0.012
-170.720 357.526 -0.012
-169.437 356.123 -0.012
-168.019 354.573 -0.012
-166.669 353.097 -0.012
-165.318 351.621 -0.012
-163.968 350.145 -0.012
-162.685 348.742 -0.012
-161.267 347.192 -0.012
-159.916 345.716 -0.011
-158.567 344.240 -0.011
-157.216 342.763 -0.011
-155.866 341.287 -0.011
-154.584 339.884 -0.011
-153.166 338.334 -0.011
-151.883 336.931 -0.011
-150.465 335.381 -0.011
-149.115 333.904 -0.011
-147.765 332.428 -0.010
-146.414 330.951 -0.010
-145.064 329.475 -0.010
-143.782 328.072 -0.010
-142.363 326.522 -0.010
-141.011 325.048 -0.010
-139.658 323.575 -0.010
-138.305 322.100 -0.010
-136.953 320.626 -0.010
-135.668 319.225 -0.009
-134.248 317.677 -0.009
-132.895 316.203 -0.009
-131.542 314.729 -0.009
-130.190 313.254 -0.009
-128.838 311.780 -0.009
-127.487 310.305 -0.009
-126.136 308.828 -0.009
-124.786 307.352 -0.009
-123.435 305.875 -0.009
-122.085 304.400 -0.008
-120.802 302.997 -0.008
-119.383 301.448 -0.008
-118.032 299.972 -0.008
-116.682 298.496 -0.008
-115.331 297.019 -0.008
-113.981 295.544 -0.008
-112.696 294.143 -0.008
-111.276 292.595 -0.008
-109.923 291.120 -0.008
-108.571 289.646 -0.008
-107.287 288.245 -0.007
-105.867 286.697 -0.007
-104.582 285.296 -0.007
-103.162 283.748 -0.007
-101.877 282.347 -0.007
-100.457 280.799 -0.007
-99.104 279.324 -0.007
-97.753 277.850 -0.007
-96.401 276.374 -0.007
-95.049 274.900 -0.007
-93.697 273.426 -0.007
-92.345 271.950 -0.006
-90.993 270.476 -0.006
-89.709 269.074 -0.006
-88.289 267.526 -0.006
-86.936 266.052 -0.006
-85.584 264.578 -0.006
-84.231 263.103 -0.006
-82.879 261.629 -0.006
-81.594 260.228 -0.006
-80.174 258.680 -0.006
-78.891 257.278 -0.006
-77.472 255.729 -0.006
-76.121 254.253 -0.006
-74.770 252.777 -0.005
-73.419 251.301 -0.005
-72.068 249.826 -0.005
-70.716 248.350 -0.005
-69.366 246.874 -0.005
-68.016 245.399 -0.005
-66.664 243.923 -0.005
-65.314 242.446 -0.005
-63.963 240.971 -0.005
-62.612 239.495 -0.005
-61.261 238.019 -0.005
-59.911 236.543 -0.005
-58.628 235.141 -0.005
-57.209 233.591 -0.005
-55.926 232.188 -0.004
-54.508 230.638 -0.004
-53.158 229.162 -0.004
-51.808 227.686 -0.004
-50.458 226.208 -0.004
-49.109 224.732 -0.004
-47.758 223.255 -0.004
-46.409 221.778 -0.004
-45.059 220.302 -0.004
-43.709 218.825 -0.004
-42.360 217.347 -0.004
-41.009 215.872 -0.004
-39.727 214.468 -0.004
-38.309 212.918 -0.004
-37.027 211.515 -0.004
-35.609 209.965 -0.004
-34.258 208.489 -0.004
-32.976 207.086 -0.003
-31.558 205.536 -0.003
-30.209 204.059 -0.003
-28.926 202.656 -0.003
-27.508 201.106 -0.003
-26.225 199.703 -0.003
-24.804 198.156 -0.003
-23.451 196.683 -0.003
-22.164 195.284 -0.003
-20.743 193.737 -0.003
-19.389 192.264 -0.003
-18.036 190.791 -0.003
-16.750 189.391 -0.003
-15.328 187.844 -0.003
-14.042 186.444 -0.003
-12.621 184.897 -0.003
-11.335 183.499 -0.003
-9.915 181.950 -0.003
-8.565 180.472 -0.003
-7.215 178.996 -0.003
-5.933 177.593 -0.002
-4.516 176.042 -0.002
-3.165 174.566 -0.002
-1.816 173.090 -0.002
-0.534 171.686 -0.002
0.886 170.137 -0.002
2.170 168.736 -0.002
3.590 167.188 -0.002
4.874 165.787 -0.002
6.226 164.312 -0.002
7.646 162.764 -0.002
8.930 161.363 -0.002
10.350 159.814 -0.002
11.703 158.340 -0.002
12.987 156.939 -0.002
14.407 155.390 -0.002
15.758 153.915 -0.002
17.042 152.514 -0.002
18.462 150.966 -0.002
19.815 149.491 -0.002
21.166 148.017 -0.002
22.519 146.542 -0.002
23.871 145.067 -0.002
25.155 143.666 -0.002
26.575 142.117 -0.002
27.859 140.716 -0.002
29.279 139.168 -0.002
30.631 137.693 -0.002
31.983 136.219 -0.002
33.335 134.743 -0.002
34.687 133.269 -0.001
35.971 131.867 -0.001
37.391 130.319 -0.001
38.743 128.844 -0.001
40.027 127.443 -0.001
41.447 125.894 -0.001
42.799 124.420 -0.001
44.150 122.945 -0.001
45.503 121.470 -0.001
46.855 119.996 -0.001
48.139 118.594 -0.001
49.558 117.045 -0.001
50.842 115.644 -0.001
52.262 114.096 -0.001
53.614 112.620 -0.001
54.898 111.219 -0.001
56.318 109.670 -0.001
57.668 108.195 -0.001
58.952 106.793 -0.001
60.372 105.244 -0.001
61.724 103.770 -0.001
63.075 102.295 -0.001
64.427 100.820 -0.001
65.780 99.346 -0.001
67.131 97.871 -0.001
68.484 96.396 -0.001
69.835 94.921 -0.001
71.120 93.520 -0.001
72.539 91.971 -0.001
73.822 90.568 -0.001
75.239 89.018 -0.001
76.589 87.541 -0.001
77.939 86.065 -0.001
79.221 84.661 -0.001
80.638 83.111 -0.001
81.920 81.707 -0.001
83.337 80.156 -0.001
84.687 78.679 -0.001
86.036 77.203 -0.001
87.386 75.725 -0.001
88.734 74.247 -0.001
90.084 72.770 -0.001
91.435 71.295 -0.001
92.788 69.820 -0.001
94.139 68.345 -0.001
95.423 66.944 -0.001
96.842 65.395 -0.001
98.193 63.918 -0.001
99.543 62.442 -0.001
100.894 60.966 -0.001
102.244 59.489 -0.001
103.595 58.015 -0.001
104.880 56.614 -0.001
106.300 55.065 -0.001
107.584 53.664 -0.001
109.004 52.115 -0.001
110.354 50.639 -0.001
111.703 49.162 -0.001
113.053 47.685 -0.001
114.402 46.208 -0.001
115.685 44.805 -0.001
117.102 43.254 -0.001
118.455 41.780 -0.001
119.807 40.306 -0.001
121.160 38.831 -0.001
122.512 37.357 -0.001
123.797 35.957 -0.001
125.218 34.409 -0.001
126.503 33.008 -0.001
127.925 31.463 -0.001
129.279 29.989 -0.001
130.632 28.516 -0.001
131.918 27.116 -0.001
133.272 25.643 -0.001
134.693 24.096 -0.001
135.979 22.696 -0.001
137.400 21.149 -0.002
138.683 19.747 -0.002
140.102 18.198 -0.002
141.454 16.722 -0.002
142.804 15.247 -0.002
144.156 13.770 -0.002
145.506 12.295 -0.002
146.790 10.893 -0.002
148.208 9.343 -0.002
149.560 7.868 -0.002
150.910 6.392 -0.002
152.260 4.914 -0.002
153.602 3.431 -0.002
154.944 1.947 -0.002
156.286 0.464 -0.002
157.561 -0.946 -0.002
158.962 -2.511 -0.002
160.360 -4.079 -0.002
161.626 -5.497 -0.002
163.013 -7.076 -0.002
164.329 -8.582 -0.002
165.641 -10.103 -0.002
166.937 -11.628 -0.002
168.233 -13.153 -0.002
169.645 -14.840 -0.002
170.856 -16.305 -0.002
172.152 -17.958 -0.002
173.398 -19.523 -0.002
174.697 -21.174 -0.002
175.926 -22.753 -0.002
177.217 -24.409 -0.003
178.432 -25.999 -0.003
179.701 -27.675 -0.003
180.850 -29.188 -0.003
182.099 -30.877 -0.003
183.273 -32.497 -0.003
184.553 -34.288 -0.003
185.741 -36.020 -0.003
186.801 -37.597 -0.003
187.952 -39.355 -0.003
189.081 -41.126 -0.003
190.150 -42.818 -0.003
191.241 -44.613 -0.003
192.357 -46.509 -0.003
193.349 -48.247 -0.003
194.335 -49.988 -0.003
195.305 -51.738 -0.003
196.297 -53.590 -0.003
197.314 -55.541 -0.003
198.220 -57.325 -0.003
199.139 -59.215 -0.003
200.029 -61.117 -0.003
200.887 -63.034 -0.003
201.681 -64.871 -0.004
202.503 -66.804 -0.004
203.327 -68.845 -0.004
204.065 -70.811 -0.004
204.745 -72.693 -0.004
205.465 -74.666 -0.004
206.091 -76.671 -0.004
206.722 -78.675 -0.004
207.277 -80.597 -0.004
207.851 -82.722 -0.004
208.361 -84.656 -0.004
208.922 -86.888 -0.004
209.319 -88.848 -0.004
209.740 -90.906 -0.004
210.107 -92.874 -0.004
210.455 -95.047 -0.004
210.749 -97.127 -0.004
211.017 -99.110 -0.004
211.257 -101.297 -0.004
211.430 -103.390 -0.004
211.579 -105.486 -0.004
211.683 -107.684 -0.004
211.724 -109.784 -0.004
211.740 -111.785 -0.004
211.698 -114.084 -0.005
211.634 -116.084 -0.005
211.504 -118.281 -0.005
211.336 -120.388 -0.005
211.093 -122.675 -0.005
210.844 -124.660 -0.005
210.559 -126.641 -0.005
210.195 -128.811 -0.005
209.788 -130.973 -0.005
209.377 -132.932 -0.005
208.912 -134.980 -0.005
208.337 -137.208 -0.005
207.817 -139.139 -0.005
207.229 -141.156 -0.005
206.536 -143.350 -0.005
205.878 -145.240 -0.005
205.165 -147.215 -0.005
204.454 -149.086 -0.005
203.558 -151.204 -0.005
202.768 -153.042 -0.005
201.844 -155.040 -0.005
200.920 -156.926 -0.005
199.854 -158.965 -0.005
198.880 -160.712 -0.005
197.902 -162.458 -0.005
196.731 -164.437 -0.005
195.664 -166.130 -0.005
194.457 -167.970 -0.005
193.330 -169.622 -0.005
192.052 -171.414 -0.005
190.746 -173.185 -0.005
189.515 -174.762 -0.005
188.117 -176.462 -0.005
186.829 -177.993 -0.005
185.355 -179.627 -0.005
183.857 -181.238 -0.005
182.390 -182.743 -0.005
180.966 -184.148 -0.005
179.448 -185.601 -0.005
177.899 -187.019 -0.005
176.327 -188.413 -0.005
174.646 -189.832 -0.005
172.934 -191.215 -0.005
171.355 -192.443 -0.005
169.585 -193.751 -0.005
167.870 -194.963 -0.005
166.124 -196.133 -0.005
164.285 -197.340 -0.005
162.583 -198.392 -0.005
160.774 -199.462 -0.005
158.855 -200.538 -0.005
157.093 -201.485 -0.005
155.127 -202.474 -0.005
153.334 -203.363 -0.005
151.239 -204.312 -0.005
149.400 -205.102 -0.005
147.366 -205.939 -0.005
145.408 -206.699 -0.005
143.337 -207.445 -0.005
141.247 -208.132 -0.005
139.429 -208.690 -0.005
137.420 -209.303 -0.005
135.396 -209.864 -0.005
133.162 -210.416 -0.005
131.110 -210.864 -0.005
129.050 -211.273 -0.005
126.985 -211.660 -0.005
124.912 -211.997 -0.005
122.830 -212.283 -0.005
120.745 -212.533 -0.005
118.654 -212.736 -0.005
116.459 -212.900 -0.005
114.362 -213.013 -0.005
112.263 -213.090 -0.005
110.262 -213.130 -0.005
107.863 -213.075 -0.004
105.864 -213.010 -0.004
103.866 -212.887 -0.004
101.870 -212.765 -0.004
99.577 -212.586 -0.004
97.290 -212.329 -0.004
95.313 -212.028 -0.004
93.433 -211.742 -0.004
91.263 -211.374 -0.004
89.098 -210.985 -0.004
87.046 -210.529 -0.004
85.006 -210.035 -0.004
82.975 -209.497 -0.004
81.044 -208.974 -0.004
79.024 -208.394 -0.004
76.844 -207.660 -0.004
74.959 -206.989 -0.004
72.991 -206.253 -0.004
70.957 -205.415 -0.004
68.928 -204.563 -0.004
67.112 -203.725 -0.004
65.208 -202.834 -0.004
63.323 -201.909 -0.004
61.371 -200.894 -0.003
59.534 -199.874 -0.003
57.724 -198.809 -0.003
55.931 -197.714 -0.003
54.232 -196.657 -0.003
52.400 -195.438 -0.003
50.514 -194.121 -0.003
48.898 -192.941 -0.003
47.216 -191.682 -0.003
45.642 -190.448 -0.003
43.946 -189.044 -0.003
42.294 -187.591 -0.003
40.738 -186.179 -0.003
39.199 -184.750 -0.003
37.692 -183.287 -0.003
36.161 -181.705 -0.003
34.797 -180.242 -0.003
33.256 -178.535 -0.003
31.951 -177.017 -0.003
30.663 -175.486 -0.002
29.271 -173.781 -0.002
27.997 -172.112 -0.002
26.749 -170.421 -0.002
25.536 -168.707 -0.002
24.359 -166.967 -0.002
23.116 -165.031 -0.002
22.059 -163.332 -0.002
21.072 -161.708 -0.002
19.872 -159.629 -0.002
18.919 -157.870 -0.002
17.934 -156.014 -0.002
17.021 -154.234 -0.002
16.016 -152.165 -0.002
15.192 -150.341 -0.002
14.334 -148.423 -0.002
13.468 -146.401 -0.002
12.750 -144.640 -0.002
11.976 -142.687 -0.002
11.251 -140.716 -0.002
10.571 -138.834 -0.002
9.838 -136.759 -0.001
9.201 -134.862 -0.001
8.515 -132.772 -0.001
7.926 -130.755 -0.001
7.376 -128.832 -0.001
6.814 -126.808 -0.001
6.312 -124.871 -0.001
5.799 -122.833 -0.001
5.342 -120.886 -0.001
4.888 -118.834 -0.001
4.467 -116.879 -0.001
4.043 -114.821 -0.001
3.612 -112.664 -0.001
3.286 -110.791 -0.001
2.923 -108.721 -0.001
2.611 -106.746 -0.001
2.302 -104.668 -0.001
2.021 -102.687 -0.001
1.739 -100.504 -0.001
1.508 -98.416 -0.001
1.301 -96.527 -0.001
1.092 -94.336 -0.001
0.918 -92.443 -0.001
0.722 -90.452 -0.001
0.555 -88.458 -0.001
0.385 -86.364 -0.001
0.243 -84.368 -0.001
0.105 -82.372 -0.001
-0.028 -80.377 -0.001
-0.163 -78.281 -0.000
-0.275 -76.282 -0.000
-0.384 -74.184 -0.000
-0.470 -72.186 -0.000
-0.558 -70.187 -0.000
-0.620 -68.087 -0.000
-0.676 -66.087 -0.000
-0.734 -64.088 -0.000
-0.791 -61.987 -0.000
-0.828 -60.087 -0.000
-0.866 -58.087 -0.000
-0.904 -56.087 -0.000
-0.943 -54.086 -0.000
-0.982 -52.086 -0.000
-1.020 -50.085 -0.000
-1.057 -48.084 -0.000
-1.093 -46.084 -0.000
-1.129 -44.084 -0.000
-1.165 -42.084 -0.000
-1.202 -39.983 -0.000
-1.238 -37.983 -0.000
-1.273 -36.082 -0.000
-1.309 -34.082 -0.000
-1.345 -32.081 -0.000
-1.381 -30.082 -0.000
-1.419 -28.081 -0.000
-1.458 -25.980 -0.000
-1.494 -24.080 -0.000
-1.531 -22.079 -0.000
-1.569 -20.079 -0.000
-1.607 -18.079 -0.000
-1.651 -15.979 -0.000
-1.692 -14.078 -0.000
-1.732 -12.078 -0.000
-1.763 -10.077 -0.000
-1.793 -8.077 -0.000
-1.827 -6.077 -0.000
-1.864 -3.976 -0.000
-1.897 -1.976 -0.000
9.269 -1.914 -0.000
9.293 -3.815 -0.000
9.329 -5.814 -0.000
9.374 -7.815 -0.000
9.418 -9.915 -0.000
9.457 -11.816 -0.000
9.497 -13.915 -0.000
9.528 -15.816 -0.000
9.561 -17.816 -0.000
9.594 -19.817 -0.000
9.631 -21.917 -0.000
9.665 -23.818 -0.000
9.704 -25.919 -0.000
9.741 -27.819 -0.000
9.779 -29.819 -0.000
9.815 -31.819 -0.000
9.855 -33.920 -0.000
9.892 -35.820 -0.000
9.933 -37.921 -0.000
9.966 -39.821 -0.000
10.001 -41.821 -0.000
10.036 -43.821 -0.000
10.074 -45.822 -0.000
10.112 -47.923 -0.000
10.147 -49.823 -0.000
10.184 -51.824 -0.000
10.221 -53.824 -0.000
10.260 -55.824 -0.000
10.307 -57.824 -0.000
10.355 -59.925 -0.000
10.400 -61.825 -0.000
10.453 -63.825 -0.000
10.506 -65.825 -0.000
10.568 -67.824 -0.000
10.633 -69.724 -0.000
10.704 -71.623 -0.000
10.799 -73.722 -0.000
10.889 -75.720 -0.000
10.992 -77.619 -0.000
11.101 -79.617 -0.001
11.226 -81.613 -0.001
11.347 -83.510 -0.001
11.496 -85.505 -0.001
11.665 -87.498 -0.001
11.834 -89.492 -0.001
12.002 -91.285 -0.001
12.224 -93.374 -0.001
12.436 -95.364 -0.001
12.641 -97.152 -0.001
12.882 -99.138 -0.001
13.146 -101.121 -0.001
13.412 -103.004 -0.001
13.710 -104.981 -0.001
14.019 -106.958 -0.001
14.314 -108.735 -0.001
14.662 -110.705 -0.001
15.044 -112.669 -0.001
15.416 -114.533 -0.001
15.825 -116.389 -0.001
16.272 -118.339 -0.001
16.737 -120.285 -0.001
17.180 -122.031 -0.001
17.679 -123.968 -0.001
18.179 -125.905 -0.001
18.714 -127.729 -0.001
19.279 -129.648 -0.001
19.854 -131.459 -0.001
20.469 -133.363 -0.001
21.067 -135.062 -0.001
21.737 -136.948 -0.002
22.381 -138.629 -0.002
23.108 -140.493 -0.002
23.797 -142.156 -0.002
24.586 -143.994 -0.002
25.369 -145.726 -0.002
26.129 -147.358 -0.002
27.013 -149.154 -0.002
27.884 -150.843 -0.002
28.814 -152.615 -0.002
29.687 -154.189 -0.002
30.670 -155.932 -0.002
31.620 -157.461 -0.002
32.678 -159.160 -0.002
33.672 -160.661 -0.002
34.735 -162.236 -0.002
35.825 -163.794 -0.002
37.012 -165.404 -0.002
38.111 -166.830 -0.002
39.347 -168.404 -0.002
40.499 -169.787 -0.002
41.799 -171.308 -0.002
42.956 -172.554 -0.002
44.326 -174.012 -0.003
45.570 -175.314 -0.003
46.937 -176.634 -0.003
48.377 -178.023 -0.003
49.729 -179.212 -0.003
51.093 -180.387 -0.003
52.638 -181.658 -0.003
53.968 -182.718 -0.003
55.649 -183.978 -0.003
57.102 -185.041 -0.003
58.744 -186.184 -0.003
60.158 -187.128 -0.003
61.849 -188.198 -0.003
63.383 -189.141 -0.003
65.106 -190.157 -0.003
66.683 -191.027 -0.003
68.364 -191.912 -0.003
70.061 -192.769 -0.003
71.782 -193.577 -0.003
73.422 -194.319 -0.003
75.266 -195.094 -0.003
77.028 -195.806 -0.003
78.803 -196.485 -0.004
80.404 -197.058 -0.004
82.303 -197.690 -0.004
84.027 -198.207 -0.004
85.857 -198.721 -0.004
87.791 -199.234 -0.004
89.641 -199.671 -0.004
91.404 -200.032 -0.004
93.073 -200.360 -0.004
95.050 -200.673 -0.004
97.025 -200.985 -0.004
98.911 -201.219 -0.004
100.799 -201.448 -0.004
102.593 -201.589 -0.004
104.589 -201.739 -0.004
106.388 -201.811 -0.004
108.187 -201.876 -0.004
110.088 -201.865 -0.004
112.088 -201.853 -0.004
113.788 -201.781 -0.004
115.885 -201.664 -0.004
117.681 -201.532 -0.004
119.571 -201.342 -0.004
121.260 -201.141 -0.004
123.340 -200.846 -0.004
125.021 -200.592 -0.004
126.988 -200.229 -0.004
128.754 -199.873 -0.004
130.707 -199.440 -0.004
132.553 -198.988 -0.004
134.289 -198.512 -0.005
136.208 -197.945 -0.005
138.021 -197.376 -0.005
139.635 -196.841 -0.005
141.413 -196.169 -0.005
143.284 -195.460 -0.005
144.949 -194.774 -0.005
146.693 -194.020 -0.005
148.423 -193.233 -0.005
150.223 -192.359 -0.005
151.828 -191.543 -0.005
153.413 -190.690 -0.005
155.166 -189.725 -0.005
156.798 -188.750 -0.005
158.330 -187.804 -0.005
159.924 -186.770 -0.005
161.497 -185.703 -0.005
163.049 -184.606 -0.005
164.424 -183.605 -0.005
165.995 -182.366 -0.005
167.566 -181.127 -0.005
168.859 -180.023 -0.005
170.351 -178.690 -0.005
171.762 -177.416 -0.005
173.220 -176.047 -0.005
174.490 -174.770 -0.005
175.819 -173.411 -0.005
177.110 -172.017 -0.005
178.300 -170.665 -0.005
179.538 -169.223 -0.005
180.608 -167.902 -0.005
181.884 -166.232 -0.005
183.029 -164.715 -0.005
184.081 -163.255 -0.005
185.153 -161.685 -0.005
186.134 -160.175 -0.005
187.196 -158.479 -0.005
188.160 -156.842 -0.005
189.113 -155.197 -0.005
190.018 -153.526 -0.005
190.834 -151.920 -0.005
191.674 -150.216 -0.005
192.523 -148.405 -0.005
193.234 -146.750 -0.005
194.005 -144.904 -0.005
194.633 -143.324 -0.005
195.318 -141.444 -0.005
195.908 -139.743 -0.005
196.520 -137.839 -0.005
197.033 -136.113 -0.004
197.541 -134.281 -0.004
197.996 -132.436 -0.004
198.451 -130.487 -0.004
198.794 -128.822 -0.004
199.159 -126.855 -0.004
199.448 -125.078 -0.004
199.742 -123.098 -0.004
199.967 -121.312 -0.004
200.167 -119.322 -0.004
200.334 -117.630 -0.004
200.431 -115.631 -0.004
200.500 -113.732 -0.004
200.531 -111.931 -0.004
200.536 -110.131 -0.004
200.477 -108.031 -0.004
200.410 -106.132 -0.004
200.303 -104.334 -0.004
200.152 -102.440 -0.004
199.921 -100.553 -0.004
199.681 -98.466 -0.004
199.417 -96.786 -0.004
199.116 -94.909 -0.004
198.768 -93.041 -0.004
198.409 -91.276 -0.004
197.958 -89.327 -0.004
197.508 -87.378 -0.004
197.050 -85.533 -0.004
196.533 -83.601 -0.004
196.023 -81.874 -0.004
195.430 -79.963 -0.003
194.859 -78.256 -0.003
194.265 -76.556 -0.003
193.553 -74.686 -0.003
192.807 -72.722 -0.003
192.167 -71.147 -0.003
191.431 -69.394 -0.003
190.622 -67.564 -0.003
189.819 -65.843 -0.003
188.964 -64.033 -0.003
188.110 -62.224 -0.003
187.286 -60.623 -0.003
186.361 -58.849 -0.003
185.477 -57.167 -0.003
184.514 -55.413 -0.003
183.638 -53.840 -0.003
182.624 -52.115 -0.003
181.597 -50.398 -0.003
180.660 -48.861 -0.003
179.587 -47.172 -0.003
178.514 -45.483 -0.003
177.483 -43.887 -0.003
176.412 -42.316 -0.003
175.228 -40.581 -0.003
174.101 -38.928 -0.002
172.997 -37.381 -0.002
171.889 -35.836 -0.002
170.754 -34.312 -0.002
169.556 -32.710 -0.002
168.401 -31.200 -0.002
167.178 -29.616 -0.002
165.939 -28.046 -0.002
164.758 -26.556 -0.002
163.495 -25.005 -0.002
162.228 -23.456 -0.002
161.005 -22.002 -0.002
159.717 -20.471 -0.002
158.419 -18.948 -0.002
157.120 -17.426 -0.002
155.822 -15.904 -0.002
154.523 -14.381 -0.002
153.281 -12.943 -0.002
151.957 -11.443 -0.002
150.634 -9.942 -0.002
149.297 -8.454 -0.002
148.022 -7.045 -0.002
146.612 -5.488 -0.002
145.323 -4.090 -0.002
143.899 -2.545 -0.002
142.614 -1.145 -0.002
141.262 0.330 -0.002
139.911 1.805 -0.002
138.626 3.206 -0.002
137.207 4.755 -0.001
135.854 6.229 -0.001
134.503 7.704 -0.001
133.153 9.181 -0.001
131.805 10.659 -0.001
130.456 12.138 -0.001
129.108 13.616 -0.001
127.759 15.093 -0.001
126.411 16.572 -0.001
125.062 18.050 -0.001
123.648 19.602 -0.001
122.366 21.005 -0.001
121.015 22.482 -0.001
119.666 23.958 -0.001
118.316 25.436 -0.001
116.967 26.913 -0.001
115.617 28.390 -0.001
114.268 29.867 -0.001
112.918 31.344 -0.001
111.569 32.822 -0.001
110.218 34.298 -0.001
108.868 35.773 -0.001
107.517 37.249 -0.001
106.166 38.725 -0.001
104.815 40.200 -0.001
103.464 41.677 -0.001
102.113 43.152 -0.001
100.762 44.629 -0.001
99.411 46.104 -0.001
98.061 47.580 -0.001
96.713 49.059 -0.001
95.366 50.538 -0.001
94.019 52.017 -0.001
92.672 53.497 -0.001
91.324 54.975 -0.001
89.968 56.447 -0.001
88.611 57.917 -0.001
87.256 59.388 -0.001
85.968 60.786 -0.001
84.544 62.331 -0.001
83.190 63.803 -0.001
81.838 65.280 -0.001
80.488 66.755 -0.001
79.070 68.305 -0.001
77.787 69.708 -0.001
76.437 71.184 -0.001
75.088 72.661 -0.001
73.739 74.140 -0.001
72.391 75.618 -0.001
71.042 77.095 -0.001
69.690 78.570 -0.001
68.405 79.971 -0.001
66.985 81.518 -0.001
65.632 82.993 -0.001
64.281 84.468 -0.001
62.933 85.948 -0.001
61.587 87.427 -0.001
60.173 88.980 -0.001
58.893 90.386 -0.001
57.546 91.866 -0.001
56.200 93.345 -0.001
54.851 94.823 -0.001
53.565 96.223 -0.001
52.143 97.769 -0.001
50.789 99.242 -0.001
49.435 100.715 -0.001
48.083 102.190 -0.001
46.732 103.666 -0.001
45.382 105.142 -0.001
44.032 106.619 -0.001
42.685 108.098 -0.001
41.339 109.578 -0.001
39.992 111.057 -0.001
38.576 112.610 -0.001
37.292 114.011 -0.001
36.004 115.408 -0.001
34.627 116.859 -0.001
33.209 118.394 -0.001
31.803 119.955 -0.001
30.527 121.364 -0.001
29.173 122.838 -0.001
27.820 124.311 -0.001
26.467 125.785 -0.001
25.114 127.259 -0.001
23.761 128.733 -0.001
22.409 130.207 -0.001
21.056 131.682 -0.001
19.704 133.156 -0.001
18.286 134.707 -0.001
17.010 136.115 -0.001
15.599 137.672 -0.002
14.323 139.080 -0.002
12.913 140.638 -0.002
11.628 142.037 -0.002
10.270 143.508 -0.002
8.913 144.978 -0.002
7.557 146.448 -0.002
6.201 147.920 -0.002
4.850 149.395 -0.002
3.432 150.945 -0.002
2.148 152.347 -0.002
0.797 153.822 -0.002
-0.555 155.296 -0.002
-1.908 156.771 -0.002
-3.260 158.246 -0.002
-4.544 159.647 -0.002
-5.962 161.197 -0.002
-7.312 162.674 -0.002
-8.660 164.152 -0.002
-10.009 165.630 -0.002
-11.358 167.107 -0.002
-12.714 168.579 -0.002
-14.068 170.051 -0.002
-15.423 171.523 -0.002
-16.776 172.997 -0.002
-18.126 174.474 -0.002
-19.475 175.951 -0.002
-20.825 177.428 -0.003
-22.177 178.902 -0.003
-23.532 180.374 -0.003
-24.887 181.848 -0.003
-26.240 183.320 -0.003
-27.595 184.793 -0.003
-28.944 186.270 -0.003
-30.360 187.822 -0.003
-31.641 189.226 -0.003
-33.057 190.779 -0.003
-34.340 192.180 -0.003
-35.695 193.653 -0.003
-37.049 195.125 -0.003
-38.335 196.525 -0.003
-39.757 198.071 -0.003
-41.110 199.546 -0.003
-42.461 201.020 -0.003
-43.814 202.496 -0.003
-45.165 203.971 -0.003
-46.516 205.446 -0.003
-47.865 206.924 -0.004
-49.215 208.400 -0.004
-50.566 209.875 -0.004
-51.918 211.351 -0.004
-53.270 212.826 -0.004
-54.621 214.301 -0.004
-55.973 215.776 -0.004
-57.324 217.251 -0.004
-58.675 218.728 -0.004
-60.023 220.205 -0.004
-61.373 221.683 -0.004
-62.721 223.161 -0.004
-64.072 224.637 -0.004
-65.423 226.112 -0.004
-66.775 227.588 -0.004
-68.126 229.062 -0.004
-69.479 230.537 -0.005
-70.831 232.012 -0.005
-72.183 233.486 -0.005
-73.536 234.960 -0.005
-74.889 236.435 -0.005
-76.241 237.909 -0.005
-77.594 239.384 -0.005
-78.945 240.858 -0.005
-80.358 242.413 -0.005
-81.636 243.820 -0.005
-82.987 245.296 -0.005
-84.339 246.770 -0.005
-85.693 248.244 -0.005
-87.046 249.717 -0.005
-88.399 251.191 -0.006
-89.752 252.665 -0.006
-91.105 254.138 -0.006
-92.459 255.611 -0.006
-93.812 257.086 -0.006
-95.166 258.559 -0.006
-96.519 260.032 -0.006
-97.872 261.507 -0.006
-99.225 262.980 -0.006
-100.578 264.454 -0.006
-101.929 265.930 -0.006
-103.281 267.405 -0.006
-104.632 268.881 -0.007
-105.983 270.357 -0.007
-107.333 271.833 -0.007
-108.683 273.310 -0.007
-110.032 274.787 -0.007
-111.383 276.263 -0.007
-112.733 277.740 -0.007
-114.085 279.214 -0.007
-115.439 280.686 -0.007
-116.794 282.159 -0.007
-118.148 283.632 -0.007
-119.498 285.108 -0.008
-120.848 286.585 -0.008
-122.198 288.061 -0.008
-123.549 289.539 -0.008
-124.898 291.015 -0.008
-126.249 292.491 -0.008
-127.598 293.968 -0.008
-128.949 295.444 -0.008
-130.299 296.920 -0.008
-131.649 298.397 -0.008
-132.999 299.874 -0.008
-134.349 301.350 -0.009
-135.700 302.827 -0.009
-137.051 304.302 -0.009
-138.402 305.777 -0.009
-139.754 307.253 -0.009
-141.104 308.729 -0.009
-142.456 310.205 -0.009
-143.807 311.679 -0.009
-145.160 313.154 -0.009
-146.511 314.630 -0.009
-147.863 316.104 -0.010
-149.215 317.579 -0.010
-150.567 319.055 -0.010
-151.918 320.529 -0.010
-153.269 322.004 -0.010
-154.620 323.481 -0.010
-155.970 324.956 -0.010
-157.388 326.507 -0.010
-158.671 327.910 -0.010
-160.022 329.386 -0.011
-161.372 330.862 -0.011
-162.723 332.338 -0.011
-164.072 333.814 -0.011
-165.423 335.291 -0.011
-166.774 336.767 -0.011
-168.126 338.241 -0.011
-169.478 339.717 -0.011
-170.830 341.191 -0.011
-172.181 342.666 -0.012
-173.534 344.141 -0.012
-174.886 345.615 -0.012
-176.170 347.016 -0.012
-177.590 348.565 -0.012
-178.943 350.039 -0.012
-180.295 351.513 -0.012
-181.648 352.988 -0.012
-182.999 354.463 -0.013
-184.348 355.941 -0.013
-185.696 357.419 -0.013
-187.045 358.897 -0.013
-188.398 360.371 -0.013
-189.749 361.845 -0.013
-191.104 363.318 -0.013
-192.458 364.791 -0.013
-193.813 366.264 -0.013
-195.166 367.737 -0.014
-196.519 369.211 -0.014
-197.872 370.685 -0.014
-199.224 372.160 -0.014
-200.573 373.637 -0.014
-201.924 375.113 -0.014
-203.273 376.590 -0.014
-204.624 378.067 -0.015
-205.975 379.541 -0.015
-207.327 381.018 -0.015
-208.678 382.492 -0.015
-210.031 383.966 -0.015
-211.383 385.441 -0.015
-212.736 386.915 -0.015
-214.088 388.390 -0.015
-215.439 389.866 -0.016
-216.857 391.416 -0.016
-218.140 392.817 -0.016
-219.491 394.293 -0.016
-220.842 395.769 -0.016
-222.260 397.319 -0.016
-223.544 398.721 -0.016
-224.895 400.197 -0.017
-226.244 401.673 -0.017
-227.595 403.150 -0.017
-228.946 404.625 -0.017
-230.299 406.100 -0.017
-231.650 407.574 -0.017
-233.003 409.049 -0.017
-234.354 410.525 -0.018
-235.707 411.998 -0.018
-237.059 413.472 -0.018
-238.410 414.949 -0.018
-239.759 416.426 -0.018
-241.042 417.828 -0.018
-242.463 419.376 -0.018
-243.816 420.850 -0.019
-245.167 422.325 -0.019
-246.518 423.801 -0.019
-247.868 425.277 -0.019
-249.222 426.751 -0.019
-250.575 428.225 -0.019
-251.927 429.698 -0.019
-253.211 431.100 -0.020
-254.631 432.649 -0.020
-256.049 434.199 -0.020
-257.331 435.603 -0.020
-258.746 437.155 -0.020
-260.029 438.557 -0.020
-261.381 440.032 -0.021
-262.733 441.506 -0.021
-264.085 442.981 -0.021
-265.437 444.456 -0.021
-266.857 446.005 -0.021
-268.142 447.405 -0.021
-269.494 448.880 -0.022
-270.842 450.358 -0.022
-272.258 451.910 -0.022
-273.540 453.314 -0.022
-274.895 454.785 -0.022
-276.250 456.258 -0.022
-277.667 457.809 -0.023
-278.947 459.213 -0.023
-280.294 460.694 -0.023
-281.648 462.166 -0.023
-283.005 463.636 -0.023
-284.361 465.108 -0.023
-285.713 466.581 -0.024
-287.065 468.056 -0.024
-288.416 469.532 -0.024
-289.832 471.084 -0.024
-291.111 472.489 -0.024
-292.458 473.970 -0.024
-293.804 475.449 -0.025
-295.158 476.923 -0.025
-296.510 478.398 -0.025
-297.862 479.872 -0.025
-299.214 481.347 -0.025
-300.567 482.821 -0.025
-301.919 484.296 -0.026
-303.271 485.771 -0.026
-304.622 487.246 -0.026
-305.974 488.721 -0.026
-307.325 490.197 -0.026
-308.675 491.674 -0.026
-310.024 493.150 -0.027
-311.375 494.627 -0.027
-312.724 496.104 -0.027
-314.078 497.577 -0.027
-315.432 499.050 -0.027
-316.786 500.523 -0.028
-318.137 501.999 -0.028
-319.488 503.475 -0.028
-320.838 504.951 -0.028
-322.188 506.428 -0.028
-323.539 507.904 -0.028
-324.888 509.380 -0.029
-326.237 510.859 -0.029
-327.584 512.337 -0.029
-328.998 513.891 -0.029
-330.280 515.294 -0.029
-331.630 516.771 -0.030
-332.979 518.249 -0.030
-334.338 519.717 -0.030
-335.629 521.113 -0.030
-337.051 522.658 -0.030
-338.400 524.136 -0.031
-339.748 525.614 -0.031
-341.094 527.095 -0.031
-342.506 528.651 -0.031
-343.788 530.052 -0.031
-345.152 531.517 -0.032
-346.515 532.982 -0.032
-347.865 534.459 -0.032
-349.212 535.938 -0.032
-350.626 537.492 -0.032
-351.912 538.891 -0.033
-353.266 540.365 -0.033
-354.618 541.839 -0.033
-355.969 543.314 -0.033
-357.320 544.791 -0.033
-358.674 546.263 -0.034
-359.963 547.660 -0.034
-361.388 549.203 -0.034
-362.813 550.747 -0.034
-364.094 552.150 -0.034
-365.442 553.630 -0.035
-366.790 555.108 -0.035
-368.146 556.580 -0.035
-369.501 558.051 -0.035
-370.788 559.450 -0.035
-372.211 560.995 -0.036
-373.565 562.469 -0.036
-374.915 563.944 -0.036
-376.267 565.421 -0.036
-377.617 566.896 -0.036
-378.969 568.370 -0.037
-380.323 569.844 -0.037
-381.676 571.317 -0.037
-382.962 572.717 -0.037
-384.384 574.264 -0.038
-385.804 575.812 -0.038
-387.090 577.211 -0.038
-388.443 578.685 -0.038
-389.796 580.159 -0.038
-391.149 581.633 -0.039
-392.501 583.108 -0.039
-393.855 584.581 -0.039
-395.206 586.056 -0.039
-396.557 587.532 -0.039
-397.908 589.008 -0.040
-399.260 590.483 -0.040
-400.610 591.959 -0.040
-401.962 593.435 -0.040
-403.313 594.910 -0.041
-404.666 596.384 -0.041
-406.018 597.858 -0.041
-407.370 599.333 -0.041
-408.723 600.807 -0.041
-410.075 602.281 -0.042
-411.424 603.760 -0.042
-412.772 605.238 -0.042
-414.187 606.791 -0.042
-415.467 608.195 -0.043
-416.815 609.674 -0.043
-418.163 611.152 -0.043
-419.515 612.628 -0.043
-420.867 614.102 -0.044
-422.220 615.576 -0.044
-423.572 617.051 -0.044
-424.925 618.525 -0.044
-426.277 619.999 -0.044
-427.630 621.474 -0.045
-428.982 622.948 -0.045
-430.335 624.423 -0.045
-431.687 625.897 -0.045
-433.038 627.373 -0.046
-434.388 628.849 -0.046
-435.739 630.325 -0.046
-437.089 631.801 -0.046
-438.440 633.278 -0.047
-439.789 634.754 -0.047
-441.140 636.230 -0.047
-442.489 637.708 -0.047
-443.906 639.259 -0.048
-445.189 640.662 -0.048
-446.539 642.138 -0.048
-447.889 643.615 -0.048
-449.238 645.092 -0.049
-450.654 646.644 -0.049
-451.935 648.047 -0.049
-453.282 649.528 -0.049
-454.628 651.007 -0.050
-455.978 652.484 -0.050
-457.328 653.960 -0.050
-458.611 655.363 -0.050
-460.031 656.912 -0.051
-461.383 658.386 -0.051
-462.734 659.861 -0.051
-464.086 661.337 -0.051
-465.437 662.812 -0.052
-466.789 664.287 -0.052
-468.140 665.762 -0.052
-469.493 667.237 -0.052
-470.844 668.712 -0.053
-472.195 670.188 -0.053
-473.546 671.663 -0.053
-474.898 673.138 -0.053
-476.248 674.615 -0.054
-477.598 676.092 -0.054
-478.948 677.569 -0.054
-480.298 679.046 -0.054
-481.647 680.522 -0.055
-482.997 682.000 -0.055
-484.346 683.477 -0.055
-485.763 685.028 -0.055
-487.045 686.431 -0.056
-488.395 687.908 -0.056
-489.744 689.384 -0.056
-491.096 690.861 -0.056
-492.448 692.335 -0.057
-493.800 693.809 -0.057
-495.152 695.284 -0.057
-496.506 696.757 -0.057
-497.860 698.230 -0.058
-499.214 699.703 -0.058
-500.564 701.180 -0.058
-501.912 702.658 -0.059
-503.261 704.136 -0.059
-504.609 705.613 -0.059
-505.959 707.092 -0.059
-507.315 708.562 -0.060
-508.672 710.032 -0.060
-510.028 711.503 -0.060
-511.386 712.973 -0.060
-512.733 714.451 -0.061
-514.081 715.931 -0.061
-515.429 717.409 -0.061
-516.778 718.886 -0.062
-518.126 720.365 -0.062
-519.475 721.842 -0.062
-520.823 723.321 -0.062
-522.176 724.795 -0.063
-523.530 726.267 -0.063
-524.884 727.740 -0.063
-526.239 729.213 -0.064
-527.592 730.685 -0.064
-528.947 732.159 -0.064
-530.301 733.631 -0.064
-531.655 735.104 -0.065
-533.008 736.578 -0.065
-534.427 738.128 -0.065
-535.709 739.530 -0.065
-537.059 741.008 -0.066
-538.409 742.484 -0.066
-539.761 743.959 -0.066
-541.112 745.434 -0.067
-542.465 746.909 -0.067
-543.816 748.383 -0.067
-545.168 749.859 -0.067
-546.519 751.334 -0.068
-547.869 752.811 -0.068
-549.218 754.288 -0.068
-550.568 755.765 -0.069
-551.917 757.243 -0.069
-553.267 758.720 -0.069
-554.621 760.192 -0.070
-555.976 761.664 -0.070
-557.331 763.136 -0.070
-558.686 764.607 -0.070
-560.042 766.080 -0.071
-561.397 767.551 -0.071
-562.684 768.950 -0.071
-564.104 770.499 -0.072
-565.454 771.975 -0.072
-566.804 773.451 -0.072
-568.154 774.928 -0.073
-569.504 776.405 -0.073
-570.856 777.879 -0.073
-572.209 779.354 -0.073
-573.562 780.828 -0.074
-574.913 782.302 -0.074
-576.265 783.778 -0.074
-577.615 785.254 -0.075
-578.966 786.731 -0.075
-580.316 788.207 -0.075
-581.667 789.683 -0.076
-583.017 791.160 -0.076
-584.366 792.636 -0.076
-585.717 794.112 -0.076
-587.068 795.588 -0.077
-588.421 797.062 -0.077
-589.773 798.536 -0.077
-591.126 800.011 -0.078
-592.477 801.486 -0.078
-593.829 802.961 -0.078
-595.179 804.437 -0.079
-596.532 805.912 -0.079
-597.883 807.387 -0.079
-599.233 808.864 -0.080
-600.583 810.340 -0.080
-601.935 811.815 -0.080
-603.287 813.290 -0.081
-604.640 814.764 -0.081
-605.991 816.240 -0.081
-607.342 817.716 -0.081
-608.691 819.193 -0.082
-610.041 820.670 -0.082
-611.390 822.147 -0.082
-612.743 823.621 -0.083
-614.094 825.097 -0.083
-615.447 826.571 -0.083
-616.798 828.046 -0.084
-618.149 829.523 -0.084
-619.565 831.074 -0.084
-620.848 832.475 -0.085
-622.200 833.951 -0.085
-623.551 835.426 -0.085
-624.902 836.902 -0.086
-626.252 838.378 -0.086
-627.535 839.781 -0.086
-628.954 841.331 -0.087
-630.304 842.807 -0.087
-631.654 844.283 -0.087
-633.002 845.762 -0.088
-634.350 847.240 -0.088
-635.704 848.713 -0.088
-637.057 850.187 -0.089
-638.410 851.661 -0.089
-639.762 853.135 -0.089
-641.115 854.610 -0.090
-642.467 856.084 -0.090
-643.820 857.558 -0.090
-645.172 859.033 -0.091
-646.524 860.508 -0.091
-647.876 861.983 -0.091
-649.233 863.454 -0.092
-650.588 864.925 -0.092
-651.940 866.400 -0.092
-653.357 867.951 -0.093
-654.639 869.353 -0.093
-655.997 870.824 -0.093
-657.353 872.294 -0.094
-658.710 873.764 -0.094
-660.141 875.366 -0.094
-661.410 876.781 -0.095
-662.697 878.179 -0.095
-664.053 879.651 -0.095
-665.476 881.196 -0.096
-666.828 882.670 -0.096
-668.179 884.146 -0.096
-669.530 885.622 -0.097
-670.881 887.097 -0.097
-672.231 888.575 -0.097
-673.580 890.052 -0.098
-674.861 891.456 -0.098
-676.280 893.005 -0.099
-677.635 894.477 -0.099
-678.989 895.949 -0.099
-680.344 897.423 -0.100
-681.692 898.900 -0.100
-683.039 900.381 -0.100
-684.385 901.860 -0.101
-685.472 903.035 -0.101
-687.796 905.490 -0.102
-688.418 906.272 -0.102
-689.769 907.746 -0.102
-691.125 909.219 -0.102
-692.479 910.691 -0.103
-693.762 912.093 -0.103
-695.181 913.643 -0.103
-696.531 915.118 -0.104
-697.883 916.595 -0.104
-699.233 918.070 -0.105
-700.585 919.546 -0.105
-701.935 921.022 -0.105
-703.286 922.498 -0.106
-704.569 923.900 -0.106
-705.988 925.449 -0.106
-707.339 926.925 -0.107
-708.622 928.327 -0.107
-710.041 929.877 -0.107
-711.392 931.352 -0.108
-712.743 932.827 -0.108
-714.094 934.303 -0.109
-715.379 935.704 -0.109
-716.734 937.176 -0.109
-718.157 938.722 -0.110
-719.512 940.194 -0.110
-720.866 941.666 -0.110
-722.220 943.140 -0.111
-723.571 944.615 -0.111
-724.855 946.017 -0.112
-726.273 947.567 -0.112
-727.623 949.043 -0.112
-728.973 950.520 -0.113
-730.321 951.998 -0.113
-731.604 953.400 -0.113
-733.023 954.950 -0.114
-734.441 956.500 -0.114
-735.724 957.901 -0.115
-737.075 959.377 -0.115
-738.425 960.853 -0.115
-739.708 962.256 -0.116
-741.127 963.805 -0.116
-742.411 965.207 -0.116
-743.830 966.755 -0.117
-745.182 968.231 -0.117
-746.465 969.633 -0.118
-747.884 971.183 -0.118
-749.234 972.659 -0.118
-750.516 974.062 -0.119
-751.934 975.612 -0.119
-753.285 977.088 -0.120
-754.634 978.564 -0.120
-755.985 980.042 -0.120
-757.335 981.517 -0.121
-758.619 982.919 -0.121
-760.038 984.468 -0.121
-761.390 985.943 -0.122
-762.741 987.418 -0.122
-764.093 988.894 -0.123
-765.444 990.369 -0.123
-766.795 991.844 -0.123
-768.148 993.319 -0.124
-769.499 994.793 -0.124
-770.851 996.269 -0.125
-772.203 997.744 -0.125
-773.487 999.145 -0.125
-774.908 1000.693 -0.126
-776.261 1002.167 -0.126
-777.613 1003.641 -0.127
-778.966 1005.115 -0.127
-780.318 1006.589 -0.127
-781.603 1007.990 -0.128
-783.024 1009.538 -0.128
-784.376 1011.012 -0.129
-785.728 1012.486 -0.129
-787.019 1013.882 -0.129
-788.454 1015.417 -0.130
-789.752 1016.806 -0.130
-791.117 1018.267 -0.131
-792.484 1019.729 -0.131
-793.850 1021.190 -0.131
-795.216 1022.653 -0.132
-796.528 1024.027 -0.132
-797.927 1025.458 -0.133
-799.395 1026.960 -0.133
-800.724 1028.319 -0.133
-802.123 1029.749 -0.134
-803.591 1031.252 -0.134
-804.851 1032.538 -0.135
-806.278 1033.941 -0.135
-807.704 1035.345 -0.135
-809.129 1036.747 -0.136
-810.504 1038.061 -0.136
-811.901 1039.349 -0.137
-813.375 1040.701 -0.137
-814.858 1042.046 -0.137
-816.265 1043.323 -0.138
-817.755 1044.658 -0.138
-819.195 1045.899 -0.139
-820.785 1047.272 -0.139
-822.163 1048.430 -0.139
-823.644 1049.621 -0.140
-825.281 1050.938 -0.140
-826.839 1052.193 -0.141
-828.256 1053.304 -0.141
-829.843 1054.522 -0.141
-831.351 1055.680 -0.142
-832.902 1056.778 -0.142
-834.536 1057.933 -0.143
-836.169 1059.089 -0.143
-837.654 1060.106 -0.143
-839.248 1061.142 -0.144
-840.925 1062.232 -0.144
-842.539 1063.236 -0.144
-844.337 1064.323 -0.145
-845.809 1065.173 -0.145
-847.562 1066.139 -0.146
-849.314 1067.105 -0.146
-851.066 1068.071 -0.146
-852.663 1068.901 -0.147
-854.363 1069.752 -0.147
-856.082 1070.563 -0.148
-857.981 1071.461 -0.148
-859.553 1072.111 -0.148
-861.402 1072.875 -0.149
-863.251 1073.638 -0.149
-864.843 1074.232 -0.149
-866.729 1074.902 -0.150
-868.615 1075.572 -0.150
-870.329 1076.121 -0.150
-872.336 1076.744 -0.151
-873.888 1077.135 -0.151
-875.828 1077.621 -0.151
-877.769 1078.105 -0.152
-879.427 1078.483 -0.152
-881.490 1078.877 -0.152
-883.358 1079.233 -0.153
-885.138 1079.499 -0.153
-887.018 1079.781 -0.153
-888.905 1080.006 -0.154
-890.697 1080.178 -0.154
-892.792 1080.340 -0.154
-894.389 1080.454 -0.154
-896.389 1080.488 -0.155
-898.388 1080.521 -0.155
-900.089 1080.498 -0.155
-902.088 1080.426 -0.156
-903.987 1080.339 -0.156
-905.783 1080.219 -0.156
-907.677 1080.052 -0.156
-909.565 1079.829 -0.156
-911.450 1079.588 -0.157
-913.329 1079.304 -0.157
-915.198 1078.966 -0.157
-916.869 1078.647 -0.157
-918.917 1078.180 -0.158
-920.767 1077.744 -0.158
-922.511 1077.297 -0.158
-924.338 1076.770 -0.158
-926.354 1076.181 -0.158
-927.878 1075.693 -0.158
-929.659 1075.030 -0.159
-931.528 1074.317 -0.159
-933.300 1073.626 -0.159
-935.048 1072.880 -0.159
-936.672 1072.104 -0.159
-938.476 1071.240 -0.159
-940.180 1070.397 -0.159
-941.763 1069.539 -0.159
-943.519 1068.581 -0.160
-944.990 1067.727 -0.160
-946.702 1066.691 -0.160
-948.128 1065.765 -0.160
-949.873 1064.596 -0.160
-951.352 1063.567 -0.160
-952.786 1062.479 -0.160
-954.376 1061.265 -0.160
-955.872 1060.093 -0.160
-957.335 1058.880 -0.160
-958.778 1057.644 -0.160
-960.111 1056.431 -0.160
-961.483 1055.118 -0.160
-962.909 1053.714 -0.160
-964.169 1052.427 -0.160
-965.463 1051.036 -0.160
-966.727 1049.616 -0.160
-967.898 1048.249 -0.160
-969.115 1046.789 -0.160
-970.291 1045.295 -0.160
-971.482 1043.688 -0.160
-972.614 1042.161 -0.159
-973.583 1040.764 -0.159
-974.691 1039.098 -0.159
-975.714 1037.496 -0.159
-976.693 1035.868 -0.159
-977.654 1034.227 -0.159
-978.514 1032.646 -0.159
-979.389 1030.959 -0.159
-980.276 1029.165 -0.159
-981.044 1027.537 -0.158
-981.832 1025.807 -0.158
-982.535 1024.150 -0.158
-983.236 1022.383 -0.158
-983.929 1020.506 -0.158
-984.544 1018.814 -0.158
-985.148 1016.906 -0.157
-985.663 1015.182 -0.157
-986.252 1013.164 -0.157
-986.664 1011.515 -0.157
-987.091 1009.663 -0.156
-987.467 1007.902 -0.156
-987.826 1006.036 -0.156
-988.177 1004.066 -0.156
-988.441 1002.184 -0.155
-988.681 1000.501 -0.155
-988.882 998.511 -0.155
-989.035 996.716 -0.155
-989.188 994.521 -0.154
-989.235 992.921 -0.154
-989.287 990.921 -0.154
-989.270 989.122 -0.154
-989.246 987.221 -0.153
-989.166 985.322 -0.153
-989.067 983.525 -0.153
-988.903 981.530 -0.152
-988.709 979.741 -0.152
-988.484 977.853 -0.152
-988.212 975.871 -0.151
-987.927 974.093 -0.151
-987.570 972.125 -0.151
-987.202 970.260 -0.150
-986.793 968.506 -0.150
-986.294 966.569 -0.150
-985.817 964.832 -0.149
-985.284 963.008 -0.149
-984.772 961.386 -0.149
-984.113 959.498 -0.148
-983.452 957.716 -0.148
-982.749 955.950 -0.148
-982.036 954.188 -0.147
-981.292 952.439 -0.147
-980.513 950.815 -0.146
-979.633 949.019 -0.146
-978.806 947.419 -0.146
-977.861 945.655 -0.145
-976.961 944.095 -0.145
-976.006 942.452 -0.144
-975.000 940.840 -0.144
-973.965 939.246 -0.144
-972.896 937.675 -0.143
-971.834 936.220 -0.143
-970.620 934.631 -0.142
-969.460 933.125 -0.142
-968.277 931.636 -0.142
-967.053 930.183 -0.141
-965.848 928.846 -0.141
-964.586 927.423 -0.141
-963.283 926.041 -0.140
-961.957 924.678 -0.140
-960.691 923.399 -0.139
-959.250 922.010 -0.139
-957.793 920.640 -0.138
-956.376 919.372 -0.138
-954.943 918.123 -0.138
-953.570 916.960 -0.137
-952.005 915.714 -0.137
-950.439 914.467 -0.137
-949.000 913.384 -0.136
-947.396 912.190 -0.136
-945.872 911.054 -0.135
-944.370 910.060 -0.135
-942.702 908.956 -0.135
-941.117 907.907 -0.134
-939.418 906.851 -0.134
-937.718 905.795 -0.133
-936.181 904.859 -0.133
-934.446 903.862 -0.133
-932.711 902.865 -0.132
-931.222 902.045 -0.132
-929.355 901.080 -0.131
-927.667 900.207 -0.131
-925.801 899.242 -0.131
-925.625 899.164 -0.131
-924.675 898.851 -0.130
-923.721 898.547 -0.130
-922.763 898.259 -0.130
-921.801 897.986 -0.130
-920.835 897.725 -0.130
-919.869 897.464 -0.130
-918.904 897.203 -0.129
-917.938 896.947 -0.129
-916.967 896.705 -0.129
-915.995 896.468 -0.129
-915.020 896.243 -0.129
-914.044 896.024 -0.129
-913.065 895.820 -0.128
-912.085 895.616 -0.128
-911.106 895.413 -0.128
-910.126 895.210 -0.128
-909.141 895.037 -0.128
-908.155 894.868 -0.128
-907.169 894.700 -0.127
-906.183 894.530 -0.127
-905.192 894.390 -0.127
-904.201 894.254 -0.127
-903.211 894.118 -0.127
-902.220 893.982 -0.127
-901.226 893.860 -0.126
-900.232 893.749 -0.126
-899.238 893.637 -0.126
-898.244 893.526 -0.126
-897.248 893.429 -0.126
-896.252 893.339 -0.126
-895.255 893.250 -0.126
-894.259 893.161 -0.125
-893.262 893.082 -0.125
-892.263 893.028 -0.125
-891.264 892.975 -0.125
-890.265 892.921 -0.125
-889.266 892.871 -0.125
-888.266 892.840 -0.124
-887.267 892.810 -0.124
-886.266 892.780 -0.124
-885.267 892.751 -0.124
-884.267 892.723 -0.124
-883.266 892.699 -0.124
-882.266 892.699 -0.124
-881.266 892.699 -0.123
-880.265 892.708 -0.123
-879.265 892.716 -0.123
-878.265 892.725 -0.123
-877.264 892.734 -0.123
-876.264 892.747 -0.123
-875.264 892.762 -0.123
-874.265 892.790 -0.123
-873.264 892.819 -0.122
-872.265 892.865 -0.122
-871.265 892.913 -0.122
-870.266 892.961 -0.122
-869.267 893.010 -0.122
-868.269 893.070 -0.122
-867.271 893.138 -0.122
-866.273 893.206 -0.122
-865.275 893.275 -0.121
-864.277 893.353 -0.121
-863.280 893.435 -0.121
-862.283 893.517 -0.121
-861.287 893.599 -0.121
-860.291 893.693 -0.121
-859.295 893.794 -0.121
-858.300 893.896 -0.121
-857.305 893.997 -0.120
-856.310 894.100 -0.120
-855.315 894.203 -0.120
-854.320 894.307 -0.120
-853.324 894.411 -0.120
-852.331 894.521 -0.120
-851.338 894.643 -0.120
-850.344 894.765 -0.120
-849.352 894.887 -0.119
-848.360 895.015 -0.119
-847.369 895.150 -0.119
-846.377 895.285 -0.119
-845.387 895.421 -0.119
-844.395 895.556 -0.119
-843.404 895.691 -0.119
-842.413 895.827 -0.119
-841.421 895.963 -0.119
-840.431 896.103 -0.118
-839.442 896.255 -0.118
-838.454 896.407 -0.118
-837.465 896.559 -0.118
-836.476 896.711 -0.118
-835.488 896.863 -0.118
-834.499 897.015 -0.118
-833.510 897.167 -0.118
-832.521 897.320 -0.118
-831.535 897.482 -0.117
-830.547 897.645 -0.117
-829.560 897.807 -0.117
-828.574 897.970 -0.117
-827.586 898.132 -0.117
-826.599 898.295 -0.117
-825.611 898.458 -0.117
-824.625 898.620 -0.117
-823.639 898.785 -0.117
-822.651 898.951 -0.117
-821.665 899.117 -0.116
-820.679 899.283 -0.116
-819.692 899.449 -0.116
-818.706 899.614 -0.116
-817.720 899.780 -0.116
-816.733 899.948 -0.116
-815.747 900.118 -0.116
-814.761 900.290 -0.116
-813.776 900.461 -0.116
-812.791 900.632 -0.116
-811.804 900.800 -0.115
-810.818 900.965 -0.115
-809.831 901.131 -0.115
-808.844 901.296 -0.115
-807.858 901.462 -0.115
-806.872 901.628 -0.115
-805.884 901.793 -0.115
-804.898 901.958 -0.115
-803.911 902.125 -0.115
-802.926 902.296 -0.115
-801.941 902.467 -0.114
-800.954 902.639 -0.114
-799.969 902.806 -0.114
-798.982 902.971 -0.114
-797.995 903.137 -0.114
-797.009 903.302 -0.114
-796.023 903.468 -0.114
-795.037 903.640 -0.114
-794.052 903.812 -0.114
-793.066 903.984 -0.114
-792.080 904.155 -0.113
-791.094 904.321 -0.113
-790.108 904.489 -0.113
-789.121 904.656 -0.113
-788.135 904.822 -0.113
-787.150 904.992 -0.113
-786.163 905.164 -0.113
-785.178 905.335 -0.113
-784.193 905.506 -0.113
-783.206 905.673 -0.113
-782.220 905.840 -0.112
-781.233 906.007 -0.112
-780.247 906.175 -0.112
-779.260 906.336 -0.112
-778.272 906.495 -0.112
-777.285 906.655 -0.112
-776.297 906.815 -0.112
-775.308 906.962 -0.112
-774.318 907.108 -0.112
-773.329 907.255 -0.112
-772.339 907.401 -0.111
-771.347 907.532 -0.111
-770.353 907.648 -0.111
-769.360 907.757 -0.111
-768.365 907.867 -0.111
-767.369 907.961 -0.111
-766.372 908.046 -0.111
-765.375 908.132 -0.111
-764.379 908.217 -0.111
-763.382 908.296 -0.111
-762.384 908.361 -0.110
-761.386 908.426 -0.110
-760.387 908.484 -0.110
-759.387 908.521 -0.110
-758.387 908.536 -0.110
-757.387 908.550 -0.110
-756.387 908.565 -0.110
-755.386 908.576 -0.110
-754.386 908.573 -0.109
-753.385 908.557 -0.109
-752.386 908.537 -0.109
-751.385 908.505 -0.109
-750.387 908.452 -0.109
-749.388 908.400 -0.109
-748.389 908.348 -0.109
-747.389 908.295 -0.109
-746.393 908.219 -0.109
-745.396 908.137 -0.108
-744.400 908.042 -0.108
-743.404 907.945 -0.108
-742.409 907.842 -0.108
-741.414 907.739 -0.108
-740.419 907.637 -0.108
-739.424 907.535 -0.108
-738.432 907.405 -0.107
-737.440 907.269 -0.107
-736.450 907.129 -0.107
-735.460 906.988 -0.107
-734.474 906.812 -0.107
-733.490 906.637 -0.107
-732.505 906.463 -0.107
-731.520 906.288 -0.107
-730.539 906.093 -0.106
-729.558 905.894 -0.106
-728.582 905.677 -0.106
-727.606 905.460 -0.106
-726.634 905.223 -0.106
-725.663 904.980 -0.106
-724.692 904.739 -0.106
-723.721 904.497 -0.105
-722.751 904.254 -0.105
-721.781 904.010 -0.105
-720.818 903.740 -0.105
-719.856 903.467 -0.105
-718.897 903.179 -0.105
-717.942 902.882 -0.104
-716.987 902.586 -0.104
-716.031 902.290 -0.104
-715.079 901.982 -0.104
-714.130 901.664 -0.104
-713.185 901.338 -0.104
-712.240 901.010 -0.104
-711.300 900.667 -0.103
-710.368 900.304 -0.103
-709.435 899.943 -0.103
-708.503 899.581 -0.103
-707.572 899.214 -0.103
-706.646 898.836 -0.103
-705.724 898.450 -0.102
-704.804 898.055 -0.102
-703.890 897.649 -0.102
-702.984 897.224 -0.102
-702.078 896.799 -0.102
-701.172 896.376 -0.102
-700.267 895.949 -0.102
-699.368 895.510 -0.101
-698.471 895.068 -0.101
-697.577 894.619 -0.101
-696.686 894.164 -0.101
-695.811 893.679 -0.101
-694.936 893.196 -0.101
-694.060 892.712 -0.100
-693.185 892.227 -0.100
-692.312 891.739 -0.100
-691.445 891.240 -0.100
-690.590 890.722 -0.100
-689.735 890.203 -0.100
-688.885 889.674 -0.099
-688.036 889.144 -0.099
-687.188 888.614 -0.099
-686.339 888.085 -0.099
-685.505 887.534 -0.099
-684.671 886.980 -0.099
-683.837 886.427 -0.098
-683.005 885.873 -0.098
-682.188 885.296 -0.098
-681.375 884.713 -0.098
-680.562 884.129 -0.098
-679.750 883.546 -0.098
-678.949 882.947 -0.097
-678.155 882.337 -0.097
-677.361 881.729 -0.097
-676.567 881.121 -0.097
-675.791 880.490 -0.097
-675.025 879.846 -0.097
-674.259 879.203 -0.096
-673.493 878.560 -0.096
-672.734 877.908 -0.096
-671.986 877.244 -0.096
-671.239 876.579 -0.096
-670.490 875.915 -0.096
-669.752 875.240 -0.095
-669.029 874.549 -0.095
-668.306 873.858 -0.095
-667.583 873.167 -0.095
-666.862 872.473 -0.095
-666.156 871.764 -0.095
-665.450 871.056 -0.094
-664.743 870.347 -0.094
-664.041 869.635 -0.094
-663.355 868.907 -0.094
-662.670 868.178 -0.094
-661.985 867.449 -0.093
-661.299 866.721 -0.093
-660.614 865.992 -0.093
-659.929 865.264 -0.093
-659.243 864.534 -0.093
-658.558 863.805 -0.093
-657.879 863.070 -0.092
-657.203 862.334 -0.092
-656.526 861.598 -0.092
-655.848 860.862 -0.092
-655.172 860.124 -0.092
-654.494 859.388 -0.092
-653.816 858.652 -0.091
-653.139 857.916 -0.091
-652.463 857.179 -0.091
-651.788 856.442 -0.091
-651.112 855.703 -0.091
-650.436 854.965 -0.091
-649.762 854.227 -0.090
-649.086 853.490 -0.090
-648.410 852.752 -0.090
-647.734 852.015 -0.090
-647.060 851.275 -0.090
-646.386 850.536 -0.090
-645.712 849.797 -0.089
-645.038 849.058 -0.089
-644.365 848.318 -0.089
-643.691 847.578 -0.089
-643.017 846.839 -0.089
-642.342 846.100 -0.089
-641.668 845.362 -0.088
-640.991 844.625 -0.088
-640.314 843.889 -0.088
-639.637 843.152 -0.088
-638.960 842.416 -0.088
-638.283 841.679 -0.088
-637.605 840.943 -0.087
-636.928 840.207 -0.087
-636.251 839.471 -0.087
-635.574 838.733 -0.087
-634.898 837.997 -0.087
-634.222 837.260 -0.087
-633.546 836.523 -0.086
-632.869 835.786 -0.086
-632.192 835.049 -0.086
-631.517 834.311 -0.086
-630.840 833.574 -0.086
-630.165 832.836 -0.086
-629.490 832.098 -0.085
-628.815 831.360 -0.085
-628.140 830.620 -0.085
-627.465 829.882 -0.085
-626.791 829.144 -0.085
-626.115 828.406 -0.085
-625.440 827.668 -0.085
-624.763 826.931 -0.084
-624.086 826.195 -0.084
-623.408 825.459 -0.084
-622.730 824.723 -0.084
-622.052 823.988 -0.084
-621.375 823.252 -0.084
-620.697 822.517 -0.083
-620.019 821.780 -0.083
-619.341 821.045 -0.083
-618.666 820.307 -0.083
-617.991 819.569 -0.083
-617.314 818.832 -0.083
-616.638 818.094 -0.082
-615.963 817.356 -0.082
-615.287 816.619 -0.082
-614.611 815.881 -0.082
-613.936 815.144 -0.082
-613.261 814.406 -0.082
-612.586 813.667 -0.081
-611.911 812.928 -0.081
-611.237 812.190 -0.081
-610.562 811.451 -0.081
-609.886 810.713 -0.081
-609.211 809.975 -0.081
-608.537 809.236 -0.081
-607.861 808.499 -0.080
-607.185 807.761 -0.080
-606.509 807.023 -0.080
-605.834 806.286 -0.080
-605.158 805.549 -0.080
-604.482 804.810 -0.080
-603.805 804.073 -0.079
-603.130 803.336 -0.079
-602.454 802.598 -0.079
-601.779 801.860 -0.079
-601.103 801.122 -0.079
-600.428 800.384 -0.079
-599.752 799.647 -0.078
-599.076 798.909 -0.078
-598.401 798.171 -0.078
-597.726 797.434 -0.078
-597.051 796.695 -0.078
-596.377 795.955 -0.078
-595.702 795.216 -0.078
-595.029 794.477 -0.077
-594.355 793.738 -0.077
-593.680 792.998 -0.077
-593.007 792.259 -0.077
-592.333 791.520 -0.077
-591.658 790.782 -0.077
-590.982 790.045 -0.076
-590.307 789.307 -0.076
-589.630 788.569 -0.076
-588.954 787.832 -0.076
-588.277 787.095 -0.076
-587.602 786.358 -0.076
-586.926 785.621 -0.076
-586.250 784.883 -0.075
-585.575 784.144 -0.075
-584.900 783.406 -0.075
-584.224 782.668 -0.075
-583.549 781.931 -0.075
-582.873 781.193 -0.075
-582.198 780.455 -0.074
-581.522 779.717 -0.074
-580.846 778.980 -0.074
-580.170 778.242 -0.074
-579.494 777.505 -0.074
-578.818 776.768 -0.074
-578.141 776.030 -0.074
-577.465 775.293 -0.073
-576.789 774.556 -0.073
-576.112 773.820 -0.073
-575.436 773.083 -0.073
-574.763 772.343 -0.073
-574.089 771.603 -0.073
-573.414 770.864 -0.072
-572.740 770.126 -0.072
-572.066 769.387 -0.072
-571.392 768.648 -0.072
-570.718 767.908 -0.072
-570.043 767.169 -0.072
-569.369 766.431 -0.072
-568.693 765.693 -0.071
-568.017 764.955 -0.071
-567.341 764.218 -0.071
-566.666 763.480 -0.071
-565.990 762.742 -0.071
-565.314 762.005 -0.071
-564.638 761.268 -0.071
-563.963 760.530 -0.070
-563.287 759.791 -0.070
-562.612 759.053 -0.070
-561.936 758.316 -0.070
-561.261 757.578 -0.070
-560.586 756.840 -0.070
-559.910 756.103 -0.070
-559.234 755.364 -0.069
-558.559 754.627 -0.069
-557.881 753.891 -0.069
-557.203 753.155 -0.069
-556.526 752.420 -0.069
-555.848 751.684 -0.069
-555.170 750.947 -0.068
-554.492 750.212 -0.068
-553.815 749.476 -0.068
-553.138 748.740 -0.068
-552.463 748.001 -0.068
-551.788 747.263 -0.068
-551.114 746.524 -0.068
-550.439 745.785 -0.067
-549.764 745.047 -0.067
-549.089 744.309 -0.067
-548.414 743.571 -0.067
-547.739 742.831 -0.067
-547.064 742.093 -0.067
-546.389 741.355 -0.067
-545.714 740.617 -0.066
-545.039 739.879 -0.066
-544.363 739.142 -0.066
-543.687 738.403 -0.066
-543.013 737.665 -0.066
-542.336 736.928 -0.066
-541.562 736.153 -0.066
-540.213 734.961 -0.065
-538.699 733.654 -0.065
-537.110 732.280 -0.065
-535.683 731.024 -0.065
-534.106 729.637 -0.064
-532.603 728.316 -0.064
-531.058 726.893 -0.064
-529.590 725.532 -0.063
-528.050 724.104 -0.063
-526.591 722.735 -0.063
-525.132 721.367 -0.063
-523.672 719.998 -0.062
-522.225 718.616 -0.062
-520.853 717.301 -0.062
-519.264 715.778 -0.061
-517.832 714.381 -0.061
-516.401 712.982 -0.061
-515.041 711.654 -0.061
-513.609 710.257 -0.060
-512.177 708.861 -0.060
-510.673 707.393 -0.060
-509.313 706.066 -0.060
-507.627 704.348 -0.059
-506.344 702.945 -0.059
-504.993 701.468 -0.059
-503.641 699.995 -0.058
-502.220 698.446 -0.058
-500.936 697.045 -0.058
-499.516 695.497 -0.058
-498.231 694.097 -0.057
-496.878 692.622 -0.057
-495.526 691.148 -0.057
-494.106 689.599 -0.057
-492.822 688.198 -0.056
-491.470 686.725 -0.056
-490.050 685.176 -0.056
-488.766 683.774 -0.055
-487.415 682.299 -0.055
-486.064 680.823 -0.055
-484.712 679.347 -0.055
-483.362 677.872 -0.054
-482.010 676.396 -0.054
-480.659 674.921 -0.054
-479.240 673.372 -0.054
-477.957 671.970 -0.053
-476.538 670.420 -0.053
-475.254 669.019 -0.053
-473.902 667.543 -0.053
-472.552 666.068 -0.052
-471.133 664.518 -0.052
-469.849 663.116 -0.052
-468.430 661.567 -0.052
-467.078 660.092 -0.051
-465.795 658.690 -0.051
-464.444 657.215 -0.051
-463.093 655.740 -0.051
-461.742 654.263 -0.050
-460.323 652.714 -0.050
-459.039 651.312 -0.050
-457.688 649.837 -0.050
-456.270 648.288 -0.049
-454.986 646.886 -0.049
-453.567 645.337 -0.049
-452.283 643.936 -0.049
-450.932 642.460 -0.048
-449.581 640.984 -0.048
-448.162 639.435 -0.048
-446.879 638.033 -0.048
-445.460 636.484 -0.047
-444.176 635.083 -0.047
-442.824 633.607 -0.047
-441.405 632.057 -0.047
-440.055 630.582 -0.046
-438.771 629.180 -0.046
-437.352 627.631 -0.046
-436.069 626.229 -0.046
-434.650 624.679 -0.045
-433.366 623.278 -0.045
-431.947 621.729 -0.045
-430.595 620.253 -0.045
-429.245 618.778 -0.045
-427.961 617.376 -0.044
-426.542 615.827 -0.044
-425.192 614.352 -0.044
-423.908 612.950 -0.044
-422.489 611.400 -0.043
-421.205 609.999 -0.043
-419.854 608.523 -0.043
-418.503 607.048 -0.043
-417.151 605.572 -0.042
-415.800 604.097 -0.042
-414.449 602.622 -0.042
-413.098 601.145 -0.042
-411.679 599.596 -0.042
-410.395 598.195 -0.041
-409.044 596.719 -0.041
-407.693 595.244 -0.041
-406.274 593.694 -0.041
-404.990 592.293 -0.040
-403.572 590.743 -0.040
-402.288 589.342 -0.040
-400.936 587.866 -0.040
-399.585 586.391 -0.040
-398.167 584.842 -0.039
-396.883 583.439 -0.039
-395.464 581.890 -0.039
-394.180 580.489 -0.039
-392.829 579.013 -0.038
-391.478 577.538 -0.038
-390.126 576.062 -0.038
-388.708 574.513 -0.038
-387.425 573.112 -0.038
-386.073 571.635 -0.037
-384.722 570.160 -0.037
-383.304 568.611 -0.037
-382.020 567.209 -0.037
-380.601 565.660 -0.037
-379.317 564.259 -0.036
-377.966 562.783 -0.036
-376.615 561.307 -0.036
-375.196 559.758 -0.036
-373.912 558.356 -0.035
-372.493 556.807 -0.035
-371.210 555.405 -0.035
-369.791 553.856 -0.035
-368.439 552.380 -0.035
-367.156 550.978 -0.034
-365.805 549.503 -0.034
-364.387 547.954 -0.034
-363.103 546.551 -0.034
-361.684 545.002 -0.034
-360.400 543.601 -0.033
-359.049 542.125 -0.033
-357.698 540.650 -0.033
-356.279 539.100 -0.033
-354.996 537.698 -0.033
-353.645 536.223 -0.032
-352.226 534.674 -0.032
-350.942 533.272 -0.032
-349.524 531.723 -0.032
-348.240 530.321 -0.032
-346.821 528.771 -0.031
-345.538 527.370 -0.031
-344.186 525.894 -0.031
-342.835 524.419 -0.031
-341.416 522.870 -0.031
-340.132 521.468 -0.030
-338.714 519.919 -0.030
-337.362 518.443 -0.030
-336.011 516.968 -0.030
-334.727 515.566 -0.030
-333.376 514.091 -0.029
-332.025 512.615 -0.029
-330.606 511.066 -0.029
-329.322 509.664 -0.029
-327.970 508.189 -0.029
-326.620 506.714 -0.029
-325.201 505.164 -0.028
-323.917 503.762 -0.028
-322.498 502.213 -0.028
-321.215 500.811 -0.028
-319.796 499.262 -0.028
-318.445 497.787 -0.027
-317.161 496.385 -0.027
-315.742 494.836 -0.027
-314.459 493.435 -0.027
-313.040 491.885 -0.027
-311.756 490.483 -0.027
-310.337 488.934 -0.026
-309.054 487.532 -0.026
-307.635 485.983 -0.026
-306.351 484.581 -0.026
-304.932 483.032 -0.026
-303.648 481.631 -0.025
-302.297 480.155 -0.025
-300.878 478.605 -0.025
-299.527 477.130 -0.025
-298.243 475.728 -0.025
-296.892 474.253 -0.025
-295.541 472.778 -0.024
-294.189 471.302 -0.024
-292.838 469.827 -0.024
-291.419 468.278 -0.024
-290.136 466.876 -0.024
-288.717 465.326 -0.024
-287.433 463.925 -0.023
-286.081 462.449 -0.023
-284.663 460.900 -0.023
-283.380 459.498 -0.023
-281.960 457.949 -0.023
-280.677 456.548 -0.023
-279.325 455.072 -0.022
-277.975 453.597 -0.022
-276.623 452.122 -0.022
-275.272 450.646 -0.022
-273.853 449.097 -0.022
-272.569 447.696 -0.022
-271.149 446.147 -0.021
-269.865 444.746 -0.021
-268.446 443.197 -0.021
-267.162 441.795 -0.021
-265.810 440.320 -0.021
-264.390 438.771 -0.021
-263.106 437.370 -0.020
-261.755 435.895 -0.020
-260.403 434.419 -0.020
-259.052 432.944 -0.020
-257.633 431.395 -0.020
-256.349 429.994 -0.020
-254.929 428.445 -0.020
-253.579 426.969 -0.019
-252.296 425.567 -0.019
-250.878 424.017 -0.019
-249.595 422.615 -0.019
-248.244 421.138 -0.019
-246.894 419.662 -0.019
-245.476 418.113 -0.018
-244.193 416.710 -0.018
-242.775 415.160 -0.018
-241.492 413.757 -0.018
-240.074 412.207 -0.018
-238.723 410.731 -0.018
-237.440 409.329 -0.018
-236.090 407.853 -0.017
-234.671 406.304 -0.017
-233.388 404.901 -0.017
-231.970 403.351 -0.017
-230.687 401.950 -0.017
-229.268 400.400 -0.017
-227.985 398.998 -0.017
-226.566 397.449 -0.016
-225.282 396.047 -0.016
-223.862 394.499 -0.016
-222.577 393.098 -0.016
-221.224 391.624 -0.016
-219.803 390.076 -0.016
-218.518 388.676 -0.016
-217.099 387.128 -0.015
-215.814 385.728 -0.015
-214.461 384.253 -0.015
-213.109 382.779 -0.015
-211.688 381.231 -0.015
-210.403 379.831 -0.015
-208.983 378.283 -0.015
-207.698 376.883 -0.015
-206.345 375.408 -0.014
-204.993 373.934 -0.014
-203.640 372.460 -0.014
-202.287 370.986 -0.014
-200.867 369.438 -0.014
-199.583 368.037 -0.014
-198.231 366.561 -0.014
-196.880 365.086 -0.014
-195.461 363.537 -0.013
-194.177 362.135 -0.013
-192.758 360.586 -0.013
-191.474 359.184 -0.013
-190.122 357.709 -0.013
-188.704 356.160 -0.013
-187.420 354.759 -0.013
-186.001 353.210 -0.013
-184.717 351.809 -0.012
-183.365 350.333 -0.012
-182.014 348.858 -0.012
-180.595 347.309 -0.012
-179.311 345.907 -0.012
-177.892 344.358 -0.012
-176.608 342.957 -0.012
-175.256 341.481 -0.012
-173.905 340.006 -0.011
-172.486 338.457 -0.011
-171.202 337.056 -0.011
-169.850 335.581 -0.011
-168.498 334.105 -0.011
-167.146 332.630 -0.011
-165.795 331.155 -0.011
-164.376 329.606 -0.011
-163.092 328.205 -0.011
-161.673 326.656 -0.010
-160.389 325.254 -0.010
-158.970 323.705 -0.010
-157.619 322.230 -0.010
-156.335 320.828 -0.010
-154.916 319.279 -0.010
-153.632 317.878 -0.010
-152.280 316.402 -0.010
-150.929 314.927 -0.010
-149.510 313.378 -0.009
-148.226 311.977 -0.009
-146.807 310.427 -0.009
-145.523 309.026 -0.009
-144.104 307.477 -0.009
-142.820 306.076 -0.009
-141.468 304.600 -0.009
-140.117 303.125 -0.009
-138.698 301.576 -0.009
-137.414 300.174 -0.009
-135.995 298.625 -0.008
-134.711 297.224 -0.008
-133.292 295.675 -0.008
-132.008 294.274 -0.008
-130.589 292.725 -0.008
-129.305 291.323 -0.008
-127.886 289.774 -0.008
-126.602 288.373 -0.008
-125.249 286.898 -0.008
-123.832 285.348 -0.008
-122.549 283.946 -0.008
-121.131 282.396 -0.007
-119.848 280.994 -0.007
-118.496 279.518 -0.007
-117.146 278.042 -0.007
-115.727 276.493 -0.007
-114.444 275.091 -0.007
-113.025 273.541 -0.007
-111.742 272.140 -0.007
-110.391 270.663 -0.007
-109.040 269.188 -0.007
-107.622 267.638 -0.007
-106.338 266.236 -0.006
-104.920 264.686 -0.006
-103.637 263.284 -0.006
-102.218 261.735 -0.006
-100.866 260.259 -0.006
-99.583 258.857 -0.006
-98.232 257.382 -0.006
-96.814 255.832 -0.006
-95.530 254.430 -0.006
-94.110 252.882 -0.006
-92.823 251.484 -0.006
-91.468 250.011 -0.006
-90.046 248.465 -0.005
-88.759 247.067 -0.005
-87.404 245.594 -0.005
-86.052 244.120 -0.005
-84.635 242.570 -0.005
-83.353 241.166 -0.005
-81.935 239.616 -0.005
-80.653 238.213 -0.005
-79.300 236.738 -0.005
-77.949 235.264 -0.005
-76.596 233.788 -0.005
-75.176 232.240 -0.005
-73.826 230.764 -0.005
-72.544 229.361 -0.005
-71.126 227.811 -0.004
-69.841 226.411 -0.004
-68.487 224.937 -0.004
-67.134 223.464 -0.004
-65.712 221.917 -0.004
-64.435 220.509 -0.004
-63.023 218.954 -0.004
-61.746 217.546 -0.004
-60.334 215.990 -0.004
-59.058 214.582 -0.004
-57.714 213.099 -0.004
-56.303 211.543 -0.004
-54.902 209.978 -0.004
-53.579 208.478 -0.004
-52.322 207.053 -0.004
-51.003 205.547 -0.004
-49.629 203.959 -0.003
-48.300 202.331 -0.003
-46.987 200.692 -0.003
-45.754 199.116 -0.003
-44.437 197.353 -0.003
-43.245 195.746 -0.003
-42.003 194.052 -0.003
-40.895 192.508 -0.003
-39.679 190.794 -0.003
-38.529 189.158 -0.003
-37.329 187.433 -0.003
-36.132 185.707 -0.003
-35.079 184.125 -0.003
-33.917 182.374 -0.003
-32.824 180.698 -0.003
-31.730 179.023 -0.003
-30.602 177.251 -0.003
-29.545 175.552 -0.002
-28.488 173.854 -0.002
-27.339 171.977 -0.002
-26.388 170.332 -0.002
-25.386 168.600 -0.002
-24.333 166.781 -0.002
-23.304 164.950 -0.002
-22.335 163.200 -0.002
-21.343 161.348 -0.002
-20.428 159.569 -0.002
-19.516 157.788 -0.002
-18.562 155.917 -0.002
-17.693 154.115 -0.002
-16.819 152.314 -0.002
-15.898 150.426 -0.002
-15.009 148.524 -0.002
-14.203 146.802 -0.002
-13.334 144.890 -0.002
-12.525 143.060 -0.002
-11.702 141.127 -0.002
-10.923 139.283 -0.002
-10.145 137.441 -0.001
-9.367 135.489 -0.001
-8.606 133.531 -0.001
-7.903 131.659 -0.001
-7.199 129.785 -0.001
-6.484 127.810 -0.001
-5.816 125.924 -0.001
-5.142 123.935 -0.001
-4.498 122.041 -0.001
-3.868 120.142 -0.001
-3.222 118.143 -0.001
-2.605 116.134 -0.001
-2.034 114.217 -0.001
-1.462 112.299 -0.001
-0.920 110.374 -0.001
-0.323 108.256 -0.001
0.172 106.317 -0.001
0.667 104.378 -0.001
1.143 102.435 -0.001
1.613 100.491 -0.001
2.092 98.445 -0.001
2.524 96.492 -0.001
2.975 94.440 -0.001
3.377 92.480 -0.001
3.806 90.321 -0.001
4.169 88.353 -0.001
4.515 86.485 -0.001
4.867 84.414 -0.001
5.200 82.339 -0.001
5.499 80.362 -0.001
5.795 78.383 -0.000
6.072 76.300 -0.000
6.333 74.216 -0.000
6.569 72.330 -0.000
6.831 70.246 -0.000
7.069 68.259 -0.000
7.283 66.170 -0.000
7.454 64.076 -0.000
7.608 62.081 -0.000
7.763 59.985 -0.000
7.882 58.089 -0.000
8.014 55.992 -0.000
8.100 53.993 -0.000
8.184 51.895 -0.000
8.249 49.795 -0.000
8.301 47.795 -0.000
8.351 45.795 -0.000
8.398 43.794 -0.000
8.440 41.795 -0.000
8.478 39.794 -0.000
8.512 37.794 -0.000
8.551 35.793 -0.000
8.602 33.793 -0.000
8.633 31.793 -0.000
8.665 29.792 -0.000
8.707 27.792 -0.000
8.751 25.791 -0.000
8.795 23.791 -0.000
8.829 21.790 -0.000
8.859 19.791 -0.000
8.893 17.690 -0.000
8.930 15.790 -0.000
8.971 13.789 -0.000
9.010 11.789 -0.000
9.048 9.788 -0.000
9.086 7.789 -0.000
9.126 5.688 -0.000
9.166 3.687 -0.000
9.205 1.787 -0.000