-561.993 753.062 -0.069
-562.669 753.799 -0.069
-563.345 754.536 -0.070
-564.022 755.273 -0.070
-564.697 756.010 -0.070
-565.373 756.749 -0.070
-566.048 757.487 -0.070
-566.724 758.224 -0.070
-567.400 758.961 -0.071
-568.076 759.699 -0.071
-568.751 760.438 -0.071
-569.427 761.176 -0.071
-570.101 761.914 -0.071
-570.776 762.652 -0.071
-571.452 763.390 -0.071
-572.127 764.128 -0.072
-572.801 764.867 -0.072
-573.476 765.606 -0.072
-574.151 766.344 -0.072
-574.826 767.082 -0.072
-575.500 767.820 -0.072
-576.177 768.559 -0.072
-576.853 769.296 -0.073
-577.529 770.033 -0.073
-578.203 770.771 -0.073
-578.879 771.509 -0.073
-579.555 772.246 -0.073
-580.231 772.985 -0.073
-580.905 773.723 -0.074
-581.581 774.460 -0.074
-582.257 775.198 -0.074
-582.932 775.936 -0.074
-583.607 776.674 -0.074
-584.282 777.413 -0.074
-584.958 778.151 -0.074
-585.632 778.889 -0.075
-586.307 779.627 -0.075
-586.984 780.364 -0.075
-587.661 781.102 -0.075
-588.336 781.839 -0.075
-589.013 782.575 -0.075
-589.690 783.312 -0.075
-590.366 784.049 -0.076
-591.042 784.786 -0.076
-591.718 785.524 -0.076
-592.395 786.261 -0.076
-593.072 786.997 -0.076
-593.748 787.734 -0.076
-594.425 788.471 -0.077
-595.102 789.207 -0.077
-595.778 789.945 -0.077
-596.454 790.682 -0.077
-597.131 791.419 -0.077
-597.807 792.156 -0.077
-598.483 792.893 -0.077
-599.159 793.630 -0.078
-599.836 794.368 -0.078
-600.512 795.105 -0.078
-601.188 795.842 -0.078
-601.864 796.579 -0.078
-602.541 797.316 -0.078
-603.217 798.054 -0.079
-603.891 798.792 -0.079
-604.567 799.530 -0.079
-605.243 800.267 -0.079
-605.919 801.005 -0.079
-606.594 801.743 -0.079
-607.269 802.482 -0.080
-607.945 803.219 -0.080
-608.621 803.957 -0.080
-609.298 804.693 -0.080
-609.975 805.429 -0.080
-610.652 806.165 -0.080
-611.329 806.902 -0.080
-612.006 807.639 -0.081
-612.683 808.375 -0.081
-613.360 809.112 -0.081
-614.035 809.849 -0.081
-614.708 810.589 -0.081
-615.381 811.330 -0.081
-616.055 812.070 -0.082
-616.727 812.810 -0.082
-617.400 813.550 -0.082
-618.073 814.291 -0.082
-618.746 815.032 -0.082
-619.418 815.772 -0.082
-620.091 816.512 -0.083
-620.765 817.251 -0.083
-621.438 817.991 -0.083
-622.111 818.732 -0.083
-622.784 819.471 -0.083
-623.458 820.211 -0.083
-624.131 820.951 -0.084
-624.803 821.691 -0.084
-625.482 822.426 -0.084
-626.161 823.161 -0.084
-626.840 823.896 -0.084
-627.519 824.631 -0.084
-628.198 825.365 -0.084
-628.877 826.100 -0.085
-629.555 826.835 -0.085
-630.233 827.571 -0.085
-630.911 828.307 -0.085
-631.588 829.044 -0.085
-632.263 829.780 -0.085
-632.940 830.517 -0.086
-633.617 831.254 -0.086
-634.294 831.992 -0.086
-634.969 832.729 -0.086
-635.646 833.466 -0.086
-636.321 834.204 -0.086
-636.996 834.942 -0.087
-637.670 835.682 -0.087
-638.344 836.421 -0.087
-639.019 837.159 -0.087
-639.694 837.898 -0.087
-640.367 838.637 -0.087
-641.041 839.376 -0.088
-641.716 840.116 -0.088
-642.390 840.855 -0.088
-643.063 841.594 -0.088
-643.737 842.333 -0.088
-644.412 843.072 -0.088
-645.086 843.812 -0.089
-645.759 844.551 -0.089
-646.433 845.290 -0.089
-647.107 846.030 -0.089
-647.781 846.769 -0.089
-648.454 847.508 -0.089
-649.128 848.249 -0.090
-649.802 848.988 -0.090
-650.476 849.727 -0.090
-651.151 850.464 -0.090
-651.829 851.200 -0.090
-652.507 851.936 -0.090
-653.187 852.670 -0.091
-653.866 853.405 -0.091
-654.545 854.139 -0.091
-655.225 854.873 -0.091
-655.899 855.611 -0.091
-656.574 856.350 -0.091
-657.251 857.087 -0.092
-657.936 857.816 -0.092
-658.614 858.551 -0.092
-659.292 859.287 -0.092
-659.970 860.023 -0.092
-660.647 860.758 -0.092
-661.324 861.495 -0.093
-662.002 862.231 -0.093
-662.683 862.964 -0.093
-663.363 863.697 -0.093
-664.049 864.425 -0.093
-664.741 865.148 -0.093
-665.431 865.871 -0.094
-666.122 866.595 -0.094
-666.814 867.318 -0.094
-667.504 868.042 -0.094
-668.200 868.761 -0.094
-668.912 869.464 -0.094
-669.630 870.160 -0.095
-670.355 870.850 -0.095
-671.079 871.539 -0.095
-671.803 872.229 -0.095
-672.536 872.911 -0.095
-673.282 873.577 -0.096
-674.029 874.243 -0.096
-674.775 874.909 -0.096
-675.532 875.562 -0.096
-676.301 876.202 -0.096
-677.070 876.843 -0.096
-677.838 877.483 -0.097
-678.607 878.124 -0.097
-679.375 878.765 -0.097
-680.150 879.396 -0.097
-680.934 880.018 -0.097
-681.735 880.617 -0.097
-682.549 881.198 -0.098
-683.363 881.780 -0.098
-684.176 882.363 -0.098
-684.990 882.945 -0.098
-685.805 883.523 -0.098
-686.630 884.089 -0.098
-687.461 884.647 -0.099
-688.305 885.183 -0.099
-689.164 885.696 -0.099
-690.023 886.209 -0.099
-690.882 886.721 -0.099
-691.741 887.234 -0.099
-692.600 887.747 -0.100
-693.462 888.254 -0.100
-694.326 888.758 -0.100
-695.202 889.242 -0.100
-696.083 889.716 -0.100
-696.964 890.189 -0.100
-697.845 890.662 -0.101
-698.727 891.136 -0.101
-699.615 891.596 -0.101
-700.505 892.052 -0.101
-701.402 892.494 -0.101
-702.306 892.925 -0.101
-703.215 893.342 -0.101
-704.123 893.761 -0.102
-705.032 894.180 -0.102
-705.940 894.597 -0.102
-706.855 895.003 -0.102
-707.773 895.400 -0.102
-708.697 895.783 -0.102
-709.630 896.143 -0.103
-710.565 896.501 -0.103
-711.499 896.857 -0.103
-712.434 897.214 -0.103
-713.372 897.561 -0.103
-714.315 897.898 -0.103
-715.264 898.211 -0.104
-716.214 898.524 -0.104
-717.169 898.821 -0.104
-718.128 899.105 -0.104
-719.088 899.390 -0.104
-720.047 899.675 -0.104
-721.005 899.961 -0.104
-721.967 900.237 -0.105
-722.930 900.505 -0.105
-723.898 900.760 -0.105
-724.869 901.001 -0.105
-725.840 901.239 -0.105
-726.812 901.476 -0.105
-727.784 901.714 -0.105
-728.757 901.947 -0.106
-729.731 902.170 -0.106
-730.711 902.371 -0.106
-731.693 902.568 -0.106
-732.677 902.745 -0.106
-733.663 902.916 -0.106
-734.648 903.087 -0.106
-735.633 903.259 -0.107
-736.621 903.421 -0.107
-737.612 903.558 -0.107
-738.602 903.695 -0.107
-739.593 903.831 -0.107
-740.587 903.945 -0.107
-741.581 904.058 -0.107
-742.576 904.171 -0.107
-743.569 904.285 -0.108
-744.563 904.399 -0.108
-745.560 904.483 -0.108
-746.556 904.573 -0.108
-747.551 904.674 -0.108
-748.549 904.743 -0.108
-749.547 904.806 -0.108
-750.546 904.869 -0.109
-751.545 904.932 -0.109
-752.544 904.974 -0.109
-753.544 905.005 -0.109
-754.543 905.032 -0.109
-755.544 905.048 -0.109
-756.544 905.035 -0.109
-757.544 905.022 -0.109
-758.545 905.009 -0.109
-759.545 904.995 -0.110
-760.545 904.970 -0.110
-761.543 904.906 -0.110
-762.542 904.853 -0.110
-763.541 904.801 -0.110
-764.537 904.704 -0.110
-765.532 904.607 -0.110
-766.528 904.511 -0.110
-767.524 904.415 -0.110
-768.518 904.307 -0.111
-769.511 904.181 -0.111
-770.502 904.052 -0.111
-771.494 903.916 -0.111
-772.482 903.766 -0.111
-773.472 903.616 -0.111
-774.460 903.465 -0.111
-775.450 903.315 -0.111
-776.438 903.159 -0.111
-777.425 902.998 -0.111
-778.413 902.839 -0.112
-779.401 902.679 -0.112
-780.388 902.518 -0.112
-781.374 902.356 -0.112
-782.362 902.194 -0.112
-783.349 902.031 -0.112
-784.335 901.864 -0.112
-785.321 901.694 -0.112
-786.308 901.528 -0.112
-787.296 901.370 -0.112
-788.281 901.196 -0.113
-789.266 901.022 -0.113
-790.251 900.848 -0.113
-791.236 900.675 -0.113
-792.222 900.505 -0.113
-793.209 900.338 -0.113
-794.196 900.182 -0.113
-795.181 900.007 -0.113
-796.166 899.831 -0.113
-797.151 899.658 -0.113
-798.136 899.484 -0.114
-799.122 899.311 -0.114
-800.107 899.139 -0.114
-801.093 898.972 -0.114
-802.080 898.805 -0.114
-803.066 898.640 -0.114
-804.052 898.474 -0.114
-805.038 898.300 -0.114
-806.023 898.128 -0.114
-807.008 897.955 -0.114
-807.994 897.783 -0.115
-808.980 897.611 -0.115
-809.966 897.446 -0.115
-810.954 897.288 -0.115
-811.940 897.121 -0.115
-812.925 896.946 -0.115
-813.910 896.771 -0.115
-814.895 896.596 -0.115
-815.880 896.423 -0.115
-816.868 896.261 -0.115
-817.855 896.099 -0.116
-818.841 895.932 -0.116
-819.827 895.764 -0.116
-820.813 895.598 -0.116
-821.800 895.432 -0.116
-822.787 895.265 -0.116
-823.773 895.099 -0.116
-824.759 894.931 -0.116
-825.745 894.762 -0.116
-826.731 894.595 -0.116
-827.718 894.429 -0.117
-828.705 894.265 -0.117
-829.692 894.101 -0.117
-830.678 893.937 -0.117
-831.665 893.773 -0.117
-832.654 893.621 -0.117
-833.642 893.468 -0.117
-834.631 893.309 -0.117
-835.618 893.151 -0.117
-836.608 893.002 -0.118
-837.597 892.858 -0.118
-838.588 892.713 -0.118
-839.577 892.569 -0.118
-840.567 892.425 -0.118
-841.557 892.281 -0.118
-842.547 892.137 -0.118
-843.537 891.993 -0.118
-844.529 891.864 -0.118
-845.522 891.745 -0.119
-846.515 891.625 -0.119
-847.509 891.506 -0.119
-848.501 891.387 -0.119
-849.495 891.267 -0.119
-850.488 891.148 -0.119
-851.481 891.028 -0.119
-852.475 890.914 -0.119
-853.471 890.814 -0.119
-854.465 890.713 -0.120
-855.461 890.612 -0.120
-856.456 890.512 -0.120
-857.452 890.411 -0.120
-858.447 890.310 -0.120
-859.442 890.210 -0.120
-860.437 890.111 -0.120
-861.435 890.037 -0.120
-862.433 889.963 -0.121
-863.430 889.887 -0.121
-864.428 889.813 -0.121
-865.426 889.739 -0.121
-866.423 889.665 -0.121
-867.421 889.591 -0.121
-868.418 889.517 -0.121
-869.416 889.455 -0.121
-870.416 889.400 -0.122
-871.415 889.345 -0.122
-872.414 889.290 -0.122
-873.412 889.234 -0.122
-874.412 889.199 -0.122
-875.412 889.173 -0.122
-876.411 889.147 -0.122
-877.412 889.127 -0.122
-878.412 889.116 -0.123
-879.412 889.105 -0.123
-880.412 889.094 -0.123
-881.413 889.083 -0.123
-882.413 889.072 -0.123
-883.414 889.079 -0.123
-884.413 889.109 -0.123
-885.413 889.147 -0.124
-886.412 889.198 -0.124
-887.411 889.249 -0.124
-888.410 889.300 -0.124
-889.409 889.351 -0.124
-890.408 889.402 -0.124
-891.407 889.454 -0.124
-892.407 889.506 -0.125
-893.405 889.557 -0.125
-894.402 889.639 -0.125
-895.399 889.727 -0.125
-896.395 889.814 -0.125
-897.392 889.902 -0.125
-898.389 889.990 -0.125
-899.385 890.077 -0.126
-900.382 890.165 -0.126
-901.378 890.253 -0.126
-902.373 890.359 -0.126
-903.364 890.495 -0.126
-904.354 890.631 -0.126
-905.345 890.768 -0.127
-906.335 890.909 -0.127
-907.956 891.385 -0.127
-906.188 890.688 -0.127
-904.412 890.009 -0.126
-902.623 889.370 -0.126
-900.739 888.697 -0.126
-898.760 887.991 -0.125
-897.058 887.405 -0.125
-895.066 886.736 -0.125
-893.169 886.098 -0.124
-891.368 885.493 -0.124
-889.460 884.890 -0.124
-887.552 884.290 -0.123
-885.644 883.689 -0.123
-883.735 883.087 -0.122
-881.827 882.486 -0.122
-879.919 881.885 -0.122
-878.194 881.369 -0.121
-876.275 880.802 -0.121
-874.356 880.236 -0.121
-872.341 879.641 -0.120
-870.422 879.075 -0.120
-868.504 878.509 -0.120
-866.680 877.971 -0.119
-864.664 877.380 -0.119
-862.840 876.846 -0.119
-860.920 876.284 -0.118
-859.000 875.722 -0.118
-857.080 875.159 -0.118
-855.160 874.598 -0.117
-853.238 874.041 -0.117
-851.316 873.486 -0.117
-849.393 872.930 -0.116
-847.376 872.346 -0.116
-845.550 871.817 -0.116
-843.532 871.233 -0.115
-841.706 870.706 -0.115
-839.784 870.150 -0.115
-837.863 869.593 -0.114
-835.844 869.009 -0.114
-834.019 868.481 -0.114
-832.097 867.924 -0.113
-830.175 867.369 -0.113
-828.253 866.812 -0.113
-826.235 866.227 -0.112
-824.410 865.699 -0.112
-822.488 865.143 -0.112
-820.470 864.560 -0.112
-818.547 864.005 -0.111
-816.721 863.478 -0.111
-814.702 862.896 -0.111
-812.876 862.369 -0.110
-810.860 861.780 -0.110
-809.035 861.247 -0.110
-807.115 860.686 -0.109
-805.194 860.126 -0.109
-803.274 859.565 -0.109
-801.255 858.981 -0.108
-799.429 858.456 -0.108
-797.506 857.903 -0.108
-795.583 857.351 -0.107
-793.565 856.770 -0.107
-791.738 856.244 -0.107
-789.815 855.691 -0.106
-787.892 855.138 -0.106
-785.874 854.556 -0.106
-784.051 854.018 -0.106
-782.036 853.424 -0.105
-780.117 852.859 -0.105
-778.292 852.327 -0.105
-776.369 851.773 -0.104
-774.447 851.219 -0.104
-772.525 850.665 -0.104
-770.603 850.109 -0.103
-768.584 849.526 -0.103
-766.759 848.999 -0.103
-764.740 848.416 -0.102
-762.913 847.890 -0.102
-760.990 847.337 -0.102
-759.068 846.784 -0.102
-757.049 846.203 -0.101
-755.223 845.677 -0.101
-753.204 845.095 -0.101
-751.378 844.568 -0.100
-749.456 844.014 -0.100
-747.533 843.460 -0.100
-745.610 842.905 -0.099
-743.593 842.318 -0.099
-741.770 841.783 -0.099
-739.849 841.224 -0.099
-737.925 840.674 -0.098
-736.001 840.125 -0.098
-734.078 839.572 -0.098
-732.157 839.015 -0.097
-730.236 838.456 -0.097
-728.221 837.858 -0.097
-726.399 837.319 -0.096
-724.389 836.709 -0.096
-722.475 836.123 -0.096
-720.469 835.503 -0.096
-718.560 834.905 -0.095
-716.653 834.298 -0.095
-714.752 833.676 -0.095
-712.754 833.025 -0.094
-710.951 832.426 -0.094
-708.959 831.756 -0.094
-707.063 831.118 -0.093
-705.173 830.461 -0.093
-703.190 829.768 -0.093
-701.306 829.096 -0.093
-699.426 828.412 -0.092
-697.640 827.760 -0.092
-695.666 827.042 -0.092
-693.700 826.300 -0.091
-691.923 825.627 -0.091
-690.052 824.919 -0.091
-688.091 824.166 -0.090
-686.229 823.431 -0.090
-684.368 822.697 -0.090
-682.414 821.926 -0.090
-680.560 821.176 -0.089
-678.708 820.417 -0.089
-676.857 819.659 -0.089
-675.012 818.886 -0.088
-673.167 818.110 -0.088
-671.142 817.249 -0.088
-669.398 816.494 -0.088
-667.567 815.687 -0.087
-665.739 814.874 -0.087
-663.821 814.017 -0.087
-662.000 813.189 -0.086
-660.178 812.361 -0.086
-658.360 811.527 -0.086
-656.375 810.577 -0.085
-654.662 809.751 -0.085
-652.857 808.889 -0.085
-651.141 808.071 -0.085
-649.165 807.103 -0.084
-647.375 806.209 -0.084
-645.584 805.319 -0.084
-643.792 804.428 -0.083
-642.006 803.528 -0.083
-640.219 802.627 -0.083
-638.346 801.675 -0.082
-636.660 800.797 -0.082
-634.796 799.828 -0.082
-632.949 798.829 -0.082
-631.190 797.873 -0.081
-629.433 796.919 -0.081
-627.674 795.964 -0.081
-625.934 794.978 -0.080
-624.193 793.991 -0.080
-622.365 792.955 -0.080
-620.624 791.968 -0.079
-618.971 791.032 -0.079
-617.076 789.912 -0.079
-615.358 788.888 -0.079
-613.640 787.863 -0.078
-611.921 786.838 -0.078
-610.203 785.813 -0.078
-608.484 784.789 -0.077
-606.768 783.760 -0.077
-604.982 782.656 -0.077
-603.279 781.604 -0.077
-601.579 780.551 -0.076
-599.880 779.493 -0.076
-598.267 778.488 -0.076
-596.490 777.366 -0.075
-594.734 776.215 -0.075
-593.063 775.113 -0.075
-591.398 774.005 -0.075
-589.733 772.896 -0.074
-588.071 771.781 -0.074
-586.253 770.541 -0.074
-584.690 769.460 -0.073
-582.966 768.260 -0.073
-581.332 767.105 -0.073
-579.699 765.949 -0.072
-577.984 764.736 -0.072
-576.353 763.578 -0.072
-574.736 762.399 -0.072
-573.119 761.220 -0.071
-571.502 760.042 -0.071
-569.885 758.864 -0.071
-568.281 757.667 -0.070
-566.605 756.403 -0.070
-565.087 755.258 -0.070
-563.410 753.993 -0.070
-561.828 752.769 -0.069