-2.015537    -0.574934    -0.249146
-2.030537    -0.416934     0.157854
-1.844537    -0.888933    -0.237146
-1.855537    -0.769934     0.164854
-1.702537    -0.926934    -0.235146
-1.714537    -0.803934     0.165854
-1.563537    -0.929933    -0.639146
-1.563537    -0.931934    -0.234146
-1.572537    -0.831933     0.166854
-1.450537    -0.623933     0.570854
-1.425537    -0.939933    -0.234146
-1.432537    -0.851933     0.167854
-1.308537    -0.656933     0.571854
-1.287537    -0.937934    -0.233146
-1.292537    -0.861934     0.167854
-2.030537    -0.454933    -0.202146
-1.150537    -0.932934    -0.637146
-1.168537    -0.678934     0.571854
-1.149537    -0.938933    -0.233146
-1.154537    -0.871934     0.168854
-1.848537    -0.878933    -0.187146
-1.868537    -0.672934     0.213854
-1.027537    -0.689933     0.571854
-1.030537    -0.650934    -0.243146
-1.015537    -0.878933     0.168854
-1.704537    -0.929933    -0.184146
-1.718537    -0.778934     0.216854
-0.888537    -0.697933     0.571854
-0.875537    -0.926934    -0.233146
-0.877537    -0.886934     0.169854
-1.590537    -0.646933    -0.194146
-1.576537    -0.807934     0.217854
-0.749537    -0.696934     0.571854
-0.737537    -0.925933    -0.233146
-0.739537    -0.890934     0.169854
-1.566537    -0.930933    -0.588146
-1.428537    -0.937934    -0.183146
-1.437537    -0.827933     0.217854
-0.611537    -0.698933     0.571854
-1.460537    -0.523933     0.621854
-0.600537    -0.927934    -0.232146
-0.602537    -0.891934     0.169854
-1.430537    -0.914934    -0.588146
-1.290537    -0.943933    -0.183146
-1.297537    -0.840934     0.218854
-0.472537    -0.700934     0.571854
-1.315537    -0.596933     0.621854
-0.462537    -0.924933    -0.232146
-0.464537    -0.892933     0.169854
-1.172537    -0.654934    -0.192146
-1.157537    -0.859933     0.218854
-0.334537    -0.702933     0.571854
-1.172537    -0.654934     0.622854
-0.325537    -0.923934    -0.232146
-0.327537    -0.895934     0.169854
-1.999537    -0.827933    -0.138146
-1.014537    -0.940934    -0.182146
-1.019537    -0.865933     0.218854
-0.195537    -0.713934     0.571854
-1.032537    -0.669933     0.622854
-0.188537    -0.918934    -0.232146
-0.189537    -0.895934     0.169854
-1.853537    -0.905933    -0.135146
-1.876537    -0.660933     0.264854
-0.877537    -0.932934    -0.182146
-0.881537    -0.869933     0.219854
-0.057537    -0.701934     0.571854
-0.893537    -0.681934     0.622854
-0.051537    -0.918934    -0.232146
-0.052537    -0.894934     0.169854
-1.711537    -0.940934    -0.134146
-1.726537    -0.770934     0.266854
-0.880537    -0.897933    -0.587146
-0.740537    -0.932934    -0.182146
-0.743537    -0.869933     0.219854
 0.081463    -0.702933     0.571854
-1.574537    -0.928934    -0.538146
-0.754537    -0.680933     0.622854
 0.086463    -0.919933    -0.232146
 0.084463    -0.891934     0.169854
-1.597537    -0.653934    -0.143146
-1.585537    -0.798934     0.267854
-0.742537    -0.901933    -0.587146
-0.602537    -0.929933    -0.182146
-0.605537    -0.870933     0.219854
 0.219463    -0.698933     0.571854
-1.437537    -0.916933    -0.538146
-0.615537    -0.674933     0.622854
 0.223463    -0.920933    -0.232146
 0.222463    -0.884933     0.169854
-1.458537    -0.654934    -0.142146
-1.444537    -0.819933     0.268854
-0.604537    -0.910933    -0.586146
-0.465537    -0.926934    -0.182146
-0.467537    -0.871934     0.219854
 0.357463    -0.705934     0.571854
-1.298537    -0.922934    -0.537146
-1.365537    -0.038934     0.671854
-0.476537    -0.676934     0.622854
 0.360463    -0.922934    -0.231146
 0.359463    -0.882933     0.169854
-1.318537    -0.654934    -0.142146
-1.305537    -0.828933     0.268854
-0.328537    -0.925933    -0.181146
-0.330537    -0.870933     0.219854
-2.009537    -0.818933    -0.088146
 0.495463    -0.656933     0.571854
-1.159537    -0.941934    -0.536146
-1.190537    -0.495934     0.672854
-0.338537    -0.678934     0.622854
-2.008537    -0.833933    -0.493146
 0.497463    -0.929933    -0.231146
 0.496463    -0.878933     0.169854
-1.159537    -0.952933    -0.132146
-1.167537    -0.834934     0.268854
-0.191537    -0.925933    -0.181146
-0.192537    -0.870933     0.219854
-1.864537    -0.888933    -0.085146
-1.913537    -0.378933     0.311854
 0.633463    -0.303934     0.569854
-1.040537    -0.652933    -0.549146
-1.047537    -0.558933     0.672854
-0.198537    -0.689933     0.622854
-1.863537    -0.896933    -0.490146
 0.634463    -0.932934    -0.231146
 0.634463    -0.869933     0.169854
-1.022537    -0.935933    -0.132146
-1.029537    -0.837933     0.268854
-0.053537    -0.920933    -0.181146
-0.055537    -0.865933     0.219854
-1.721537    -0.939933    -0.083146
-1.739537    -0.743933     0.317854
-0.886537    -0.911933    -0.536146
-0.904537    -0.605933     0.672854
-0.060537    -0.684933     0.622854
-1.720537    -0.946934    -0.487146
 0.771463    -0.937934    -0.231146
 0.771463    -0.865933     0.169854
-0.884537    -0.935933    -0.132146
-0.890537    -0.840934     0.269854
-0.053537    -0.929933    -0.584146
 0.083463    -0.921933    -0.181146
 0.082463    -0.862934     0.219854
-1.582537    -0.947933    -0.082146
-1.597537    -0.770934     0.317854
-0.748537    -0.919933    -0.535146
-0.764537    -0.625934     0.672854
 0.078463    -0.681934     0.622854
-1.583537    -0.927934    -0.487146
 0.908463    -0.941934    -0.231146
 0.909463    -0.858934     0.169854
-0.747537    -0.934933    -0.131146
-0.753537    -0.832933     0.269854
 0.083463    -0.930933    -0.584146
 0.220463    -0.918934    -0.181146
 0.219463    -0.859933     0.219854
-1.467537    -0.657933    -0.091146
-1.457537    -0.795933     0.318854
-0.610537    -0.924933    -0.535146
-0.624537    -0.638933     0.672854
 0.216463    -0.683933     0.622854
-1.446537    -0.920933    -0.487146
 1.045463    -0.947933    -0.230146
 1.047463    -0.848934     0.169854
-0.610537    -0.932934    -0.131146
-0.615537    -0.834934     0.269854
 0.220463    -0.935933    -0.583146
 0.357463    -0.920933    -0.181146
 0.356463    -0.857934     0.219854
-1.306537    -0.953933    -0.082146
-1.316537    -0.808933     0.318854
-0.472537    -0.930933    -0.534146
-0.485537    -0.640934     0.673854
 0.354463    -0.665933     0.622854
-1.308537    -0.920933    -0.487146
 1.182463    -0.962933    -0.230146
 1.185463    -0.839934     0.168854
-0.472537    -0.930933    -0.131146
-0.477537    -0.836933     0.269854
 0.494463    -0.923934    -0.181146
 0.494463    -0.853934     0.219854
-1.168537    -0.951934    -0.081146
 1.318463    -1.018934    -0.630146
-1.178537    -0.814933     0.318854
-0.335537    -0.936934    -0.534146
-0.346537    -0.642933     0.673854
 0.491463    -0.408933     0.621854
-1.169537    -0.943933    -0.485146
 1.322463    -0.849934    -0.234146
 1.322463    -0.821934     0.168854
-0.335537    -0.928934    -0.131146
-0.339537    -0.837933     0.269854
-2.017537    -0.853934    -0.442146
 0.494463    -0.937934    -0.583146
-2.020537    -0.814933    -0.037146
 0.631463    -0.930933    -0.181146
 0.631463    -0.836933     0.219854
-1.031537    -0.937934    -0.081146
 1.456463    -0.959934    -0.633146
-1.039537    -0.812934     0.319854
-0.198537    -0.939933    -0.533146
-0.207537    -0.645934     0.673854
-1.050537    -0.655933    -0.498146
 1.455463    -0.989933    -0.229146
-1.090537    -0.031934     0.723854
 1.461463    -0.785933     0.167854
-0.198537    -0.927934    -0.131146
-0.201537    -0.845933     0.269854
-1.872537    -0.914934    -0.438146
 0.631463    -0.935933    -0.583146
-1.875537    -0.872934    -0.035146
 0.768463    -0.935933    -0.181146
-1.763537    -0.579934     0.365854
 0.767463    -1.060933     0.223854
-0.894537    -0.933933    -0.081146
-0.901537    -0.812934     0.319854
-0.061537    -0.943933    -0.533146
-0.069537    -0.640934     0.673854
-0.895537    -0.917934    -0.485146
 1.594463    -0.950934    -0.231146
 1.604463    -0.662934     0.164854
-0.061537    -0.926934    -0.131146
-0.064537    -0.836933     0.269854
-1.730537    -0.950934    -0.436146
 0.768463    -0.936934    -0.583146
-1.733537    -0.919933    -0.033146
 0.905463    -0.940934    -0.180146
-1.609537    -0.750934     0.368854
 0.907463    -0.841933     0.219854
-0.757537    -0.934933    -0.081146
 1.732463    -0.904934    -0.636146
-0.763537    -0.817933     0.319854
 0.076463    -0.948933    -0.533146
 0.069463    -0.633933     0.673854
-0.757537    -0.926934    -0.485146
 1.732463    -0.919933    -0.232146
-0.797537    -0.182933     0.723854
 1.751463    -0.448934     0.160854
 0.075463    -0.923934    -0.131146
 0.073463    -0.833933     0.269854
-1.603537    -0.821934    -0.441146
 0.905463    -0.933933    -0.583146
-1.592537    -0.950934    -0.032146
 1.042463    -0.945934    -0.180146
-1.468537    -0.771933     0.368854
 1.044463    -0.819933     0.219854
-0.619537    -0.930933    -0.081146
-0.625537    -0.817933     0.319854
 0.213463    -0.949934    -0.532146
 0.207463    -0.563933     0.672854
-0.619537    -0.926934    -0.484146
 1.887463    -0.525934    -0.247146
-0.649537    -0.323934     0.723854
 0.213463    -0.921933    -0.131146
 0.211463    -0.831933     0.269854
-1.456537    -0.922934    -0.437146
 1.042463    -0.938933    -0.583146
-1.454537    -0.951934    -0.032146
 1.179463    -0.964934    -0.180146
-1.329537    -0.789934     0.369854
 1.185463    -0.658934     0.215854
-0.482537    -0.928934    -0.081146
-0.487537    -0.819933     0.319854
 0.350463    -0.951934    -0.532146
 0.343463    -0.381934     0.672854
-0.482537    -0.932934    -0.484146
 2.006463    -0.947933    -0.232146
-0.506537    -0.376933     0.723854
 0.350463    -0.919933    -0.131146
 0.348463    -0.828933     0.269854
-1.318537    -0.927934    -0.436146
-1.316537    -0.952933    -0.031146
 1.327463    -0.523933    -0.195146
-1.190537    -0.798934     0.369854
 1.336463    -0.169933     0.206854
-0.345537    -0.930933    -0.081146
-0.349537    -0.817933     0.319854
-2.034537    -0.772933    -0.395146
 0.487463    -0.950934    -0.532146
-2.046537    -0.650934     0.008854
-0.344537    -0.938933    -0.483146
 2.147463    -0.863934    -0.235146
-0.366537    -0.391934     0.723854
 0.487463    -0.918934    -0.131146
 0.486463    -0.828933     0.269854
-1.179537    -0.945934    -0.435146
 1.315463    -1.024933    -0.579146
-1.179537    -0.938933    -0.031146
 1.452463    -0.979934    -0.179146
-1.051537    -0.793934     0.369854
 1.480463    -0.092933     0.204854
-0.207537    -0.926934    -0.081146
-0.211537    -0.828933     0.319854
-1.883537    -0.897933    -0.389146
 0.624463    -0.949934    -0.532146
-1.890537    -0.823933     0.013854
-0.207537    -0.941934    -0.483146
 2.293463    -0.735933    -0.240146
-0.226537    -0.373933     0.723854
 0.624463    -0.925933    -0.131146
 0.624463    -0.822933     0.269854
-1.060537    -0.657933    -0.447146
-1.042537    -0.933933    -0.031146
 1.591463    -0.956933    -0.180146
-0.913537    -0.796933     0.369854
-0.070537    -0.926934    -0.080146
-0.073537    -0.817933     0.319854
-1.767537    -0.649934    -0.399146
 0.761463    -0.945934    -0.532146
-1.747537    -0.870933     0.015854
-0.070537    -0.949934    -0.482146
-0.088537    -0.317933     0.723854
 0.761463    -0.929933    -0.130146
 0.760463    -1.059934     0.273854
-0.905537    -0.919933    -0.435146
-0.904537    -0.932934    -0.031146
 1.729463    -0.913934    -0.182146
-0.774537    -0.800933     0.369854
 0.066463    -0.926934    -0.080146
 0.063463    -0.817933     0.319854
-1.602537    -0.939933    -0.386146
 0.898463    -0.947933    -0.532146
-1.605537    -0.910933     0.016854
 0.066463    -0.949934    -0.482146
 0.049463    -0.189933     0.723854
-1.603537    -0.928934    -0.791146
 0.898463    -0.934933    -0.130146
-1.639537    -0.516934     0.416854
 0.899463    -0.824934     0.269854
-0.767537    -0.920933    -0.435146
 1.730463    -0.898933    -0.586146
-0.767537    -0.929933    -0.031146
 1.866463    -0.947933    -0.181146
-0.636537    -0.797934     0.369854
 0.203463    -0.924933    -0.080146
 0.201463    -0.814933     0.319854
-1.465537    -0.924933    -0.386146
 1.035463    -0.944933    -0.533146
-1.465537    -0.934933     0.017854
 0.203463    -0.951934    -0.482146
-1.465537    -0.937934    -0.790146
 1.035463    -0.939933    -0.130146
-1.482537    -0.727934     0.418854
 1.038463    -0.730933     0.267854
-0.630537    -0.920933    -0.434146
 1.868463    -0.876934    -0.588146
-0.630537    -0.925933    -0.031146
 2.003463    -0.933933    -0.182146
-0.498537    -0.799933     0.369854
 0.340463    -0.921933    -0.080146
 0.339463    -0.812934     0.319854
-1.327537    -0.925933    -0.385146
-1.326537    -0.939933     0.018854
 0.340463    -0.948933    -0.482146
-1.327537    -0.933933    -0.789146
 1.171463    -0.950934    -0.130146
-1.341537    -0.749933     0.419854
 1.183463    -0.409934     0.262854
-0.492537    -0.926934    -0.434146
 2.009463    -0.811934    -0.591146
-0.492537    -0.927934    -0.031146
 2.145463    -0.849934    -0.185146
-0.360537    -0.797934     0.369854
 0.477463    -0.920933    -0.080146
 0.477463    -0.807934     0.319854
-1.189537    -0.939933    -0.384146
 1.307463    -1.022933    -0.529146
-1.189537    -0.929933     0.018854
-2.043537    -0.759933    -0.344146
 0.477463    -0.947933    -0.482146
-2.084537    -0.352933     0.052854
 1.309463    -0.965934    -0.129146
-1.201537    -0.762933     0.419854
-0.355537    -0.929933    -0.433146
-0.355537    -0.926934    -0.030146
 2.291463    -0.725933    -0.190146
-0.221537    -0.804933     0.370854
 0.614463    -0.920933    -0.080146
 0.614463    -0.806934     0.319854
-1.051537    -0.934933    -0.384146
-1.052537    -0.920933     0.018854
-1.890537    -0.900934    -0.338146
-1.899537    -0.807934     0.064854
 1.459463    -0.526933    -0.144146
-1.062537    -0.773933     0.419854
-0.217537    -0.931934    -0.433146
-0.218537    -0.924933    -0.030146
-0.084537    -0.808933     0.370854
 0.751463    -0.923934    -0.080146
 0.751463    -0.990933     0.322854
-0.914537    -0.929933    -0.384146
-0.914537    -0.919933     0.018854
-1.774537    -0.648933    -0.348146
 0.751463    -0.943933    -0.482146
-1.756537    -0.850933     0.065854
 1.598463    -0.526933    -0.144146
-0.924537    -0.768933     0.419854
-0.080537    -0.931934    -0.433146
-0.080537    -0.924933    -0.030146
 0.053463    -0.796933     0.370854
-1.610537    -0.941934    -0.740146
 0.888463    -0.929933    -0.080146
 0.890463    -0.783934     0.319854
-0.777537    -0.918934    -0.384146
 1.723463    -0.895934    -0.536146
-0.777537    -0.920933     0.018854
-1.610537    -0.938933    -0.335146
 0.888463    -0.940934    -0.482146
-1.615537    -0.882933     0.066854
 1.738463    -0.523933    -0.144146
-0.785537    -0.772933     0.420854
 0.056463    -0.935933    -0.432146
 0.056463    -0.924933    -0.030146
 0.191463    -0.797934     0.370854
 1.025463    -0.934933    -0.080146
-1.491537    -0.695934     0.469854
 1.031463    -0.532933     0.315854
-0.639537    -0.914934    -0.384146
-0.639537    -0.920933     0.018854
-1.472537    -0.935933    -0.335146
-1.475537    -0.906933     0.067854
 1.858463    -0.957933    -0.130146
-0.647537    -0.773933     0.420854
 0.193463    -0.937934    -0.432146
 0.193463    -0.922934    -0.030146
 0.329463    -0.796933     0.370854
 1.162463    -0.940934    -0.080146
-1.351537    -0.720933     0.469854
 1.174463    -0.315933     0.312854
-0.502537    -0.912934    -0.384146
-0.502537    -0.922934     0.019854
-1.334537    -0.932934    -0.335146
-1.337537    -0.911933     0.067854
 1.996463    -0.919933    -0.132146
-0.509537    -0.774934     0.420854
 0.330463    -0.939933    -0.432146
 0.330463    -0.924933    -0.030146
 0.467463    -0.790933     0.370854
-1.196537    -0.941934    -0.738146
 1.299463    -0.948933    -0.080146
-1.211537    -0.738934     0.470854
-0.365537    -0.919933    -0.383146
 2.136463    -0.879933    -0.538146
-0.365537    -0.921933     0.019854
-2.055537    -0.665933    -0.297146
-2.087537    -0.355933     0.104854
-1.196537    -0.938933    -0.334146
 1.298463    -1.019933    -0.479146
-1.199537    -0.908934     0.068854
 2.140463    -0.803934    -0.136146
-0.371537    -0.777933     0.420854
 0.467463    -0.937934    -0.432146
 0.467463    -0.922934    -0.030146
 0.604463    -0.790933     0.370854
 1.436463    -0.967933    -0.079146
-1.071537    -0.749933     0.470854
-0.227537    -0.921933    -0.383146
-0.227537    -0.923934     0.019854
-1.893537    -0.898933    -0.287146
-1.904537    -0.791933     0.114854
-1.063537    -0.869933    -0.336146
-1.061537    -0.907933     0.068854
 2.289463    -0.635934    -0.142146
-0.232537    -0.783934     0.420854
 0.604463    -0.937934    -0.432146
 0.604463    -0.922934    -0.030146
 0.742463    -0.785933     0.370854
 1.588463    -0.528934    -0.093146
-0.932537    -0.748933     0.470854
-0.090537    -0.921933    -0.383146
-0.090537    -0.923934     0.019854
-1.759537    -0.853934    -0.289146
-1.761537    -0.825934     0.115854
-0.921537    -0.931934    -0.334146
-0.923537    -0.910933     0.068854
-0.094537    -0.787934     0.420854
 0.741463    -0.936934    -0.432146
 0.742463    -0.918934    -0.030146
 0.880463    -0.766934     0.369854
 1.727463    -0.529934    -0.093146
-0.794537    -0.748933     0.470854
 0.046463    -0.926934    -0.383146
 0.046463    -0.924933     0.019854
-1.612537    -0.944933    -0.285146
-1.620537    -0.853934     0.116854
-0.784537    -0.924933    -0.334146
 1.713463    -0.908934    -0.485146
-0.785537    -0.911933     0.068854
 0.042463    -0.776933     0.420854
 0.878463    -0.938933    -0.432146
 0.879463    -0.919933    -0.030146
 1.021463    -0.487933     0.366854
 1.848463    -0.962933    -0.080146
-0.655537    -0.749933     0.470854
 0.183463    -0.923934    -0.383146
 0.183463    -0.925933     0.019854
-1.475537    -0.933933    -0.285146
-1.480537    -0.873933     0.117854
-0.647537    -0.921933    -0.333146
-0.647537    -0.916933     0.069854
 0.180463    -0.773933     0.420854
 1.015463    -0.943933    -0.432146
-1.497537    -0.667934     0.520854
 1.016463    -0.925933    -0.030146
 1.986463    -0.930933    -0.081146
-0.517537    -0.750934     0.470854
 0.320463    -0.925933    -0.382146
 0.321463    -0.923934     0.019854
-1.359537    -0.651933    -0.295146
-1.341537    -0.882933     0.117854
-0.509537    -0.914934    -0.333146
-0.509537    -0.917934     0.069854
 0.318463    -0.771933     0.420854
 1.152463    -0.965934    -0.431146
-1.355537    -0.692933     0.520854
 1.152463    -0.930933    -0.030146
 2.128463    -0.849934    -0.084146
-0.379537    -0.753933     0.470854
 0.458463    -0.927934    -0.382146
 0.458463    -0.921933     0.019854
-1.198537    -0.948933    -0.283146
-1.203537    -0.887933     0.118854
-0.372537    -0.913934    -0.333146
 2.123463    -0.944933    -0.484146
-0.372537    -0.919933     0.069854
 0.456463    -0.769934     0.420854
-1.199537    -0.938933    -0.687146
 1.288463    -0.996934    -0.430146
-1.215537    -0.710934     0.520854
 1.289463    -0.946934    -0.030146
 2.273463    -0.741934    -0.087146
-0.240537    -0.763933     0.470854
 0.595463    -0.931934    -0.382146
 0.595463    -0.921933     0.019854
-1.080537    -0.651933    -0.294146
-1.065537    -0.890934     0.118854
-0.235537    -0.915933    -0.333146
-0.235537    -0.918934     0.069854
 0.594463    -0.765934     0.420854
 1.424463    -1.003934    -0.430146
-1.076537    -0.724934     0.520854
 1.426463    -0.965934    -0.029146
-0.102537    -0.763933     0.470854
 0.732463    -0.935933    -0.382146
 0.732463    -0.921933     0.019854
-0.924537    -0.926934    -0.283146
-0.926537    -0.901933     0.118854
-0.097537    -0.915933    -0.333146
-0.097537    -0.922934     0.069854
 0.732463    -0.769934     0.420854
 1.563463    -0.944933    -0.432146
-0.937537    -0.728934     0.520854
 1.563463    -0.966933    -0.029146
 0.035463    -0.756934     0.470854
 0.869463    -0.939933    -0.382146
 0.869463    -0.921933     0.019854
-0.787537    -0.926934    -0.283146
-0.788537    -0.906933     0.119854
 0.039463    -0.920933    -0.332146
 0.039463    -0.927934     0.070854
 0.871463    -0.590934     0.418854
 1.702463    -0.910933    -0.434146
-0.798537    -0.723934     0.520854
 1.700463    -0.963934    -0.029146
 0.173463    -0.752934     0.470854
 1.005463    -0.945934    -0.382146
 1.006463    -0.915933     0.019854
-0.649537    -0.923934    -0.283146
-0.650537    -0.911933     0.119854
 0.176463    -0.920933    -0.332146
 0.176463    -0.923934     0.070854
 1.848463    -0.708933    -0.443146
-0.660537    -0.729934     0.521854
 1.838463    -0.952933    -0.030146
 0.311463    -0.751934     0.470854
 1.143463    -0.963934    -0.381146
 1.143463    -0.917934     0.019854
-0.512537    -0.920933    -0.283146
-0.512537    -0.912934     0.119854
 0.313463    -0.923934    -0.332146
 0.313463    -0.922934     0.070854
 1.980463    -0.858934    -0.437146
-0.521537    -0.730933     0.521854
 1.978463    -0.899934    -0.032146
 0.449463    -0.748933     0.470854
 1.280463    -0.954934    -0.381146
 1.280463    -0.928934     0.019854
-0.375537    -0.919933    -0.283146
-0.375537    -0.914934     0.119854
 0.450463    -0.929933    -0.332146
 0.450463    -0.919933     0.070854
 2.113463    -0.945934    -0.434146
-0.383537    -0.728934     0.521854
 2.119463    -0.834934    -0.034146
 0.587463    -0.752934     0.470854
 1.415463    -0.998933    -0.380146
 1.417463    -0.944933     0.020854
-0.237537    -0.913934    -0.283146
-0.237537    -0.913934     0.119854
 0.587463    -0.932934    -0.332146
 0.588463    -0.915933     0.069854
 2.258463    -0.814933    -0.440146
-0.243537    -0.739933     0.521854
 2.265463    -0.699934    -0.038146
 0.725463    -0.689933     0.470854
 1.554463    -0.950934    -0.382146
 1.554463    -0.956933     0.020854
-0.100537    -0.917934    -0.282146
-0.100537    -0.913934     0.120854
 0.724463    -0.937934    -0.331146
 0.725463    -0.912934     0.069854
 1.553463    -0.970933    -0.784146
 2.427463    -0.348933    -0.461146
-0.105537    -0.739933     0.521854
 0.867463    -0.329933     0.466854
 1.693463    -0.911933    -0.384146
 1.691463    -0.953933     0.020854
 0.036463    -0.918934    -0.282146
 0.036463    -0.910933     0.120854
 0.861463    -0.941934    -0.331146
 0.862463    -0.904934     0.069854
 1.692463    -0.931934    -0.786146
 0.031463    -0.727934     0.521854
 1.832463    -0.869933    -0.386146
 1.830463    -0.914934     0.018854
 0.173463    -0.919933    -0.282146
 0.173463    -0.906933     0.120854
 0.998463    -0.947933    -0.331146
 1.000463    -0.898933     0.069854
 0.169463    -0.728934     0.521854
 1.971463    -0.848934    -0.387146
 1.970463    -0.854934     0.017854
 0.310463    -0.925933    -0.282146
 0.311463    -0.904934     0.120854
 1.135463    -0.965934    -0.330146
 1.137463    -0.899934     0.069854
 0.307463    -0.726933     0.521854
 2.103463    -0.939933    -0.383146
 2.113463    -0.756934     0.014854
 0.448463    -0.927934    -0.281146
 0.447463    -0.899934     0.119854
 1.274463    -0.876934    -0.334146
 1.274463    -0.902933     0.069854
 0.445463    -0.725933     0.521854
 1.408463    -1.003934    -0.731146
 2.248463    -0.819933    -0.389146
 2.272463    -0.430934     0.005854
 0.585463    -0.930933    -0.281146
 0.584463    -0.894934     0.119854
 1.407463    -1.003934    -0.329146
 1.411463    -0.910933     0.069854
 0.584463    -0.716933     0.521854
 0.721463    -0.939933    -0.281146
 0.722463    -0.886934     0.119854
 1.548463    -0.915933    -0.333146
 1.549463    -0.878933     0.068854
 1.686463    -0.892933    -0.738146
 0.858463    -0.943933    -0.281146
 0.859463    -0.874933     0.119854
 1.686463    -0.889934    -0.334146
 1.689463    -0.836933     0.067854
 0.996463    -0.961933    -0.280146
 0.997463    -0.872934     0.119854
 1.840463    -0.519934    -0.349146
 1.830463    -0.753933     0.065854
 1.136463    -0.519934    -0.297146
 1.130463    -0.867934     0.119854
 1.955463    -0.928934    -0.333146
 1.973463    -0.568933     0.060854
 1.268463    -1.005934    -0.279146
 1.272463    -0.861934     0.118854
 2.103463    -0.817933    -0.338146
 1.407463    -0.961933    -0.281146
 1.410463    -0.841933     0.118854
 2.263463    -0.450933    -0.353146
 1.407463    -0.944933    -0.684146
 1.559463    -0.518933    -0.298146
 1.549463    -0.801934     0.117854
 1.684463    -0.895934    -0.283146
 1.689463    -0.754933     0.116854
 1.833463    -0.516934    -0.298146
 1.832463    -0.524934     0.110854
 1.957463    -0.919933    -0.283146
 2.100463    -0.811934    -0.287146
 2.257463    -0.511934    -0.299146
 2.372463     0.709067    -0.241146
 2.222463     0.849066    -0.236146
 2.077463     0.938066    -0.232146
 1.939463     0.950067    -0.635146
 1.968463     0.522066    -0.247146
 1.801463     0.956066    -0.231146
 1.836463     0.385067     0.158854
 1.664463     0.948066    -0.231146
 1.682463     0.633066     0.164854
 2.375463     0.703067    -0.191146
 1.527463     0.944067    -0.231146
 1.536463     0.769067     0.167854
 2.225463     0.839067    -0.186146
 1.390463     0.939067    -0.633146
 1.391463     0.934066    -0.231146
 1.396463     0.818066     0.168854
 2.223463     0.872066    -0.589146
 2.081463     0.929066    -0.182146
 1.252463     0.959067    -0.230146
 1.257463     0.836066     0.169854
 1.941463     0.955067    -0.181146
 1.116463     0.942066    -0.230146
 1.119463     0.847067     0.169854
 1.942463     0.952066    -0.584146
 1.805463     0.942066    -0.181146
 0.979463     0.938066    -0.230146
 0.982463     0.854066     0.169854
 1.667463     0.954067    -0.180146
 0.842463     0.934066    -0.230146
 0.844463     0.858066     0.169854
 1.669463     0.919066    -0.585146
 1.530463     0.943066    -0.181146
 1.564463     0.281067     0.208854
 0.715463     0.450067     0.570854
 2.376463     0.782067    -0.543146
 0.705463     0.927067    -0.230146
 0.706463     0.871067     0.170854
 2.381463     0.726067    -0.139146
 1.412463     0.525066    -0.195146
 1.417463     0.414066     0.211854
 0.572463     0.691067     0.571854
 2.226463     0.922067    -0.536146
 0.568463     0.920066    -0.230146
 0.569463     0.877066     0.170854
 2.232463     0.850066    -0.135146
 1.393463     0.945067    -0.583146
 1.255463     0.950067    -0.180146
 1.264463     0.739066     0.217854
 0.433463     0.694067     0.571854
 0.431463     0.919066    -0.230146
 0.432463     0.879067     0.170854
 2.087463     0.943066    -0.131146
 1.119463     0.941067    -0.180146
 1.123463     0.834067     0.219854
 0.295463     0.697066     0.571854
 1.949463     0.954067    -0.534146
 0.294463     0.914066    -0.231146
 0.295463     0.882066     0.170854
 1.949463     0.950067    -0.131146
 1.119463     0.926067    -0.583146
 0.982463     0.936067    -0.180146
 0.982463     0.941067     0.221854
 0.157463     0.696066     0.571854
 1.813463     0.929066    -0.534146
 0.157463     0.910066    -0.231146
 0.157463     0.886066     0.170854
 1.838463     0.526066    -0.144146
 0.982463     0.933066    -0.583146
 0.845463     0.928066    -0.180146
 0.841463     1.089067     0.224854
 0.019463     0.697066     0.571854
 1.676463     0.925066    -0.534146
 0.020463     0.910066    -0.231146
 0.020463     0.886066     0.170854
 1.680463     0.841066    -0.134146
 0.845463     0.933066    -0.582146
 0.708463     0.925066    -0.180146
 0.710463     0.838067     0.219854
 2.391463     0.721066    -0.089146
-0.118537     0.706066     0.571854
 2.384463     0.804066    -0.492146
-0.116537     0.915066    -0.231146
-0.116537     0.888066     0.170854
 1.559463     0.526066    -0.144146
 0.708463     0.934066    -0.582146
 0.571463     0.919066    -0.180146
 0.572463     0.852067     0.220854
 2.242463     0.841066    -0.084146
-0.256537     0.696066     0.571854
 1.400463     0.947066    -0.532146
 0.577463     0.527067     0.621854
 2.234463     0.941067    -0.485146
-0.253537     0.917067    -0.231146
-0.253537     0.886066     0.170854
 1.399463     0.966066    -0.129146
 0.571463     0.932067    -0.582146
 0.434463     0.913067    -0.180146
 0.435463     0.854066     0.220854
 2.098463     0.923066    -0.082146
-0.395537     0.695067     0.571854
 1.281463     0.518067    -0.553146
 0.436463     0.669066     0.622854
 2.127463     0.528067    -0.503146
-0.390537     0.920066    -0.231146
-0.391537     0.884067     0.170854
 1.263463     0.948066    -0.130146
 1.280463     0.539066     0.264854
 0.434463     0.930067    -0.582146
 0.297463     0.912067    -0.180146
 0.297463     0.857067     0.220854
 1.958463     0.965066    -0.080146
-0.533537     0.690067     0.571854
 1.126463     0.943066    -0.532146
 0.298463     0.676067     0.622854
 1.959463     0.940067    -0.484146
-0.527537     0.919066    -0.231146
-0.528537     0.884067     0.170854
 1.126463     0.939067    -0.130146
 1.131463     0.797067     0.269854
 0.297463     0.929066    -0.582146
 0.160463     0.916067    -0.180146
 0.160463     0.861067     0.220854
 1.848463     0.529067    -0.093146
-0.671537     0.690067     0.571854
 0.989463     0.943066    -0.532146
 0.160463     0.676067     0.622854
 1.822463     0.931067    -0.484146
-0.664537     0.919066    -0.231146
-0.665537     0.880067     0.170854
 0.989463     0.931067    -0.130146
 0.990463     0.916067     0.271854
 0.160463     0.925066    -0.582146
 0.023463     0.916067    -0.180146
 0.023463     0.861067     0.220854
 1.708463     0.529067    -0.093146
-0.810537     0.691067     0.571854
 0.852463     0.943066    -0.532146
 0.022463     0.669066     0.622854
 1.685463     0.927067    -0.484146
-0.801537     0.920066    -0.231146
-0.803537     0.876067     0.169854
 0.852463     0.923066    -0.130146
 0.848463     1.084067     0.274854
-0.113537     0.917067    -0.180146
-0.114537     0.863066     0.220854
 1.546463     0.964067    -0.079146
-0.940537     0.888066    -0.636146
-0.948537     0.685067     0.571854
 0.715463     0.948066    -0.531146
-0.116537     0.682067     0.622854
 1.552463     0.856067    -0.487146
-0.938537     0.934066    -0.231146
-0.940537     0.870067     0.169854
 0.715463     0.920066    -0.130146
 0.717463     0.821066     0.269854
 2.395463     0.791067    -0.441146
-0.113537     0.919066    -0.583146
 2.405463     0.673066    -0.039146
-0.250537     0.919066    -0.180146
-0.251537     0.861067     0.220854
 1.409463     0.957066    -0.079146
-1.075537     0.926067    -0.634146
-1.088537     0.671067     0.571854
 0.578463     0.945067    -0.531146
-0.254537     0.668067     0.622854
 1.409463     0.949067    -0.482146
-1.075537     0.928066    -0.231146
-1.078537     0.864066     0.169854
 0.579463     0.913067    -0.130146
 0.580463     0.823066     0.270854
 2.245463     0.939067    -0.434146
 2.253463     0.829067    -0.034146
-0.387537     0.922067    -0.180146
-0.388537     0.859066     0.220854
 1.273463     0.943066    -0.080146
-1.213537     0.913067    -0.635146
 1.306463     0.147067     0.309854
-1.227537     0.650066     0.571854
 0.441463     0.948066    -0.531146
 0.446463     0.469067     0.672854
-0.393537     0.666067     0.622854
 1.290463     0.520066    -0.502146
-1.212537     0.935067    -0.231146
-1.216537     0.855066     0.169854
 0.441463     0.915066    -0.130146
 0.442463     0.825067     0.270854
 2.137463     0.530066    -0.452146
-0.387537     0.907067    -0.584146
 2.110463     0.894067    -0.032146
-0.524537     0.921067    -0.180146
-0.526537     0.858066     0.220854
 1.136463     0.934066    -0.080146
-1.351537     0.908067    -0.636146
 1.147463     0.641066     0.317854
-1.368537     0.622066     0.571854
 0.304463     0.943066    -0.531146
 0.306463     0.592067     0.673854
-0.531537     0.674066     0.622854
 1.136463     0.941067    -0.482146
-1.350537     0.930067    -0.232146
-1.355537     0.843067     0.168854
 0.304463     0.914066    -0.130146
 0.305463     0.828067     0.270854
 1.968463     0.955067    -0.433146
-0.525537     0.902067    -0.584146
 1.969463     0.948066    -0.030146
-0.661537     0.921067    -0.181146
-0.663537     0.855066     0.220854
 0.999463     0.925066    -0.080146
-1.488537     0.925066    -0.636146
 1.003463     0.804066     0.320854
 0.167463     0.942066    -0.531146
 0.167463     0.632066     0.673854
-0.669537     0.670066     0.622854
 0.999463     0.941067    -0.482146
-1.487537     0.927067    -0.232146
-1.494537     0.823066     0.168854
 0.167463     0.918067    -0.130146
 0.167463     0.828067     0.270854
 1.832463     0.934066    -0.433146
 1.830463     0.967067    -0.029146
-0.798537     0.922067    -0.181146
-0.801537     0.851067     0.219854
 0.862463     0.917067    -0.080146
 0.859463     1.044067     0.323854
 0.029463     0.633066     0.673854
-0.808537     0.667067     0.622854
 0.861463     0.945067    -0.481146
-1.625537     0.920066    -0.233146
-1.634537     0.801067     0.167854
 0.030463     0.919066    -0.130146
 0.030463     0.840066     0.270854
 1.695463     0.926067    -0.433146
-0.799537     0.895066    -0.585146
 1.693463     0.967067    -0.029146
-0.935537     0.936067    -0.180146
-0.939537     0.849066     0.219854
 0.725463     0.914066    -0.080146
 0.727463     0.805067     0.320854
 2.417463     0.642066    -0.397146
-0.105537     0.932067    -0.532146
-0.109537     0.634067     0.673854
-0.947537     0.652067     0.622854
 0.724463     0.946066    -0.481146
-1.766537     0.886066    -0.234146
-1.775537     0.763066     0.166854
-0.106537     0.920066    -0.130146
-0.107537     0.838067     0.270854
 1.562463     0.842067    -0.437146
 1.556463     0.967067    -0.029146
-1.086537     0.642066    -0.191146
-1.077537     0.843067     0.219854
 0.588463     0.916067    -0.080146
 0.590463     0.806067     0.320854
 2.259463     0.882066    -0.386146
 2.280463     0.613066     0.009854
-0.247537     0.636066     0.673854
-1.087537     0.635067     0.622854
 0.588463     0.947066    -0.481146
-1.920537     0.681067    -0.242146
-1.931537     0.546067     0.161854
-0.243537     0.922067    -0.130146
-0.244537     0.827066     0.270854
 1.419463     0.951066    -0.432146
 1.420463     0.948066    -0.029146
-1.209537     0.933066    -0.181146
-1.297537    -0.714934     0.189854
 0.451463     0.918067    -0.080146
 0.452463     0.809066     0.320854
 2.116463     0.947066    -0.383146
-0.380537     0.920066    -0.533146
 2.127463     0.794066     0.015854
-0.386537     0.630067     0.673854
-1.228537     0.594067     0.622854
 0.451463     0.945067    -0.481146
-0.380537     0.920066    -0.130146
-0.382537     0.826066     0.270854
 1.300463     0.522066    -0.450146
 1.283463     0.934066    -0.030146
-1.347537     0.929066    -0.181146
 1.165463     0.417067     0.365854
-1.354537     0.818066     0.218854
 0.314463     0.917067    -0.080146
 0.315463     0.808066     0.320854
 1.978463     0.957066    -0.382146
-0.517537     0.916067    -0.533146
 1.984463     0.871067     0.017854
-0.525537     0.622066     0.673854
-1.370537     0.530066     0.621854
 0.314463     0.948066    -0.481146
-0.517537     0.923066    -0.130146
-0.519537     0.825067     0.269854
 1.146463     0.943066    -0.431146
 1.146463     0.925066    -0.030146
-1.503537     0.642066    -0.192146
 1.019463     0.600066     0.367854
-1.493537     0.798066     0.218854
 0.177463     0.920066    -0.080146
 0.177463     0.811067     0.320854
 1.841463     0.952066    -0.382146
-0.654537     0.908067    -0.534146
 1.842463     0.926067     0.019854
-0.664537     0.610066     0.673854
-1.526537     0.279067     0.620854
 0.177463     0.944067    -0.481146
 0.177463     0.228067     0.723854
-0.654537     0.923066    -0.130146
-0.657537     0.821066     0.269854
 1.009463     0.939067    -0.431146
 1.009463     0.916067    -0.030146
-1.623537     0.922067    -0.182146
 0.876463     0.784066     0.370854
-1.633537     0.772066     0.217854
 0.040463     0.921067    -0.080146
 0.039463     0.824067     0.320854
 1.705463     0.932067    -0.383146
-0.792537     0.905066    -0.534146
 1.703463     0.954067     0.020854
-0.804537     0.582066     0.672854
 0.037463     0.324066     0.723854
 1.704463     0.948066    -0.785146
-0.791537     0.924066    -0.130146
-0.794537     0.830067     0.269854
 0.872463     0.931067    -0.432146
-1.623537     0.919066    -0.586146
 0.872463     0.916067    -0.030146
-1.764537     0.876067    -0.184146
 0.738463     0.780066     0.370854
-1.778537     0.686067     0.215854
-0.096537     0.918067    -0.080146
-0.097537     0.821066     0.320854
 1.568463     0.912067    -0.383146
 1.566463     0.950067     0.020854
-0.945537     0.524067     0.672854
 2.422463     0.677067    -0.345146
-0.102537     0.370066     0.723854
-0.928537     0.930067    -0.130146
-0.932537     0.824067     0.269854
 0.735463     0.932067    -0.431146
 0.735463     0.917067    -0.030146
-1.915537     0.711066    -0.190146
 0.600463     0.786066     0.370854
-0.233537     0.920066    -0.080146
-0.235537     0.810067     0.320854
 1.429463     0.945067    -0.382146
 1.430463     0.935067     0.020854
-1.091537     0.378067     0.672854
 2.267463     0.876067    -0.336146
-0.242537     0.375066     0.723854
-1.065537     0.924066    -0.131146
-1.070537     0.818066     0.269854
 0.598463     0.933066    -0.431146
 0.598463     0.918067    -0.029146
 0.462463     0.788067     0.370854
-0.370537     0.922067    -0.080146
-0.372537     0.809066     0.320854
 1.310463     0.520066    -0.399146
 1.293463     0.921067     0.019854
-1.250537     0.026067     0.671854
 2.123463     0.949067    -0.333146
-0.370537     0.922067    -0.482146
 2.144463     0.673066     0.062854
-0.382537     0.354066     0.723854
-1.218537     0.643067    -0.140146
-1.209537     0.813066     0.269854
 0.461463     0.935067    -0.431146
 0.461463     0.916067    -0.029146
 0.325463     0.791067     0.370854
-0.507537     0.922067    -0.080146
-0.510537     0.808066     0.320854
 1.155463     0.954067    -0.381146
 1.156463     0.912067     0.019854
 1.986463     0.952066    -0.332146
-0.507537     0.917067    -0.483146
 1.997463     0.787067     0.065854
-0.524537     0.277066     0.723854
-1.356537     0.643067    -0.140146
-1.347537     0.797067     0.268854
 0.324463     0.934066    -0.431146
 0.324463     0.919066    -0.029146
 0.187463     0.790066     0.370854
-0.644537     0.922067    -0.080146
-0.648537     0.804066     0.320854
 1.018463     0.941067    -0.381146
 1.019463     0.915066     0.020854
 1.849463     0.939067    -0.332146
-0.645537     0.909066    -0.483146
 1.854463     0.854066     0.067854
-0.672537     0.058066     0.723854
-1.496537     0.639067    -0.141146
 1.038463     0.308066     0.415854
-1.487537     0.773067     0.268854
 0.187463     0.934066    -0.431146
 0.187463     0.919066    -0.029146
 0.049463     0.791067     0.370854
-0.781537     0.926067    -0.080146
-0.786537     0.805067     0.319854
 0.881463     0.933066    -0.381146
 0.882463     0.919066     0.020854
 1.716463     0.858066    -0.335146
-0.782537     0.910066    -0.483146
 1.714463     0.889067     0.068854
-1.615537     0.920066    -0.132146
 0.888463     0.687066     0.419854
-1.628537     0.742067     0.267854
 0.050463     0.930067    -0.431146
 0.050463     0.919066    -0.029146
-0.087537     0.804066     0.370854
-0.918537     0.928066    -0.080146
-0.924537     0.802067     0.319854
 0.744463     0.930067    -0.381146
 0.745463     0.920066     0.020854
 2.423463     0.695067    -0.293146
 1.596463     0.523067    -0.349146
 1.576463     0.905066     0.069854
-0.956537     0.024067     0.723854
-1.757537     0.862067    -0.134146
 0.748463     0.768067     0.420854
-1.781537     0.537067     0.263854
-0.086537     0.927067    -0.431146
-0.086537     0.920066    -0.029146
-0.225537     0.794066     0.370854
-1.055537     0.938066    -0.080146
-1.061537     0.805067     0.319854
 0.608463     0.923066    -0.381146
 0.608463     0.917067     0.020854
 2.270463     0.867067    -0.286146
 1.436463     0.952066    -0.331146
 1.439463     0.902067     0.069854
-1.907537     0.721066    -0.139146
 0.610463     0.765067     0.420854
-0.223537     0.925066    -0.432146
-0.223537     0.918067    -0.029146
-0.363537     0.792067     0.370854
-1.192537     0.941067    -0.080146
-1.200537     0.800066     0.319854
 0.471463     0.921067    -0.381146
 0.471463     0.919066     0.020854
 2.126463     0.952066    -0.282146
 1.318463     0.518067    -0.348146
 1.301463     0.900066     0.069854
 0.472463     0.767066     0.420854
-0.360537     0.923066    -0.432146
-0.360537     0.921067    -0.029146
-0.500537     0.791067     0.370854
-1.347537     0.645066    -0.089146
-1.339537     0.783067     0.319854
 0.334463     0.920066    -0.381146
 0.334463     0.918067     0.020854
 2.018463     0.527067    -0.298146
 2.010463     0.638066     0.113854
 1.162463     0.944067    -0.331146
 1.164463     0.895066     0.069854
 0.334463     0.766066     0.420854
-0.497537     0.919066    -0.432146
-0.497537     0.920066    -0.030146
-0.638537     0.787067     0.370854
-1.467537     0.937066    -0.081146
-1.478537     0.764067     0.318854
 0.197463     0.920066    -0.381146
 0.197463     0.918067     0.020854
 1.851463     0.953067    -0.281146
 1.862463     0.773067     0.116854
 1.026463     0.939067    -0.331146
 1.027463     0.898067     0.069854
 0.197463     0.770066     0.420854
-0.634537     0.915066    -0.432146
-0.634537     0.920066    -0.030146
-0.776537     0.788067     0.370854
-1.605537     0.934066    -0.081146
 0.902463     0.451066     0.468854
-1.618537     0.737067     0.318854
 0.060463     0.920066    -0.381146
 0.060463     0.918067     0.020854
 1.714463     0.948066    -0.281146
 1.721463     0.824067     0.117854
 0.889463     0.935067    -0.331146
 0.890463     0.902067     0.070854
 0.059463     0.770066     0.420854
-0.772537     0.907067    -0.433146
-0.771537     0.920066    -0.030146
-0.914537     0.781066     0.370854
-1.746537     0.883066    -0.083146
 0.756463     0.732067     0.470854
-1.775537     0.487067     0.314854
-0.076537     0.917067    -0.382146
-0.076537     0.919066     0.020854
 1.576463     0.949067    -0.281146
 1.582463     0.852067     0.118854
 0.752463     0.932067    -0.331146
 0.752463     0.906066     0.070854
-0.078537     0.783067     0.420854
-0.909537     0.917067    -0.433146
-0.908537     0.922067    -0.030146
-1.052537     0.787067     0.370854
-1.889537     0.822066    -0.085146
 0.618463     0.741067     0.470854
-0.213537     0.915066    -0.382146
-0.213537     0.917067     0.020854
 1.439463     0.950067    -0.281146
 1.443463     0.865067     0.119854
 0.615463     0.925066    -0.331146
 0.615463     0.912067     0.070854
-0.216537     0.769067     0.420854
-1.045537     0.935067    -0.432146
-1.045537     0.928066    -0.030146
-1.191537     0.774067     0.369854
-2.059537     0.451066    -0.097146
 0.480463     0.743066     0.471854
-0.351537     0.909066    -0.382146
-0.351537     0.915066     0.020854
 1.320463     0.520066    -0.297146
 1.305463     0.871067     0.119854
 0.478463     0.923066    -0.331146
 0.478463     0.914066     0.070854
-0.353537     0.771066     0.420854
-1.183537     0.917067    -0.433146
-1.182537     0.943066    -0.030146
-1.330537     0.762066     0.369854
 0.342463     0.746067     0.471854
-0.488537     0.908067    -0.382146
-0.488537     0.914066     0.020854
 1.165463     0.946066    -0.280146
 1.168463     0.874066     0.119854
 0.341463     0.918067    -0.331146
 0.341463     0.917067     0.070854
-0.491537     0.770066     0.420854
-1.321537     0.909066    -0.434146
-1.320537     0.938066    -0.030146
-1.469537     0.738066     0.369854
 0.204463     0.749066     0.471854
-0.625537     0.908067    -0.382146
-0.625537     0.914066     0.020854
 1.028463     0.941067    -0.280146
 1.030463     0.877066     0.119854
 0.204463     0.917067    -0.331146
 0.204463     0.920066     0.070854
-0.629537     0.766066     0.420854
-1.458537     0.917067    -0.434146
-1.457537     0.938066    -0.030146
-1.617537     0.604066     0.367854
 0.066463     0.750067     0.471854
-0.762537     0.913067    -0.382146
-0.762537     0.915066     0.019854
 0.891463     0.937066    -0.280146
 0.893463     0.885067     0.120854
 0.067463     0.914066    -0.331146
 0.067463     0.917067     0.070854
-0.767537     0.763066     0.420854
-1.595537     0.926067    -0.434146
-1.596537     0.911066    -0.031146
-0.071537     0.758066     0.471854
-0.899537     0.922067    -0.382146
-0.899537     0.912067     0.019854
 0.755463     0.930067    -0.281146
 0.755463     0.889067     0.120854
-0.069537     0.911066    -0.331146
-0.069537     0.913067     0.070854
-0.906537     0.760067     0.420854
-1.744537     0.772066    -0.441146
 0.763463     0.559066     0.520854
-1.737537     0.865067    -0.033146
-0.209537     0.748066     0.471854
-1.035537     0.940067    -0.382146
-1.036537     0.914066     0.019854
 0.618463     0.927067    -0.281146
 0.618463     0.895066     0.120854
-0.206537     0.908067    -0.332146
-0.206537     0.915066     0.070854
-1.044537     0.762066     0.420854
-1.876537     0.855066    -0.438146
 0.621463     0.724066     0.521854
-1.880537     0.812066    -0.035146
-0.347537     0.747066     0.471854
-1.178537     0.835066    -0.386146
-1.173537     0.925066     0.019854
 0.481463     0.921067    -0.281146
 0.481463     0.897066     0.120854
-0.343537     0.907067    -0.332146
-0.343537     0.910066     0.070854
-1.182537     0.749066     0.420854
-2.042537     0.531066    -0.453146
 0.483463     0.719067     0.521854
-2.048537     0.453066    -0.045146
-0.485537     0.746067     0.470854
-1.312537     0.910066    -0.384146
-1.310537     0.928066     0.019854
 0.344463     0.916067    -0.281146
 0.344463     0.900066     0.120854
-0.480537     0.910066    -0.332146
-0.480537     0.909066     0.070854
-1.311537     0.926067    -0.786146
-1.322537     0.733066     0.419854
 0.345463     0.721066     0.521854
-0.623537     0.746067     0.470854
-1.466537     0.639067    -0.395146
-1.448537     0.924066     0.019854
 0.207463     0.915066    -0.281146
 0.207463     0.903067     0.120854
-0.617537     0.914066    -0.332146
-0.618537     0.905066     0.070854
-1.448537     0.931067    -0.787146
-1.462537     0.709067     0.419854
 0.207463     0.721066     0.521854
-0.761537     0.742067     0.470854
-1.585537     0.935067    -0.383146
-1.588537     0.889067     0.018854
 0.070463     0.912067    -0.281146
 0.070463     0.903067     0.120854
-0.755537     0.914066    -0.332146
-0.755537     0.905066     0.069854
-1.623537     0.379066     0.415854
 0.069463     0.721066     0.521854
-0.899537     0.743066     0.470854
-1.726537     0.893067    -0.385146
-1.729537     0.847067     0.016854
-0.066537     0.909066    -0.281146
-0.066537     0.908067     0.120854
-0.891537     0.928066    -0.332146
-0.892537     0.902067     0.069854
-0.068537     0.734066     0.521854
-1.037537     0.738066     0.470854
-1.867537     0.852067    -0.388146
-1.871537     0.798066     0.015854
-0.203537     0.910066    -0.281146
-0.204537     0.906066     0.120854
-1.028537     0.938066    -0.331146
-1.030537     0.900066     0.069854
-0.206537     0.724066     0.521854
-1.178537     0.700067     0.470854
-0.341537     0.913067    -0.281146
-0.341537     0.904067     0.120854
-1.171537     0.832066    -0.336146
-1.168537     0.895066     0.069854
-0.344537     0.718067     0.521854
-1.304537     0.919066    -0.736146
-1.318537     0.668067     0.469854
-0.478537     0.912067    -0.281146
-0.478537     0.899067     0.120854
-1.320537     0.632066    -0.344146
-1.306537     0.883066     0.068854
-0.483537     0.713067     0.521854
-1.442537     0.907067    -0.737146
-0.615537     0.916067    -0.281146
-0.615537     0.891066     0.120854
-1.441537     0.924066    -0.333146
-1.445537     0.855066     0.067854
-0.621537     0.713067     0.521854
-0.747537     0.924066    -0.281146
-0.748537     0.884067     0.119854
-1.575537     0.901066    -0.334146
-1.581537     0.815067     0.066854
-0.754537     0.713067     0.521854
-0.889537     0.921067    -0.281146
-0.891537     0.873066     0.119854
-1.722537     0.843067    -0.337146
-1.728537     0.754067     0.064854
-0.898537     0.703067     0.521854
-1.026537     0.923066    -0.282146
-1.029537     0.867067     0.119854
-1.886537     0.506067    -0.351146
-1.037537     0.689067     0.520854
-1.163537     0.926067    -0.282146
-1.166537     0.862067     0.118854
-1.176537     0.668067     0.520854
-1.301537     0.922067    -0.282146
-1.305537     0.845066     0.118854
-1.301537     0.916067    -0.686146
-1.434537     0.913067    -0.283146
-1.440537     0.825067     0.117854
-1.577537     0.907067    -0.283146
-1.585537     0.790066     0.116854
-1.719537     0.840066    -0.286146
-1.727537     0.736067     0.115854
-1.895537     0.365066    -0.305146
 2.316463    -0.705934    -0.219146
 1.457463    -0.711933     0.159854
 0.670463    -0.574934     0.565854
 2.479463    -0.569933    -0.213146
 1.756463    -0.571934     0.165854
 0.726463    -0.430934     0.565854
 2.511463    -0.435934    -0.212146
 1.812463    -0.433933     0.167854
 0.763463    -0.286934     0.565854
 2.515463    -0.301933    -0.212146
 1.848463    -0.295934     0.167854
 0.785463    -0.144934     0.565854
 2.517463    -0.166934    -0.212146
 1.870463    -0.157934     0.168854
 2.204463    -0.844934    -0.174146
-0.237537    -0.877934     0.177854
 0.790463    -0.000934     0.565854
 2.515463    -0.032933    -0.212146
 1.876463    -0.020933     0.168854
 2.366463    -0.707933    -0.168146
 1.272463    -0.716933     0.207854
 0.786463     0.142066     0.565854
 2.514463     0.102067    -0.212146
 1.875463     0.117067     0.168854
 2.387463    -0.708933    -0.564146
 2.438463    -0.572933    -0.165146
 1.338463    -0.575934     0.208854
 0.765463     0.287066     0.565854
 0.558463    -0.577933     0.617854
 2.514463     0.236067    -0.212146
 1.835463     0.256067     0.167854
 2.466463    -0.572933    -0.560146
 2.461463    -0.437934    -0.165146
 1.387463    -0.434934     0.209854
 0.730463     0.432067     0.565854
 0.614463    -0.433933     0.617854
 2.506463     0.371067    -0.213146
 1.811463     0.395066     0.166854
 2.490463    -0.437934    -0.559146
 2.478463    -0.303934    -0.164146
 1.423463    -0.295934     0.210854
 0.671463     0.578067     0.565854
 0.654463    -0.288933     0.618854
 2.502463     0.506067    -0.213146
 1.764463     0.534066     0.165854
 2.506463    -0.303934    -0.558146
 2.488463    -0.168933    -0.164146
 1.473463    -0.155933     0.211854
 0.676463    -0.145933     0.618854
 2.469463     0.642066    -0.215146
 1.694463     0.677067     0.163854
 0.923463    -1.012933     0.252854
 2.512463    -0.169933    -0.558146
 2.494463    -0.033934    -0.164146
 1.459463    -0.015934     0.210854
 2.270463    -0.851933    -0.520146
 0.682463    -0.001934     0.618854
 2.367463     0.782067    -0.219146
 1.441463     0.828067     0.158854
 2.150463    -0.852934    -0.125146
 1.000463    -0.868933     0.254854
 2.518463    -0.034933    -0.558146
 2.492463     0.100066    -0.164146
 1.455463     0.124067     0.210854
 2.392463    -0.715934    -0.514146
 0.674463     0.142066     0.618854
 2.175463     0.928066    -0.226146
 2.332463    -0.715934    -0.119146
 1.183463    -0.725933     0.257854
 2.517463     0.099067    -0.558146
 2.484463     0.235067    -0.164146
 1.458463     0.264066     0.210854
 2.427463    -0.579934    -0.512146
 0.354463    -0.585934     0.670854
 0.653463     0.287066     0.617854
 2.427463    -0.579934    -0.116146
 1.250463    -0.583933     0.258854
 2.472463     0.370066    -0.165146
 1.395463     0.406067     0.209854
 2.496463    -0.444934    -0.509146
 0.466463    -0.440933     0.670854
 0.618463     0.432067     0.617854
 2.460463    -0.445933    -0.115146
 1.298463    -0.442933     0.259854
 2.453463     0.505067    -0.166146
 1.347463     0.549066     0.208854
 2.512463    -0.310934    -0.508146
 0.518463    -0.295934     0.670854
 0.559463     0.580067     0.617854
 2.476463    -0.310934    -0.115146
 1.334463    -0.301933     0.259854
 2.419463     0.642066    -0.167146
 1.286463     0.692066     0.206854
 0.906463    -1.022933     0.304854
 2.522463    -0.176933    -0.508146
 0.548463    -0.150934     0.670854
 2.486463    -0.175933    -0.114146
 1.356463    -0.161933     0.260854
 2.337463     0.781066    -0.170146
 2.092463    -0.862934    -0.077146
 0.968463    -0.879933     0.305854
 2.524463    -0.042934    -0.508146
 0.558463    -0.007934     0.670854
 2.272463    -0.861934    -0.470146
 2.488463    -0.041933    -0.114146
 1.366463    -0.021933     0.260854
 2.145463     0.927067    -0.177146
 0.860463     0.997066     0.198854
 2.327463    -0.725933    -0.070146
 1.090463    -0.735933     0.307854
 2.522463     0.092066    -0.508146
 0.550463     0.138067     0.670854
 2.382463    -0.724934    -0.465146
 2.486463     0.093066    -0.115146
 1.362463     0.118066     0.260854
 2.422463    -0.588934    -0.067146
 1.157463    -0.593934     0.308854
 0.521463     0.283067     0.670854
 2.445463    -0.589934    -0.462146
 2.478463     0.228067    -0.115146
 1.341463     0.260067     0.259854
 2.442463    -0.454933    -0.066146
 1.206463    -0.451934     0.309854
 0.470463     0.430066     0.670854
 2.462463    -0.454933    -0.461146
-0.014537    -0.449933     0.723854
 2.466463     0.362067    -0.115146
 1.309463     0.401067     0.259854
 2.455463    -0.319934    -0.066146
 1.242463    -0.311933     0.310854
 0.362463     0.579067     0.670854
 2.482463    -0.319934    -0.460146
 0.198463    -0.303934     0.723854
 2.447463     0.499067    -0.116146
 1.262463     0.544066     0.258854
 2.464463    -0.185934    -0.066146
 1.263463    -0.170933     0.310854
 2.487463    -0.185934    -0.460146
 0.260463    -0.157934     0.723854
 2.413463     0.635067    -0.118146
 1.200463     0.688066     0.257854
 2.466463    -0.050933    -0.066146
 1.273463    -0.029933     0.310854
 2.490463    -0.050933    -0.460146
 0.278463    -0.012934     0.723854
 2.299463     0.775066    -0.121146
-0.014537    -0.755934     0.344854
 2.465463     0.084067    -0.066146
 1.268463     0.111066     0.310854
 2.488463     0.083067    -0.460146
 0.257463     0.135066     0.723854
 2.103463     0.922067    -0.128146
 0.939463     0.986067     0.252854
 2.336463    -0.734933    -0.417146
 2.174463    -0.736934    -0.025146
 1.041463    -0.604934     0.359854
 2.460463     0.218066    -0.066146
 1.248463     0.252066     0.309854
 2.483463     0.218066    -0.461146
 0.197463     0.282066     0.723854
 2.419463    -0.598934    -0.414146
 2.305463    -0.599934    -0.021146
 1.100463    -0.462934     0.359854
 2.449463     0.353067    -0.067146
 1.216463     0.395066     0.309854
 2.472463     0.353067    -0.461146
-0.045537     0.437066     0.723854
 2.472463    -0.464934    -0.411146
 2.356463    -0.464934    -0.019146
 1.141463    -0.320933     0.360854
 2.433463     0.489067    -0.067146
 1.169463     0.538067     0.308854
 2.448463     0.489067    -0.463146
 2.500463    -0.330934    -0.410146
 2.377463    -0.328934    -0.019146
 1.170463    -0.179934     0.360854
 2.411463     0.625067    -0.068146
 1.107463     0.683066     0.307854
 2.435463     0.624066    -0.464146
 2.513463    -0.195934    -0.410146
 2.390463    -0.194934    -0.018146
 1.189463    -0.038934     0.360854
 2.293463     0.766066    -0.072146
 2.361463     0.763066    -0.467146
 2.519463    -0.061933    -0.409146
 2.397463    -0.059933    -0.018146
 1.191463     0.102067     0.360854
 2.184463     0.908067    -0.075146
 0.945463     0.976067     0.304854
 2.342463    -0.744933    -0.367146
 2.073463    -0.746934     0.022854
 2.311463     0.901066    -0.470146
 1.934463    -0.748933    -0.789146
 2.518463     0.072067    -0.410146
 2.399463     0.075066    -0.018146
 1.179463     0.245066     0.360854
 2.433463    -0.608934    -0.364146
 2.231463    -0.609933     0.026854
 0.944463    -0.614933     0.410854
 2.517463     0.207067    -0.410146
 2.394463     0.210066    -0.019146
 1.151463     0.387067     0.360854
 2.481463    -0.473933    -0.361146
 2.275463    -0.473933     0.027854
 1.003463    -0.471934     0.410854
 2.509463     0.341067    -0.410146
 2.387463     0.346067    -0.019146
 1.112463     0.530066     0.359854
 2.510463    -0.339934    -0.360146
 2.300463    -0.337934     0.028854
 1.049463    -0.329933     0.411854
 2.494463     0.477066    -0.411146
 2.371463     0.482067    -0.019146
 1.054463     0.674066     0.358854
 2.519463    -0.205933    -0.360146
 2.313463    -0.202934     0.028854
 1.077463    -0.188934     0.411854
 2.459463     0.613066    -0.413146
 2.349463     0.618066    -0.020146
 0.965463     0.821066     0.357854
 2.524463    -0.070933    -0.360146
 2.322463    -0.066933     0.028854
 1.092463    -0.046933     0.411854
 2.402463     0.751067    -0.416146
 2.288463     0.756067    -0.022146
 2.527463     0.063066    -0.360146
 2.322463     0.068067     0.028854
 2.340463    -0.751934    -0.318146
 1.923463    -0.755934     0.068854
 1.094463     0.095067     0.411854
 2.309463     0.891066    -0.420146
 2.126463     0.901066    -0.027146
 0.848463    -0.622934     0.461854
 2.522463     0.197067    -0.360146
 2.317463     0.203066     0.028854
 2.439463    -0.615933    -0.314146
 2.110463    -0.617934     0.073854
 1.082463     0.237067     0.411854
 0.907463    -0.479934     0.461854
 2.514463     0.332067    -0.361146
 2.309463     0.339067     0.028854
 2.487463    -0.480933    -0.312146
 2.158463    -0.480933     0.074854
 1.054463     0.380067     0.411854
 0.952463    -0.336933     0.462854
 2.499463     0.468067    -0.361146
 2.294463     0.475067     0.027854
 2.516463    -0.346934    -0.311146
 2.187463    -0.344934     0.075854
 1.016463     0.524067     0.410854
 0.989463    -0.194934     0.462854
 2.469463     0.603067    -0.363146
 2.263463     0.613066     0.026854
 2.525463    -0.212933    -0.310146
 2.204463    -0.208934     0.075854
 0.957463     0.669066     0.409854
 1.002463    -0.052933     0.462854
 2.415463     0.741067    -0.366146
 2.194463     0.752066     0.024854
 2.530463    -0.077933    -0.310146
 2.213463    -0.072934     0.075854
 1.912463     0.765067    -0.792146
 1.006463     0.090067     0.462854
 2.314463     0.882066    -0.370146
 2.009463     0.898067     0.019854
 2.330463    -0.754933    -0.269146
 1.734463    -0.759933     0.114854
 2.533463     0.056066    -0.310146
 2.224463     0.062066     0.075854
 1.911463     0.903067    -0.792146
 0.989463     0.232066     0.462854
 2.445463    -0.618933    -0.264146
 1.953463    -0.620933     0.119854
 2.528463     0.190067    -0.311146
 2.219463     0.198067     0.075854
 0.750463    -0.625934     0.513854
 0.965463     0.375066     0.462854
 2.493463    -0.483934    -0.262146
 2.009463    -0.483934     0.120854
 2.520463     0.325067    -0.311146
 2.211463     0.335066     0.075854
 0.811463    -0.482933     0.513854
 0.922463     0.519067     0.461854
 2.522463    -0.349934    -0.261146
 2.046463    -0.346934     0.121854
 2.505463     0.461067    -0.312146
 2.192463     0.472066     0.074854
 0.855463    -0.339934     0.513854
 0.864463     0.665066     0.461854
 2.531463    -0.214933    -0.261146
 2.067463    -0.209934     0.122854
 2.474463     0.596066    -0.313146
 2.158463     0.610066     0.073854
 0.884463    -0.196933     0.514854
 2.536463    -0.080933    -0.261146
 2.076463    -0.073933     0.122854
 2.420463     0.733066    -0.316146
 2.100463     0.749066     0.072854
 0.898463    -0.054933     0.514854
 2.539463     0.053066    -0.261146
 2.079463     0.063066     0.122854
 2.312463     0.874066    -0.320146
 1.831463     0.900066     0.065854
 0.901463     0.088067     0.514854
 2.534463     0.187066    -0.261146
 2.070463     0.200067     0.122854
 0.888463     0.232066     0.514854
 2.526463     0.322066    -0.261146
 2.058463     0.337067     0.121854
 0.861463     0.376067     0.513854
 2.475463     0.458066    -0.264146
 2.003463     0.476066     0.120854
 0.749463     0.523067     0.512854
 2.424463     0.595066    -0.266146
 1.920463     0.617067     0.118854
 2.294463     0.737067    -0.271146
-1.865537     0.796067    -0.659146
-2.103537     0.789066    -0.240146
-1.532537     0.807067     0.153854
-1.862537     0.657067    -0.659146
-2.163537     0.649067    -0.238146
-2.115537     0.650066     0.166854
-1.691537     0.521066     0.569854
-2.224537     0.510067    -0.235146
-2.204537     0.510067     0.168854
-1.612537     0.381067     0.568854
-2.250537     0.372066    -0.234146
-2.238537     0.372066     0.168854
-1.627537     0.240066     0.568854
-2.260537     0.234067    -0.234146
-2.256537     0.234067     0.169854
-1.946537     0.936067    -0.195146
-1.638537     0.099067     0.568854
-2.267537     0.097066    -0.234146
-2.263537     0.097066     0.169854
-2.145537     0.791067    -0.188146
-1.886537     0.799066     0.212854
-1.637537    -0.040934     0.568854
-2.267537    -0.040934    -0.234146
-2.263537    -0.040934     0.169854
-2.205537     0.651066    -0.186146
-2.078537     0.654067     0.216854
-1.626537    -0.181934     0.568854
-1.238537     0.675066     0.618854
-2.259537    -0.177933    -0.234146
-2.255537    -0.177933     0.169854
-2.210537     0.513066    -0.185146
-2.135537     0.515067     0.217854
-1.611537    -0.322933     0.568854
-1.691537     0.523067     0.620854
-2.248537    -0.315933    -0.234146
-2.233537    -0.315933     0.168854
-2.232537     0.375066    -0.184146
-2.169537     0.376067     0.217854
-1.673537    -0.462934     0.569854
-1.780537     0.382066     0.621854
-2.226537    -0.453934    -0.235146
-2.203537    -0.453934     0.168854
-2.242537     0.237067    -0.184146
-2.187537     0.238066     0.218854
-1.660537    -0.603934     0.569854
-1.798537     0.241067     0.621854
-2.193537    -0.591933    -0.236146
-2.153537    -0.592933     0.166854
-2.249537     0.100066    -0.184146
-2.198537     0.100066     0.218854
-1.847537    -0.739933    -0.660146
-1.801537     0.102067     0.621854
-2.144537    -0.730933    -0.238146
-2.081537    -0.732934     0.165854
-1.913537     0.945067    -0.145146
-2.245537    -0.037933    -0.184146
-2.198537    -0.037933     0.218854
-2.128537     0.799066    -0.544146
-1.801537    -0.037933     0.621854
-2.041537    -0.872934    -0.242146
-2.144537     0.798066    -0.137146
-1.730537     0.811067     0.260854
-2.241537    -0.175933    -0.184146
-2.186537    -0.175933     0.218854
-1.794537    -0.177933     0.621854
-2.212537     0.658067    -0.135146
-2.002537     0.664066     0.265854
-2.231537    -0.312934    -0.184146
-2.172537    -0.313933     0.218854
-1.331537     0.538067     0.671854
-1.783537    -0.317933     0.621854
-2.253537     0.519067    -0.133146
-2.063537     0.523067     0.266854
-2.208537    -0.450933    -0.185146
-2.130537    -0.452933     0.217854
-1.380537     0.395066     0.671854
-1.717537    -0.458934     0.620854
-2.282537     0.381067    -0.132146
-2.100537     0.384066     0.267854
-2.211537    -0.588934    -0.185146
-2.080537    -0.591933     0.216854
-1.402537     0.253067     0.671854
-1.420537    -0.605933     0.619854
-2.300537     0.244067    -0.132146
-2.118537     0.246066     0.267854
-2.151537    -0.728934    -0.187146
-1.992537    -0.732934     0.214854
-1.863537     0.956066    -0.095146
-1.561537     0.110067     0.672854
-2.307537     0.107066    -0.131146
-2.129537     0.107066     0.267854
-2.019537    -0.870933    -0.192146
-2.142537     0.808066    -0.086146
-1.517537     0.827066     0.308854
-1.561537    -0.030933     0.672854
-2.166537     0.807067    -0.491146
-2.307537    -0.030933    -0.131146
-2.129537    -0.030933     0.267854
-2.210537     0.668067    -0.084146
-1.909537     0.676067     0.315854
-1.402537    -0.172934     0.671854
-2.300537    -0.167933    -0.132146
-2.117537    -0.168933     0.267854
-2.255537     0.529067    -0.083146
-1.978537     0.535066     0.316854
-1.383537    -0.314934     0.671854
-2.285537    -0.304933    -0.132146
-2.099537    -0.306933     0.267854
-2.285537     0.391066    -0.082146
-2.015537     0.395066     0.316854
-1.337537    -0.457933     0.671854
-2.260537     0.391066    -0.486146
-0.844537     0.413067     0.723854
-2.255537    -0.442933    -0.133146
-2.069537    -0.445933     0.266854
-2.303537     0.253067    -0.081146
-2.042537     0.256067     0.317854
-2.266537     0.254066    -0.486146
-0.978537     0.267067     0.723854
-2.217537    -0.581933    -0.134146
-2.011537    -0.585934     0.265854
-2.310537     0.116067    -0.081146
-2.053537     0.117067     0.317854
-2.273537     0.116067    -0.486146
-1.025537     0.123066     0.723854
-2.157537    -0.720933    -0.137146
-1.907537    -0.727934     0.263854
-1.897537     0.965066    -0.453146
-1.798537     0.969067    -0.046146
-2.310537    -0.020933    -0.081146
-2.052537    -0.020933     0.317854
-2.273537    -0.020933    -0.486146
-1.029537    -0.020933     0.723854
-1.989537    -0.864933    -0.142146
-2.112537     0.819067    -0.443146
-2.005537     0.822066    -0.040146
-1.805537     0.689067     0.364854
-2.302537    -0.157934    -0.081146
-2.041537    -0.159934     0.317854
-0.985537    -0.164934     0.723854
-2.216537     0.678066    -0.438146
-2.181537     0.679066    -0.034146
-1.861537     0.547067     0.365854
-2.287537    -0.295934    -0.082146
-2.018537    -0.298934     0.316854
-0.871537    -0.310934     0.723854
-2.241537     0.539066    -0.437146
-2.238537     0.540066    -0.033146
-1.923537     0.407066     0.366854
-2.257537    -0.433933    -0.083146
-1.980537    -0.437934     0.316854
-2.278537     0.401067    -0.435146
-2.271537     0.401067    -0.032146
-1.957537     0.267067     0.366854
-2.215537    -0.571934    -0.084146
-1.918537    -0.577933     0.315854
-2.292537     0.264066    -0.434146
-2.294537     0.264066    -0.031146
-1.976537     0.128066     0.367854
-2.151537    -0.710934    -0.086146
-1.758537    -0.721933     0.312854
-2.299537     0.126067    -0.434146
-2.308537     0.126067    -0.031146
-1.983537    -0.010933     0.367854
-1.955537    -0.855933    -0.092146
-2.106537     0.829067    -0.392146
-1.956537     0.834067     0.009854
-2.299537    -0.010933    -0.434146
-2.312537    -0.010933    -0.030146
-1.980537    -0.149934     0.367854
-2.210537     0.688066    -0.388146
-2.176537     0.688066     0.015854
-1.668537     0.702066     0.414854
-2.299537    -0.147933    -0.434146
-2.308537    -0.147933    -0.031146
-1.961537    -0.288933     0.366854
-2.251537     0.549066    -0.386146
-2.229537     0.549066     0.016854
-1.769537     0.559066     0.415854
-2.292537    -0.285933    -0.434146
-2.297537    -0.285933    -0.031146
-1.931537    -0.428934     0.366854
-2.292537     0.411067    -0.384146
-2.258537     0.411067     0.017854
-1.834537     0.418067     0.416854
-2.278537    -0.422933    -0.435146
-2.275537    -0.422933    -0.032146
-1.873537    -0.568933     0.365854
-2.306537     0.273066    -0.383146
-2.280537     0.273066     0.018854
-1.872537     0.278066     0.416854
-2.256537    -0.560933    -0.436146
-2.242537    -0.560933    -0.033146
-1.812537    -0.709934     0.364854
-2.313537     0.136066    -0.383146
-2.287537     0.136066     0.018854
-1.891537     0.138067     0.417854
-2.216537    -0.699934    -0.438146
-2.189537    -0.699934    -0.034146
-1.793537     0.846066    -0.766146
-2.317537    -0.000934    -0.383146
-2.291537    -0.000934     0.018854
-2.108537     0.836066    -0.341146
-1.879537     0.843067     0.058854
-1.903537    -0.000934     0.417854
-2.144537    -0.839934    -0.441146
-2.097537    -0.840934    -0.037146
-1.793537     0.706066    -0.766146
-1.444537     0.716066     0.463854
-2.313537    -0.138933    -0.383146
-2.287537    -0.138933     0.018854
-2.208537     0.695067    -0.337146
-2.135537     0.697066     0.065854
-1.895537    -0.140933     0.417854
-1.669537     0.569067     0.466854
-2.306537    -0.275934    -0.383146
-2.280537    -0.275934     0.018854
-2.245537     0.556067    -0.336146
-2.180537     0.558066     0.066854
-1.876537    -0.279934     0.416854
-1.742537     0.427067     0.466854
-2.292537    -0.412933    -0.384146
-2.262537    -0.413933     0.017854
-2.270537     0.418067    -0.335146
-2.221537     0.419066     0.067854
-1.842537    -0.419933     0.416854
-1.780537     0.286067     0.467854
-2.238537    -0.551934    -0.386146
-2.232537    -0.551934     0.017854
-2.288537     0.281067    -0.334146
-2.243537     0.281067     0.067854
-1.780537    -0.560933     0.415854
-1.811537     0.146067     0.467854
-2.213537    -0.689933    -0.388146
-2.183537    -0.690934     0.015854
-2.295537     0.143066    -0.333146
-2.258537     0.143066     0.068854
-1.756537    -0.701934     0.415854
-1.818537     0.006067     0.467854
-2.137537    -0.829934    -0.391146
-2.063537    -0.832933     0.012854
-2.107537     0.839067    -0.291146
-1.750537     0.850066     0.106854
-2.299537     0.006067    -0.333146
-2.261537     0.006067     0.068854
-1.838537     0.848067    -0.712146
-1.811537    -0.132933     0.467854
-2.186537     0.698066    -0.287146
-2.130537     0.700067     0.115854
-2.299537    -0.130933    -0.333146
-2.258537    -0.130933     0.068854
-1.834537     0.708067    -0.712146
-1.792537    -0.272934     0.467854
-2.227537     0.559066    -0.286146
-2.178537     0.561067     0.116854
-2.288537    -0.268934    -0.334146
-2.247537    -0.268934     0.068854
-1.572537     0.574067     0.516854
-1.753537    -0.413933     0.466854
-2.256537     0.421066    -0.285146
-2.220537     0.422067     0.117854
-2.273537    -0.405933    -0.334146
-2.224537    -0.406933     0.067854
-1.650537     0.431067     0.517854
-1.692537    -0.554933     0.466854
-2.274537     0.284066    -0.284146
-2.246537     0.284066     0.118854
-2.248537    -0.543934    -0.335146
-2.187537    -0.544933     0.066854
-1.692537     0.290067     0.517854
-1.671537    -0.695934     0.466854
-2.281537     0.146067    -0.283146
-2.257537     0.146067     0.118854
-2.211537    -0.682934    -0.337146
-2.142537    -0.684933     0.065854
-1.710537     0.150066     0.517854
-2.281537     0.009066    -0.283146
-2.260537     0.009066     0.118854
-2.143537    -0.822933    -0.340146
-2.010537    -0.826934     0.061854
-1.722537     0.009066     0.518854
-2.281537    -0.128934    -0.283146
-2.256537    -0.128934     0.118854
-1.714537    -0.130933     0.517854
-2.274537    -0.265934    -0.284146
-2.245537    -0.265934     0.118854
-1.691537    -0.271933     0.517854
-2.255537    -0.403933    -0.285146
-2.223537    -0.403933     0.117854
-1.653537    -0.412933     0.517854
-2.190537    -0.542934    -0.287146
-2.137537    -0.543934     0.115854
-1.451537    -0.556934     0.515854
-2.133537    -0.681934    -0.290146
-1.917537    -0.686934     0.110854
