-0.535    -1.704    -0.000
-1.862    -1.004    -0.000
-3.367    -0.027    -0.000
-4.560    1.036    -0.000
-5.745    2.388    -0.000
-6.651    3.705    -0.000
-7.433    5.643    -0.000
-7.597    7.526    -0.000
-7.358    9.405    -0.000
-6.876    11.241    -0.000
-6.711    11.713    -0.000
-5.946    13.341    -0.000
-5.251    14.669    -0.000
-4.555    15.998    -0.000
-3.859    17.327    -0.000
-3.163    18.655    -0.000
-2.468    19.985    -0.000
-1.773    21.313    -0.000
-1.077    22.642    -0.000
-0.381    23.971    -0.000
0.314    25.299    -0.000
1.010    26.629    -0.000
1.706    27.958    -0.000
2.401    29.286    -0.000
3.081    30.622    -0.000
3.754    31.964    -0.000
4.456    33.289    -0.000
5.158    34.615    -0.000
5.860    35.940    -0.000
6.562    37.266    -0.000
7.264    38.590    -0.000
7.966    39.916    -0.000
8.668    41.242    -0.000
9.371    42.567    -0.000
10.073    43.893    -0.000
10.774    45.218    -0.000
11.476    46.543    -0.000
12.178    47.869    -0.000
12.880    49.195    -0.000
13.582    50.519    -0.000
14.284    51.845    -0.000
14.987    53.170    -0.000
15.689    54.496    -0.000
16.391    55.822    -0.000
17.093    57.146    -0.000
17.795    58.472    -0.000
18.497    59.798    -0.000
19.199    61.123    -0.000
19.901    62.448    -0.000
20.597    63.777    -0.000
21.288    65.109    -0.000
21.977    66.441    -0.000
22.667    67.772    -0.000
23.357    69.104    -0.000
24.048    70.435    -0.000
24.738    71.767    -0.000
25.490    73.179    -0.000
26.202    74.499    -0.000
26.858    75.736    -0.001
27.560    77.061    -0.001
28.263    78.387    -0.001
28.962    79.714    -0.001
29.714    81.126    -0.001
30.437    82.439    -0.001
31.160    83.753    -0.001
31.883    85.068    -0.001
32.607    86.381    -0.001
33.330    87.695    -0.001
34.053    89.009    -0.001
34.776    90.324    -0.001
35.500    91.637    -0.001
36.224    92.951    -0.001
36.947    94.266    -0.001
37.670    95.579    -0.001
38.393    96.893    -0.001
39.117    98.207    -0.001
39.840    99.521    -0.001
40.563    100.835    -0.001
41.286    102.149    -0.001
41.956    103.378    -0.001
42.661    104.702    -0.001
43.363    106.028    -0.001
44.055    107.358    -0.001
44.750    108.688    -0.001
45.445    110.017    -0.001
46.141    111.345    -0.001
46.836    112.674    -0.001
47.516    114.011    -0.001
48.191    115.350    -0.001
48.867    116.689    -0.001
49.541    118.030    -0.001
50.217    119.369    -0.001
50.892    120.708    -0.001
51.565    122.048    -0.001
52.240    123.387    -0.001
52.914    124.727    -0.001
53.589    126.066    -0.001
54.264    127.406    -0.002
54.922    128.754    -0.002
55.571    130.106    -0.002
56.220    131.458    -0.002
56.869    132.811    -0.002
57.517    134.163    -0.002
58.085    135.443    -0.002
58.692    136.814    -0.002
59.298    138.186    -0.002
59.905    139.558    -0.002
60.512    140.930    -0.002
61.117    142.302    -0.002
61.724    143.674    -0.002
62.329    145.046    -0.002
62.936    146.417    -0.002
63.542    147.789    -0.002
64.112    149.176    -0.002
64.662    150.572    -0.002
65.213    151.967    -0.002
65.728    153.268    -0.002
66.316    154.756    -0.002
66.866    156.152    -0.002
67.353    157.464    -0.002
67.861    158.875    -0.002
68.369    160.287    -0.002
68.877    161.698    -0.002
69.385    163.109    -0.002
69.834    164.435    -0.003
70.296    165.862    -0.003
70.758    167.289    -0.003
71.219    168.715    -0.003
71.675    170.145    -0.003
72.095    171.585    -0.003
72.515    173.025    -0.003
72.880    174.377    -0.003
73.262    175.827    -0.003
73.645    177.276    -0.003
74.022    178.728    -0.003
74.391    180.182    -0.003
74.718    181.542    -0.003
74.987    183.019    -0.003
75.253    184.494    -0.003
75.458    185.879    -0.003
75.642    187.367    -0.003
75.784    188.760    -0.003
75.911    190.254    -0.003
76.037    191.748    -0.003
76.164    193.244    -0.003
76.239    194.741    -0.003
76.305    196.239    -0.003
76.353    197.639    -0.004
76.395    199.138    -0.004
76.440    200.737    -0.004
76.473    202.137    -0.004
76.499    203.636    -0.004
76.503    205.136    -0.004
76.502    206.636    -0.004
76.509    208.136    -0.004
76.521    209.635    -0.004
76.533    211.136    -0.004
76.544    212.635    -0.004
76.556    214.135    -0.004
76.570    215.634    -0.004
76.587    217.134    -0.004
76.604    218.635    -0.004
76.621    220.135    -0.004
76.638    221.634    -0.004
76.651    223.134    -0.004
76.663    224.633    -0.004
76.674    226.133    -0.004
76.664    227.733    -0.005
76.776    229.229    -0.005
76.905    230.823    -0.005
77.059    232.315    -0.005
77.214    233.807    -0.005
77.364    235.299    -0.005
77.500    236.693    -0.005
77.653    238.285    -0.005
77.799    239.778    -0.005
77.950    241.270    -0.005
78.101    242.763    -0.005
78.252    244.255    -0.005
78.403    245.747    -0.005
78.546    247.240    -0.005
78.676    248.634    -0.005
78.825    250.226    -0.005
78.965    251.720    -0.005
79.081    253.115    -0.006
79.145    254.614    -0.006
79.145    256.013    -0.006
79.143    257.513    -0.006
79.123    258.913    -0.006
79.087    260.513    -0.006
79.054    261.912    -0.006
79.019    263.412    -0.006
78.988    264.911    -0.006
78.954    266.511    -0.006
78.924    267.910    -0.006
78.893    269.410    -0.006
78.860    271.009    -0.006
78.831    272.409    -0.006
78.800    273.908    -0.006
78.770    275.408    -0.006
78.739    276.908    -0.007
78.699    278.407    -0.007
78.659    279.906    -0.007
78.620    281.406    -0.007
78.581    282.905    -0.007
78.541    284.404    -0.007
78.501    285.904    -0.007
78.462    287.403    -0.007
78.422    288.902    -0.007
78.382    290.402    -0.007
78.343    291.901    -0.007
78.303    293.401    -0.007
78.261    294.900    -0.007
78.218    296.398    -0.007
78.175    297.897    -0.007
78.133    299.397    -0.008
78.089    300.896    -0.008
78.046    302.395    -0.008
78.003    303.895    -0.008
77.961    305.394    -0.008
77.917    306.893    -0.008
77.874    308.392    -0.008
77.830    309.892    -0.008
77.794    311.391    -0.008
77.759    312.891    -0.008
77.723    314.390    -0.008
77.688    315.890    -0.008
77.652    317.389    -0.008
77.617    318.888    -0.008
77.582    320.388    -0.009
77.546    321.887    -0.009
77.510    323.387    -0.009
77.475    324.886    -0.009
77.440    326.386    -0.009
77.404    327.885    -0.009
77.369    329.385    -0.009
77.334    330.884    -0.009
77.298    332.384    -0.009
77.262    333.883    -0.009
77.227    335.383    -0.009
77.192    336.882    -0.009
77.156    338.381    -0.009
77.121    339.881    -0.010
77.086    341.380    -0.010
77.050    342.880    -0.010
77.014    344.379    -0.010
76.979    345.879    -0.010
76.944    347.378    -0.010
76.908    348.878    -0.010
76.873    350.377    -0.010
76.837    351.877    -0.010
76.802    353.376    -0.010
76.766    354.875    -0.010
76.731    356.375    -0.010
76.696    357.874    -0.011
76.660    359.374    -0.011
76.625    360.873    -0.011
76.589    362.373    -0.011
76.554    363.872    -0.011
76.518    365.372    -0.011
76.480    366.871    -0.011
76.434    368.370    -0.011
76.387    369.870    -0.011
76.341    371.369    -0.011
76.295    372.868    -0.011
76.249    374.367    -0.011
76.202    375.866    -0.012
76.156    377.366    -0.012
76.111    378.865    -0.012
76.066    380.364    -0.012
76.027    381.863    -0.012
75.990    383.363    -0.012
75.938    384.862    -0.012
75.885    386.361    -0.012
75.841    387.860    -0.012
75.798    389.360    -0.012
75.754    390.859    -0.012
75.710    392.358    -0.013
75.675    393.958    -0.013
75.643    395.357    -0.013
75.594    396.856    -0.013
75.547    398.354    -0.013
75.498    399.854    -0.013
75.444    401.353    -0.013
75.383    402.851    -0.013
75.323    404.350    -0.013
75.263    405.849    -0.013
75.203    407.347    -0.013
75.142    408.846    -0.014
75.081    410.345    -0.014
74.984    411.842    -0.014
74.888    413.338    -0.014
74.791    414.835    -0.014
74.694    416.332    -0.014
74.598    417.829    -0.014
74.502    419.325    -0.014
74.404    420.822    -0.014
74.308    422.319    -0.014
74.212    423.816    -0.015
74.117    425.313    -0.015
74.022    426.809    -0.015
73.925    428.306    -0.015
73.830    429.803    -0.015
73.734    431.300    -0.015
73.639    432.796    -0.015
73.540    434.293    -0.015
73.436    435.789    -0.015
73.335    437.286    -0.015
73.243    438.783    -0.016
73.149    440.280    -0.016
73.057    441.777    -0.016
72.968    443.275    -0.016
72.879    444.772    -0.016
72.791    446.269    -0.016
72.701    447.766    -0.016
72.613    449.263    -0.016
72.525    450.761    -0.016
72.437    452.258    -0.016
72.366    453.756    -0.017
72.301    455.254    -0.017
72.237    456.753    -0.017
72.172    458.252    -0.017
72.107    459.750    -0.017
72.042    461.248    -0.017
71.977    462.747    -0.017
71.912    464.246    -0.017
71.847    465.744    -0.017
71.790    467.343    -0.018
71.734    468.742    -0.018
71.649    470.239    -0.018
71.571    471.736    -0.018
71.481    473.233    -0.018
71.406    474.732    -0.018
71.324    476.128    -0.018
71.203    477.624    -0.018
71.078    479.118    -0.018
70.920    480.610    -0.019
70.763    482.001    -0.019
70.536    483.483    -0.019
70.295    484.964    -0.019
70.046    486.443    -0.019
69.791    487.820    -0.019
69.499    489.188    -0.019
69.164    490.650    -0.019
68.795    492.104    -0.019
68.387    493.548    -0.020
68.011    494.895    -0.020
67.573    496.329    -0.020
67.111    497.650    -0.020
66.613    498.959    -0.020
66.089    500.257    -0.020
65.480    501.628    -0.020
64.849    502.988    -0.020
64.221    504.240    -0.020
63.526    505.569    -0.020
62.854    506.796    -0.021
62.115    508.102    -0.021
61.359    509.396    -0.021
60.574    510.675    -0.021
59.792    511.954    -0.021
59.052    513.142    -0.021
58.226    514.395    -0.021
57.391    515.640    -0.021
56.583    516.783    -0.021
55.709    518.002    -0.021
54.866    519.120    -0.021
53.918    520.282    -0.022
53.013    521.350    -0.022
52.024    522.477    -0.022
51.083    523.513    -0.022
50.050    524.601    -0.022
48.999    525.671    -0.022
47.941    526.733    -0.022
46.924    527.695    -0.022
45.816    528.706    -0.022
44.696    529.704    -0.022
43.639    530.622    -0.022
42.491    531.586    -0.022
41.325    532.530    -0.022
40.221    533.391    -0.022
39.005    534.268    -0.023
37.794    535.153    -0.023
36.655    535.968    -0.023
35.421    536.820    -0.023
34.244    537.577    -0.023
32.976    538.378    -0.023
31.695    539.158    -0.023
30.397    539.911    -0.023
29.174    540.591    -0.023
27.940    541.252    -0.023
26.595    541.916    -0.023
25.236    542.550    -0.023
23.953    543.109    -0.023
22.651    543.626    -0.023
21.252    544.166    -0.023
19.843    544.680    -0.023
18.429    545.179    -0.023
17.000    545.634    -0.023
15.671    546.076    -0.023
14.244    546.538    -0.024
12.812    546.984    -0.024
11.373    547.407    -0.024
9.934    547.827    -0.024
8.497    548.258    -0.024
7.070    548.717    -0.024
5.634    549.152    -0.024
4.121    549.673    -0.024
2.623    550.233    -0.024
1.240    550.814    -0.024
-0.217    551.475    -0.024
-1.649    552.187    -0.024
-2.901    552.813    -0.024
-4.378    553.655    -0.024
-5.745    554.485    -0.024
-6.944    555.208    -0.024
-8.354    556.155    -0.024
-9.565    557.039    -0.024
-10.774    557.928    -0.024
-12.033    558.914    -0.025
-13.271    559.928    -0.025
-14.410    561.048    -0.025
-15.498    562.080    -0.025
-16.568    563.131    -0.025
-17.612    564.208    -0.025
-18.707    565.374    -0.025
-19.745    566.591    -0.025
-20.699    567.749    -0.025
-21.747    569.086    -0.026
-22.559    570.226    -0.026
-23.554    571.602    -0.026
-24.315    572.776    -0.026
-25.157    574.137    -0.026
-25.957    575.522    -0.026
-26.672    576.840    -0.026
-27.392    578.269    -0.026
-28.055    579.615    -0.026
-28.718    581.070    -0.027
-29.302    582.451    -0.027
-29.877    583.945    -0.027
-30.428    585.446    -0.027
-30.880    586.877    -0.027
-31.329    588.307    -0.027
-31.790    589.839    -0.027
-32.194    591.284    -0.028
-32.523    592.746    -0.028
-32.847    594.313    -0.028
-33.109    595.891    -0.028
-33.323    597.375    -0.028
-33.512    599.065    -0.028
-33.607    600.461    -0.028
-33.732    602.157    -0.029
-33.789    603.655    -0.029
-33.844    605.154    -0.029
-33.887    606.653    -0.029
-33.931    608.152    -0.029
-33.974    609.651    -0.029
-34.017    611.151    -0.029
-34.061    612.650    -0.030
-34.104    614.149    -0.030
-34.147    615.649    -0.030
-34.190    617.148    -0.030
-34.234    618.647    -0.030
-34.277    620.146    -0.030
-34.320    621.646    -0.030
-34.363    623.145    -0.031
-34.406    624.644    -0.031
-34.448    626.143    -0.031
-34.490    627.643    -0.031
-34.534    629.142    -0.031
-34.576    630.641    -0.031
-34.618    632.141    -0.032
-34.660    633.640    -0.032
-34.703    635.139    -0.032
-34.746    636.639    -0.032
-34.788    638.138    -0.032
-34.831    639.637    -0.032
-34.873    641.136    -0.032
-34.915    642.636    -0.033
-34.957    644.135    -0.033
-35.000    645.634    -0.033
-35.042    647.134    -0.033
-35.084    648.633    -0.033
-35.126    650.132    -0.033
-35.168    651.632    -0.033
-35.210    653.131    -0.034
-35.252    654.630    -0.034
-35.295    656.129    -0.034
-35.337    657.629    -0.034
-35.379    659.128    -0.034
-35.422    660.627    -0.034
-35.464    662.127    -0.035
-35.507    663.626    -0.035
-35.550    665.125    -0.035
-35.594    666.624    -0.035
-35.636    668.124    -0.035
-35.677    669.622    -0.035
-35.704    671.222    -0.036
-35.626    672.720    -0.036
-35.491    674.313    -0.036
-35.261    675.897    -0.036
-34.911    677.458    -0.036
-34.497    679.002    -0.036
-33.845    680.677    -0.037
-33.051    682.180    -0.037
-32.104    683.591    -0.037
-30.945    684.967    -0.037
-29.641    686.206    -0.037
-28.374    687.182    -0.037
-27.418    687.906    -0.037
-26.333    688.941    -0.037
-25.356    689.943    -0.037
-24.531    690.945    -0.038
-23.865    691.941    -0.038
-23.218    693.068    -0.038
-22.580    694.425    -0.038
-21.677    696.093    -0.038
-20.327    697.561    -0.038
-18.644    698.630    -0.038
-16.839    699.207    -0.038
-15.497    699.528    -0.038
-14.035    699.866    -0.039
-12.464    700.162    -0.039
-10.881    700.393    -0.039
-9.292    700.580    -0.039
-7.796    700.683    -0.039
-6.297    700.738    -0.039
-4.799    700.811    -0.039
-3.404    700.928    -0.039
-1.914    701.091    -0.039
-0.425    701.278    -0.039
1.067    701.433    -0.039
2.558    701.586    -0.039
4.050    701.739    -0.039
5.543    701.893    -0.039
7.034    702.046    -0.039
8.526    702.198    -0.039
10.019    702.353    -0.039
11.510    702.506    -0.039
13.002    702.659    -0.039
14.495    702.812    -0.039
15.987    702.966    -0.039
17.478    703.123    -0.039
18.969    703.288    -0.039
20.460    703.452    -0.039
21.952    703.609    -0.039
23.445    703.751    -0.039
24.938    703.893    -0.039
26.430    704.035    -0.039
27.926    704.164    -0.039
29.519    704.302    -0.039
31.014    704.430    -0.039
32.508    704.558    -0.039
34.003    704.686    -0.039
35.497    704.814    -0.039
36.991    704.943    -0.039
38.485    705.071    -0.039
39.771    705.251    -0.039
41.245    705.528    -0.039
43.020    705.804    -0.039
44.520    705.819    -0.039
46.020    705.834    -0.039
47.418    705.871    -0.039
48.917    705.938    -0.039
50.416    706.006    -0.039
51.913    706.074    -0.039
53.412    706.141    -0.039
54.911    706.208    -0.039
56.409    706.276    -0.039
57.907    706.343    -0.039
59.506    706.404    -0.040
61.006    706.446    -0.040
62.505    706.479    -0.040
64.005    706.513    -0.040
65.504    706.519    -0.040
67.004    706.516    -0.040
68.503    706.517    -0.040
70.103    706.482    -0.040
71.600    706.391    -0.040
73.096    706.285    -0.040
74.689    706.131    -0.040
76.180    705.971    -0.040
77.861    705.722    -0.040
79.333    705.434    -0.040
80.797    705.107    -0.040
82.349    704.724    -0.040
83.800    704.340    -0.040
85.319    703.839    -0.040
86.826    703.303    -0.039
88.225    702.766    -0.039
89.696    702.135    -0.039
91.056    701.503    -0.039
92.494    700.804    -0.039
93.907    700.054    -0.039
95.124    699.360    -0.039
96.501    698.547    -0.039
97.776    697.757    -0.039
99.104    696.865    -0.039
100.406    695.936    -0.039
101.611    695.042    -0.039
102.794    694.121    -0.039
104.037    693.114    -0.039
105.233    692.052    -0.039
106.385    690.942    -0.038
107.446    689.882    -0.038
108.466    688.783    -0.038
109.545    687.602    -0.038
110.516    686.459    -0.038
111.520    685.214    -0.038
112.417    684.012    -0.038
113.300    682.798    -0.038
114.198    681.475    -0.038
115.027    680.226    -0.037
115.895    678.881    -0.037
116.695    677.612    -0.037
117.456    676.321    -0.037
118.210    675.023    -0.037
118.971    673.616    -0.037
119.689    672.188    -0.037
120.323    670.828    -0.037
120.955    669.359    -0.036
121.507    667.965    -0.036
122.055    666.568    -0.036
122.574    665.161    -0.036
123.092    663.754    -0.036
123.635    662.249    -0.036
124.121    660.830    -0.036
124.564    659.397    -0.035
125.019    657.863    -0.035
125.428    656.421    -0.035
125.816    654.971    -0.035
126.201    653.522    -0.035
126.571    652.069    -0.035
126.931    650.510    -0.035
127.251    649.045    -0.034
127.533    647.571    -0.034
127.801    646.095    -0.034
128.067    644.619    -0.034
128.342    643.044    -0.034
128.552    641.559    -0.034
128.757    640.073    -0.034
128.950    638.586    -0.033
129.144    637.098    -0.033
129.337    635.510    -0.033
129.509    634.020    -0.033
129.671    632.529    -0.033
129.814    631.036    -0.033
129.943    629.542    -0.032
130.065    628.047    -0.032
130.182    626.552    -0.032
130.304    625.056    -0.032
130.431    623.562    -0.032
130.558    622.068    -0.032
130.686    620.573    -0.032
130.814    619.079    -0.031
130.877    617.480    -0.031
130.928    615.981    -0.031
130.979    614.482    -0.031
131.030    612.983    -0.031
131.080    611.485    -0.031
131.125    609.985    -0.031
131.169    608.486    -0.030
131.213    606.987    -0.030
131.257    605.488    -0.030
131.302    603.988    -0.030
131.346    602.489    -0.030
131.390    600.990    -0.030
131.435    599.491    -0.030
131.479    597.991    -0.029
131.522    596.492    -0.029
131.563    594.993    -0.029
131.605    593.494    -0.029
131.646    591.994    -0.029
131.687    590.495    -0.029
131.729    588.996    -0.029
131.770    587.496    -0.028
131.811    585.997    -0.028
131.852    584.498    -0.028
131.894    582.998    -0.028
131.935    581.499    -0.028
131.977    580.000    -0.028
132.020    578.500    -0.028
132.064    577.001    -0.028
132.107    575.502    -0.027
132.150    574.003    -0.027
132.193    572.503    -0.027
132.236    571.004    -0.027
132.279    569.505    -0.027
132.322    568.005    -0.027
132.365    566.506    -0.027
132.408    565.007    -0.026
132.451    563.508    -0.026
132.495    562.008    -0.026
132.538    560.509    -0.026
132.582    559.010    -0.026
132.626    557.510    -0.026
132.671    556.011    -0.026
132.715    554.512    -0.026
132.760    553.013    -0.025
132.805    551.513    -0.025
132.849    550.014    -0.025
132.893    548.515    -0.025
132.937    547.016    -0.025
132.982    545.516    -0.025
133.027    544.018    -0.025
133.071    542.519    -0.025
133.115    541.020    -0.024
133.160    539.520    -0.024
133.204    538.021    -0.024
133.248    536.522    -0.024
133.292    535.023    -0.024
133.335    533.523    -0.024
133.377    532.024    -0.024
133.420    530.525    -0.024
133.463    529.026    -0.023
133.506    527.526    -0.023
133.548    526.027    -0.023
133.591    524.528    -0.023
133.634    523.028    -0.023
133.677    521.529    -0.023
133.719    520.030    -0.023
133.763    518.531    -0.023
133.805    517.031    -0.022
133.860    515.632    -0.022
133.995    514.139    -0.022
134.129    512.645    -0.022
134.264    511.151    -0.022
134.399    509.658    -0.022
134.534    508.164    -0.022
134.669    506.669    -0.022
134.803    505.176    -0.021
134.938    503.682    -0.021
135.073    502.188    -0.021
135.207    500.695    -0.021
135.343    499.201    -0.021
135.477    497.707    -0.021
135.612    496.213    -0.021
135.747    494.720    -0.021
135.881    493.225    -0.021
136.017    491.731    -0.020
136.151    490.238    -0.020
136.286    488.744    -0.020
136.420    487.250    -0.020
136.555    485.757    -0.020
136.690    484.263    -0.020
136.825    482.769    -0.020
136.960    481.275    -0.020
137.094    479.781    -0.020
137.229    478.287    -0.019
137.364    476.794    -0.019
137.498    475.300    -0.019
137.634    473.806    -0.019
137.768    472.312    -0.019
137.903    470.819    -0.019
138.038    469.324    -0.019
138.172    467.830    -0.019
138.307    466.337    -0.019
138.442    464.843    -0.018
138.577    463.349    -0.018
138.712    461.856    -0.018
138.846    460.362    -0.018
138.981    458.868    -0.018
139.115    457.374    -0.018
139.241    455.980    -0.018
139.359    454.285    -0.018
139.410    452.785    -0.018
139.461    451.286    -0.018
139.512    449.787    -0.017
139.554    448.288    -0.017
139.596    446.789    -0.017
139.638    445.289    -0.017
139.680    443.790    -0.017
139.722    442.291    -0.017
139.765    440.791    -0.017
139.805    439.292    -0.017
139.845    437.793    -0.017
139.884    436.293    -0.016
139.923    434.794    -0.016
139.962    433.295    -0.016
140.000    431.795    -0.016
140.040    430.296    -0.016
140.079    428.796    -0.016
140.120    427.297    -0.016
140.161    425.798    -0.016
140.203    424.298    -0.016
140.244    422.799    -0.016
140.285    421.300    -0.015
140.326    419.800    -0.015
140.374    418.302    -0.015
140.425    416.803    -0.015
140.477    415.304    -0.015
140.529    413.805    -0.015
140.580    412.306    -0.015
140.631    410.807    -0.015
140.680    409.308    -0.015
140.722    407.808    -0.015
140.764    406.309    -0.015
140.805    404.810    -0.014
140.848    403.310    -0.014
140.889    401.811    -0.014
140.930    400.312    -0.014
140.971    398.813    -0.014
141.012    397.313    -0.014
141.052    395.814    -0.014
141.092    394.314    -0.014
141.131    392.815    -0.014
141.172    391.316    -0.014
141.212    389.816    -0.014
141.254    388.317    -0.013
141.297    386.818    -0.013
141.338    385.318    -0.013
141.380    383.819    -0.013
141.421    382.320    -0.013
141.464    380.821    -0.013
141.506    379.321    -0.013
141.548    377.822    -0.013
141.591    376.323    -0.013
141.633    374.823    -0.013
141.675    373.324    -0.013
141.717    371.825    -0.012
141.760    370.325    -0.012
141.802    368.826    -0.012
141.845    367.327    -0.012
141.888    365.828    -0.012
141.932    364.328    -0.012
141.975    362.830    -0.012
142.018    361.331    -0.012
142.062    359.831    -0.012
142.106    358.332    -0.012
142.150    356.833    -0.012
142.192    355.434    -0.012
142.236    353.934    -0.011
142.220    352.236    -0.011
142.158    350.737    -0.011
142.094    349.238    -0.011
142.031    347.739    -0.011
141.967    346.242    -0.011
141.904    344.743    -0.011
141.842    343.244    -0.011
141.778    341.745    -0.011
141.715    340.247    -0.011
141.651    338.749    -0.011
141.589    337.250    -0.011
141.526    335.751    -0.010
141.462    334.252    -0.010
141.399    332.755    -0.010
141.336    331.256    -0.010
141.273    329.757    -0.010
141.210    328.258    -0.010
141.146    326.760    -0.010
141.084    325.262    -0.010
141.020    323.763    -0.010
140.957    322.264    -0.010
140.894    320.766    -0.010
140.831    319.268    -0.010
140.768    317.769    -0.009
140.704    316.270    -0.009
140.641    314.771    -0.009
140.578    313.273    -0.009
140.515    311.775    -0.009
140.452    310.276    -0.009
140.388    308.777    -0.009
140.325    307.279    -0.009
140.263    305.781    -0.009
140.199    304.282    -0.009
140.136    302.783    -0.009
140.073    301.285    -0.009
140.010    299.786    -0.009
139.947    298.288    -0.009
139.883    296.789    -0.008
139.903    295.390    -0.008
139.944    293.891    -0.008
139.989    292.391    -0.008
140.033    290.892    -0.008
140.076    289.393    -0.008
140.119    287.894    -0.008
140.164    286.394    -0.008
140.207    284.895    -0.008
140.250    283.396    -0.008
140.292    281.896    -0.008
140.335    280.397    -0.008
140.377    278.898    -0.008
140.418    277.399    -0.008
140.461    275.899    -0.008
140.502    274.400    -0.007
140.542    272.901    -0.007
140.580    271.401    -0.007
140.619    269.902    -0.007
140.659    268.402    -0.007
140.701    266.903    -0.007
140.744    265.404    -0.007
140.786    263.905    -0.007
140.828    262.405    -0.007
140.869    260.906    -0.007
140.911    259.407    -0.007
140.951    257.907    -0.007
140.992    256.408    -0.007
141.033    254.909    -0.007
141.079    253.409    -0.007
141.128    251.910    -0.007
141.178    250.411    -0.006
141.227    248.912    -0.006
141.265    247.413    -0.006
141.302    245.913    -0.006
141.340    244.414    -0.006
141.382    242.914    -0.006
141.423    241.415    -0.006
141.464    239.916    -0.006
141.508    238.418    -0.006
141.552    236.918    -0.006
141.597    235.419    -0.006
141.641    233.920    -0.006
141.688    232.421    -0.006
141.734    230.921    -0.006
141.779    229.422    -0.006
141.824    227.923    -0.006
141.870    226.424    -0.006
141.916    224.924    -0.006
141.958    223.425    -0.006
141.999    221.926    -0.005
142.039    220.426    -0.005
142.081    218.927    -0.005
142.127    217.428    -0.005
142.174    215.929    -0.005
142.221    214.430    -0.005
142.260    212.930    -0.005
142.299    211.431    -0.005
142.337    209.931    -0.005
142.381    208.432    -0.005
142.428    206.933    -0.005
142.476    205.434    -0.005
142.522    203.935    -0.005
142.566    202.435    -0.005
142.610    200.936    -0.005
142.654    199.437    -0.005
142.692    197.937    -0.005
142.728    196.438    -0.005
142.765    194.939    -0.005
142.800    193.439    -0.005
142.833    191.940    -0.004
142.866    190.440    -0.004
142.903    188.941    -0.004
142.952    187.441    -0.004
143.000    185.942    -0.004
143.050    184.443    -0.004
143.092    182.944    -0.004
143.134    181.446    -0.004
143.175    179.946    -0.004
143.218    178.447    -0.004
143.259    176.948    -0.004
143.301    175.448    -0.004
143.342    173.949    -0.004
143.386    172.450    -0.004
143.429    170.950    -0.004
143.472    169.451    -0.004
143.513    167.952    -0.004
143.553    166.452    -0.004
143.591    164.953    -0.004
143.630    163.454    -0.004
143.672    161.954    -0.004
143.713    160.455    -0.004
143.754    158.956    -0.004
143.793    157.456    -0.004
143.833    155.957    -0.004
143.872    154.458    -0.003
143.917    152.958    -0.003
143.969    151.459    -0.003
144.019    149.960    -0.003
144.068    148.461    -0.003
144.106    146.962    -0.003
144.145    145.462    -0.003
144.183    143.963    -0.003
144.227    142.464    -0.003
144.272    140.964    -0.003
144.317    139.465    -0.003
144.363    137.966    -0.003
144.410    136.467    -0.003
144.458    134.968    -0.003
144.503    133.468    -0.003
144.541    131.969    -0.003
144.580    130.470    -0.003
144.619    128.970    -0.003
144.660    127.471    -0.003
144.702    125.972    -0.003
144.744    124.472    -0.003
144.786    122.973    -0.003
144.828    121.474    -0.003
144.871    119.974    -0.003
144.916    118.475    -0.003
144.961    116.976    -0.003
145.005    115.477    -0.003
145.049    113.977    -0.003
145.094    112.479    -0.003
145.137    110.980    -0.003
145.180    109.481    -0.003
145.225    107.981    -0.003
145.268    106.482    -0.003
145.311    104.983    -0.003
145.354    103.483    -0.002
145.398    101.984    -0.002
145.440    100.485    -0.002
145.482    98.986    -0.002
145.524    97.486    -0.002
145.568    95.987    -0.002
145.610    94.488    -0.002
145.656    92.988    -0.002
145.703    91.489    -0.002
145.749    89.990    -0.002
145.790    88.491    -0.002
145.831    86.991    -0.002
145.872    85.492    -0.002
145.912    83.993    -0.002
145.953    82.493    -0.002
145.996    80.994    -0.002
146.039    79.495    -0.002
146.083    77.996    -0.002
146.126    76.496    -0.002
146.169    74.997    -0.002
146.210    73.498    -0.002
146.250    71.998    -0.002
146.291    70.499    -0.002
146.333    69.000    -0.002
146.376    67.500    -0.002
146.419    66.001    -0.002
146.463    64.502    -0.002
146.506    63.003    -0.002
146.546    61.503    -0.002
146.585    60.004    -0.002
146.625    58.504    -0.002
146.664    57.005    -0.002
146.692    55.505    -0.002
146.718    54.006    -0.002
146.744    52.506    -0.002
146.769    51.006    -0.002
146.783    49.506    -0.002
146.793    48.007    -0.002
146.802    46.507    -0.002
146.809    45.007    -0.002
146.816    43.507    -0.002
146.824    42.008    -0.002
146.827    40.508    -0.002
146.823    39.008    -0.002
146.819    37.508    -0.002
146.798    35.908    -0.002
146.765    34.409    -0.002
146.728    32.910    -0.002
146.681    31.410    -0.002
146.605    29.912    -0.002
146.511    28.416    -0.002
146.396    26.820    -0.002
146.255    25.326    -0.002
146.108    23.833    -0.002
145.945    22.343    -0.002
145.772    20.853    -0.002
145.582    19.365    -0.002
145.356    17.782    -0.002
145.131    16.299    -0.002
144.892    14.818    -0.002
144.638    13.340    -0.002
144.345    11.768    -0.002
144.057    10.295    -0.002
143.766    8.823    -0.002
143.461    7.355    -0.002
143.140    5.890    -0.002
142.752    4.338    -0.002
142.365    2.889    -0.002
141.938    1.451    -0.002
141.471    -0.078    -0.002
141.012    -1.506    -0.002
140.521    -2.924    -0.002
139.968    -4.425    -0.002
139.432    -5.825    -0.002
138.852    -7.209    -0.002
138.215    -8.677    -0.002
137.648    -9.956    -0.001
136.956    -11.398    -0.001
136.224    -12.821    -0.001
135.531    -14.151    -0.001
134.816    -15.469    -0.001
134.015    -16.854    -0.001
133.239    -18.137    -0.001
132.428    -19.399    -0.001
131.512    -20.711    -0.001
130.644    -21.933    -0.001
129.649    -23.186    -0.001
128.644    -24.431    -0.001
127.652    -25.555    -0.001
126.660    -26.681    -0.001
125.561    -27.843    -0.001
124.430    -28.974    -0.001
123.342    -30.007    -0.001
122.237    -31.021    -0.001
121.103    -32.002    -0.001
119.854    -33.000    -0.001
118.660    -33.909    -0.001
117.468    -34.820    -0.001
116.149    -35.724    -0.001
114.804    -36.591    -0.001
113.440    -37.424    -0.001
112.047    -38.211    -0.001
110.712    -38.893    -0.001
109.355    -39.534    -0.001
107.900    -40.199    -0.001
106.503    -40.746    -0.001
105.004    -41.304    -0.001
103.496    -41.839    -0.001
102.066    -42.288    -0.001
100.526    -42.719    -0.001
99.071    -43.087    -0.001
97.510    -43.437    -0.001
96.035    -43.710    -0.001
94.453    -43.944    -0.001
92.967    -44.142    -0.001
91.475    -44.294    -0.001
89.780    -44.416    -0.001
88.280    -44.421    -0.001
86.681    -44.402    -0.001
85.181    -44.366    -0.001
83.586    -44.250    -0.001
82.091    -44.130    -0.001
80.600    -43.971    -0.001
79.111    -43.791    -0.001
77.525    -43.576    -0.001
76.050    -43.308    -0.001
74.384    -42.972    -0.001
72.932    -42.596    -0.001
71.398    -42.144    -0.001
69.972    -41.678    -0.001
68.560    -41.174    -0.001
67.080    -40.568    -0.000
65.706    -39.966    -0.000
64.243    -39.321    -0.000
62.887    -38.679    -0.000
61.538    -38.022    -0.000
60.195    -37.357    -0.000
58.851    -36.690    -0.000
57.508    -36.023    -0.000
56.084    -35.292    -0.000
54.842    -34.647    -0.000
53.510    -33.957    -0.000
52.090    -33.220    -0.000
50.760    -32.527    -0.000
49.519    -31.880    -0.000
48.189    -31.187    -0.000
46.770    -30.447    -0.000
45.529    -29.799    -0.000
44.110    -29.059    -0.000
42.782    -28.363    -0.000
41.457    -27.661    -0.000
40.131    -26.959    -0.000
38.733    -25.996    -0.000
37.517    -25.117    -0.000
36.301    -24.239    -0.000
35.086    -23.360    -0.000
33.871    -22.481    -0.000
32.656    -21.602    -0.000
31.440    -20.724    -0.000
30.225    -19.845    -0.000
29.009    -18.966    -0.000
27.793    -18.088    -0.000
26.578    -17.208    -0.000
25.363    -16.329    -0.000
24.148    -15.450    -0.000
22.931    -14.572    -0.000
21.715    -13.695    -0.000
20.437    -12.734    -0.000
19.389    -12.152    -0.000
18.147    -11.507    -0.000
16.728    -10.770    -0.000
15.485    -10.124    -0.000
14.155    -9.432    -0.000
12.737    -8.689    -0.000
11.498    -8.038    -0.000
10.171    -7.340    -0.000
8.755    -6.595    -0.000
7.515    -5.944    -0.000
6.100    -5.200    -0.000
4.773    -4.501    -0.000
3.446    -3.801    -0.000
2.118    -3.102    -0.000
0.792    -2.403    -0.000
