1.146    1.344    -0.000
-0.051    2.071    -0.000
-0.989    2.819    -0.000
-1.673    3.546    -0.000
-2.381    4.635    -0.000
-2.787    5.546    -0.000
-3.092    6.496    -0.000
-3.234    7.685    -0.000
-3.253    8.884    -0.000
-2.998    10.055    -0.000
-2.926    10.241    -0.000
-2.296    11.602    -0.000
-1.719    12.766    -0.000
-0.965    14.177    -0.000
-0.268    15.506    -0.000
0.429    16.834    -0.000
1.125    18.162    -0.000
1.822    19.491    -0.000
2.518    20.819    -0.000
3.215    22.148    -0.000
3.911    23.477    -0.000
4.606    24.805    -0.000
5.302    26.133    -0.000
5.994    27.464    -0.000
6.684    28.796    -0.000
7.378    30.125    -0.000
8.077    31.453    -0.000
8.776    32.780    -0.000
9.474    34.108    -0.000
10.172    35.434    -0.000
10.871    36.762    -0.000
11.570    38.089    -0.000
12.268    39.416    -0.000
12.967    40.743    -0.000
13.666    42.071    -0.000
14.365    43.397    -0.000
15.063    44.725    -0.000
15.762    46.052    -0.000
16.461    47.379    -0.000
17.160    48.706    -0.000
17.858    50.034    -0.000
18.557    51.361    -0.000
19.255    52.688    -0.000
19.954    54.016    -0.000
20.652    55.343    -0.000
21.351    56.670    -0.000
22.050    57.997    -0.000
22.749    59.325    -0.000
23.448    60.651    -0.000
24.141    61.982    -0.000
24.831    63.314    -0.000
25.482    64.552    -0.000
26.237    65.963    -0.000
26.896    67.198    -0.000
27.650    68.609    -0.000
28.309    69.845    -0.000
29.063    71.256    -0.000
29.767    72.579    -0.000
30.470    73.904    -0.001
31.159    75.237    -0.001
31.840    76.573    -0.001
32.539    77.900    -0.001
33.241    79.225    -0.001
33.932    80.557    -0.001
34.624    81.888    -0.001
35.314    83.219    -0.001
36.006    84.550    -0.001
36.697    85.881    -0.001
37.389    87.212    -0.001
38.081    88.543    -0.001
38.772    89.874    -0.001
39.463    91.205    -0.001
40.154    92.536    -0.001
40.846    93.867    -0.001
41.537    95.198    -0.001
42.229    96.529    -0.001
42.920    97.860    -0.001
43.611    99.191    -0.001
44.303    100.522    -0.001
44.954    101.761    -0.001
45.671    103.079    -0.001
46.384    104.398    -0.001
47.136    105.811    -0.001
47.835    107.137    -0.001
48.534    108.464    -0.001
49.233    109.792    -0.001
49.932    111.118    -0.001
50.631    112.446    -0.001
51.328    113.774    -0.001
52.022    115.103    -0.001
52.716    116.433    -0.001
53.398    117.768    -0.001
54.082    119.104    -0.001
54.748    120.334    -0.001
55.493    121.861    -0.001
56.110    123.228    -0.001
56.728    124.595    -0.001
57.305    125.871    -0.002
57.956    127.222    -0.002
58.605    128.574    -0.002
59.250    129.928    -0.002
59.895    131.283    -0.002
60.539    132.637    -0.002
61.224    134.082    -0.002
61.863    135.440    -0.002
62.497    136.799    -0.002
63.118    138.164    -0.002
63.739    139.529    -0.002
64.361    140.894    -0.002
64.957    142.270    -0.002
65.547    143.649    -0.002
66.132    145.030    -0.002
66.715    146.412    -0.002
67.299    147.794    -0.002
67.894    149.170    -0.002
68.513    150.646    -0.002
69.047    152.047    -0.002
69.581    153.449    -0.002
70.116    154.850    -0.002
70.637    156.256    -0.002
71.144    157.668    -0.002
71.651    159.080    -0.002
72.172    160.486    -0.002
72.693    161.893    -0.002
73.233    163.398    -0.003
73.704    164.822    -0.003
74.165    166.249    -0.003
74.594    167.687    -0.003
75.023    169.124    -0.003
75.453    170.560    -0.003
75.900    172.097    -0.003
76.288    173.546    -0.003
76.676    174.995    -0.003
77.064    176.443    -0.003
77.452    177.892    -0.003
77.811    179.349    -0.003
78.160    180.807    -0.003
78.509    182.469    -0.003
78.722    183.954    -0.003
78.937    185.438    -0.003
79.133    186.925    -0.003
79.305    188.415    -0.003
79.477    189.905    -0.003
79.594    191.600    -0.003
79.667    193.098    -0.003
79.741    194.596    -0.003
79.814    196.094    -0.004
79.881    197.593    -0.004
79.916    199.092    -0.004
79.953    200.591    -0.004
79.990    202.091    -0.004
80.026    203.590    -0.004
80.035    205.090    -0.004
80.040    206.590    -0.004
80.045    208.090    -0.004
80.050    209.590    -0.004
80.054    211.090    -0.004
80.058    212.590    -0.004
80.063    214.089    -0.004
80.067    215.589    -0.004
80.072    217.089    -0.004
80.076    218.589    -0.004
80.081    220.089    -0.004
80.085    221.588    -0.004
80.090    223.089    -0.004
80.095    224.588    -0.004
80.098    226.089    -0.005
80.103    227.588    -0.005
80.221    228.882    -0.005
80.394    230.472    -0.005
80.549    231.964    -0.005
80.693    233.457    -0.005
80.836    234.950    -0.005
80.979    236.443    -0.005
81.123    237.936    -0.005
81.267    239.429    -0.005
81.412    240.922    -0.005
81.557    242.415    -0.005
81.703    243.908    -0.005
81.848    245.400    -0.005
81.993    246.893    -0.005
82.144    248.385    -0.005
82.296    249.878    -0.005
82.447    251.370    -0.006
82.602    252.962    -0.006
82.672    254.361    -0.006
82.695    256.059    -0.006
82.663    257.558    -0.006
82.633    259.058    -0.006
82.606    260.557    -0.006
82.577    262.057    -0.006
82.547    263.557    -0.006
82.516    265.056    -0.006
82.485    266.556    -0.006
82.455    268.055    -0.006
82.422    269.555    -0.006
82.375    271.054    -0.006
82.329    272.553    -0.006
82.293    274.053    -0.006
82.257    275.552    -0.007
82.222    277.052    -0.007
82.187    278.551    -0.007
82.147    280.050    -0.007
82.106    281.550    -0.007
82.066    283.049    -0.007
82.026    284.548    -0.007
81.985    286.048    -0.007
81.944    287.547    -0.007
81.901    289.046    -0.007
81.858    290.546    -0.007
81.814    292.045    -0.007
81.771    293.544    -0.007
81.728    295.043    -0.007
81.685    296.543    -0.007
81.642    298.042    -0.008
81.599    299.541    -0.008
81.556    301.041    -0.008
81.512    302.540    -0.008
81.469    304.039    -0.008
81.427    305.538    -0.008
81.384    307.038    -0.008
81.338    308.537    -0.008
81.297    310.036    -0.008
81.261    311.536    -0.008
81.224    313.035    -0.008
81.188    314.535    -0.008
81.152    316.034    -0.008
81.115    317.533    -0.008
81.078    319.033    -0.009
81.042    320.532    -0.009
81.006    322.032    -0.009
80.969    323.531    -0.009
80.932    325.031    -0.009
80.896    326.530    -0.009
80.860    328.030    -0.009
80.823    329.529    -0.009
80.786    331.028    -0.009
80.750    332.528    -0.009
80.713    334.027    -0.009
80.677    335.527    -0.009
80.641    337.026    -0.009
80.604    338.526    -0.010
80.567    340.025    -0.010
80.531    341.524    -0.010
80.495    343.024    -0.010
80.459    344.523    -0.010
80.421    346.023    -0.010
80.385    347.522    -0.010
80.349    349.022    -0.010
80.312    350.521    -0.010
80.276    352.021    -0.010
80.239    353.520    -0.010
80.203    355.019    -0.010
80.166    356.519    -0.010
80.130    358.018    -0.011
80.094    359.518    -0.011
80.056    361.017    -0.011
80.020    362.517    -0.011
79.984    364.016    -0.011
79.948    365.515    -0.011
79.913    367.015    -0.011
79.873    368.514    -0.011
79.832    370.014    -0.011
79.790    371.513    -0.011
79.749    373.012    -0.011
79.709    374.512    -0.012
79.668    376.011    -0.012
79.626    377.510    -0.012
79.586    379.010    -0.012
79.546    380.509    -0.012
79.506    382.008    -0.012
79.465    383.508    -0.012
79.425    385.007    -0.012
79.385    386.506    -0.012
79.344    388.006    -0.012
79.304    389.505    -0.012
79.264    391.004    -0.013
79.224    392.504    -0.013
79.183    394.003    -0.013
79.143    395.502    -0.013
79.103    397.002    -0.013
79.062    398.501    -0.013
79.022    399.999    -0.013
78.983    401.499    -0.013
78.943    402.998    -0.013
78.902    404.498    -0.013
78.853    405.997    -0.013
78.805    407.496    -0.014
78.757    408.995    -0.014
78.709    410.494    -0.014
78.661    411.993    -0.014
78.613    413.492    -0.014
78.564    414.992    -0.014
78.517    416.491    -0.014
78.469    417.990    -0.014
78.421    419.489    -0.014
78.372    420.988    -0.014
78.324    422.487    -0.015
78.276    423.987    -0.015
78.148    425.581    -0.015
78.039    427.077    -0.015
77.957    428.474    -0.015
77.876    429.971    -0.015
77.794    431.469    -0.015
77.711    432.967    -0.015
77.629    434.464    -0.015
77.548    435.962    -0.015
77.466    437.460    -0.016
77.384    438.958    -0.016
77.302    440.455    -0.016
77.221    441.952    -0.016
77.139    443.451    -0.016
77.057    444.948    -0.016
76.975    446.445    -0.016
76.895    447.944    -0.016
76.815    449.441    -0.016
76.734    450.939    -0.016
76.654    452.437    -0.017
76.575    453.934    -0.017
76.495    455.432    -0.017
76.414    456.930    -0.017
76.334    458.428    -0.017
76.254    459.925    -0.017
76.175    461.424    -0.017
76.094    462.921    -0.017
76.014    464.418    -0.017
75.934    465.917    -0.018
75.855    467.414    -0.018
75.774    468.912    -0.018
75.694    470.410    -0.018
75.601    472.007    -0.018
75.516    473.404    -0.018
75.397    474.999    -0.018
75.276    476.494    -0.018
75.152    477.989    -0.018
75.024    479.483    -0.019
74.887    480.977    -0.019
74.732    482.469    -0.019
74.558    484.059    -0.019
74.356    485.545    -0.019
74.154    487.032    -0.019
73.872    488.606    -0.019
73.570    490.075    -0.019
73.226    491.637    -0.019
72.853    493.090    -0.020
72.401    494.727    -0.020
71.953    496.159    -0.020
71.497    497.588    -0.020
71.019    499.010    -0.020
70.452    500.611    -0.020
69.858    501.989    -0.020
69.266    503.366    -0.020
68.576    504.809    -0.020
67.913    506.155    -0.021
67.200    507.474    -0.021
66.423    508.872    -0.021
65.662    510.165    -0.021
64.840    511.538    -0.021
64.059    512.819    -0.021
63.280    514.100    -0.021
62.397    515.434    -0.021
61.558    516.677    -0.021
60.719    517.920    -0.021
59.836    519.133    -0.021
58.951    520.343    -0.022
57.961    521.601    -0.022
57.029    522.774    -0.022
55.995    523.996    -0.022
55.026    525.141    -0.022
53.984    526.355    -0.022
52.945    527.437    -0.022
51.907    528.519    -0.022
50.773    529.647    -0.022
49.693    530.687    -0.022
48.533    531.789    -0.022
47.486    532.719    -0.022
46.291    533.782    -0.023
45.048    534.790    -0.023
43.874    535.723    -0.023
42.689    536.643    -0.023
41.408    537.600    -0.023
40.188    538.472    -0.023
38.959    539.332    -0.023
37.713    540.167    -0.023
36.467    541.002    -0.023
35.107    541.844    -0.023
33.732    542.663    -0.023
32.430    543.408    -0.023
31.017    544.155    -0.023
29.681    544.839    -0.023
28.346    545.521    -0.023
26.894    546.192    -0.024
25.521    546.798    -0.024
24.043    547.407    -0.024
22.637    547.929    -0.024
21.231    548.451    -0.024
19.831    548.987    -0.024
18.326    549.530    -0.024
16.899    549.993    -0.024
15.472    550.454    -0.024
14.045    550.918    -0.024
12.614    551.367    -0.024
11.177    551.792    -0.024
9.642    552.246    -0.024
8.204    552.671    -0.024
6.967    553.071    -0.024
5.457    553.600    -0.024
4.136    554.063    -0.024
2.842    554.597    -0.024
1.564    555.165    -0.024
0.206    555.804    -0.024
-1.033    556.454    -0.024
-2.255    557.136    -0.024
-3.545    557.903    -0.024
-4.738    558.634    -0.025
-5.988    559.462    -0.025
-7.116    560.290    -0.025
-8.299    561.211    -0.025
-9.476    562.142    -0.025
-10.479    562.967    -0.025
-11.596    563.969    -0.025
-12.630    564.912    -0.025
-13.689    565.973    -0.025
-14.658    566.983    -0.025
-15.673    568.088    -0.025
-16.564    569.167    -0.025
-17.506    570.335    -0.026
-18.415    571.527    -0.026
-19.245    572.655    -0.026
-20.054    573.797    -0.026
-20.846    575.070    -0.026
-21.581    576.261    -0.026
-22.356    577.546    -0.026
-23.018    578.780    -0.026
-23.712    580.109    -0.027
-24.313    581.373    -0.027
-24.939    582.736    -0.027
-25.460    584.036    -0.027
-25.979    585.335    -0.027
-26.506    586.740    -0.027
-27.067    588.238    -0.027
-27.430    589.485    -0.027
-27.839    590.929    -0.028
-28.185    592.285    -0.028
-28.557    593.739    -0.028
-28.815    595.114    -0.028
-29.039    596.496    -0.028
-29.223    597.883    -0.028
-29.385    599.374    -0.028
-29.524    600.867    -0.028
-29.628    602.263    -0.029
-29.711    603.761    -0.029
-29.783    605.259    -0.029
-29.835    606.758    -0.029
-29.886    608.257    -0.029
-29.939    609.756    -0.029
-29.988    611.256    -0.029
-30.030    612.755    -0.030
-30.072    614.254    -0.030
-30.114    615.753    -0.030
-30.155    617.253    -0.030
-30.196    618.752    -0.030
-30.239    620.251    -0.030
-30.280    621.750    -0.030
-30.321    623.249    -0.031
-30.363    624.748    -0.031
-30.405    626.248    -0.031
-30.447    627.747    -0.031
-30.489    629.246    -0.031
-30.532    630.746    -0.031
-30.574    632.245    -0.032
-30.615    633.744    -0.032
-30.657    635.243    -0.032
-30.700    636.743    -0.032
-30.742    638.242    -0.032
-30.784    639.741    -0.032
-30.827    641.241    -0.032
-30.869    642.740    -0.033
-30.911    644.239    -0.033
-30.953    645.739    -0.033
-30.996    647.238    -0.033
-31.038    648.737    -0.033
-31.080    650.236    -0.033
-31.122    651.736    -0.033
-31.165    653.235    -0.034
-31.207    654.734    -0.034
-31.249    656.234    -0.034
-31.292    657.733    -0.034
-31.334    659.232    -0.034
-31.376    660.732    -0.034
-31.418    662.231    -0.035
-31.454    663.630    -0.035
-31.481    665.130    -0.035
-31.509    666.730    -0.035
-31.536    668.229    -0.035
-31.566    669.729    -0.035
-31.602    671.228    -0.036
-31.638    672.728    -0.036
-31.663    674.027    -0.036
-31.550    675.386    -0.036
-31.319    676.561    -0.036
-30.934    677.696    -0.036
-30.355    678.858    -0.036
-29.656    679.830    -0.036
-28.730    680.878    -0.037
-27.801    681.787    -0.037
-26.691    682.796    -0.037
-25.572    683.793    -0.037
-24.475    684.817    -0.037
-23.381    685.844    -0.037
-22.192    687.055    -0.037
-21.159    688.276    -0.037
-20.126    689.625    -0.037
-19.232    691.068    -0.038
-18.523    692.390    -0.038
-17.933    693.432    -0.038
-17.356    694.249    -0.038
-16.478    695.067    -0.038
-15.577    695.694    -0.038
-14.505    696.230    -0.038
-13.441    696.503    -0.038
-11.955    696.707    -0.038
-10.464    696.876    -0.038
-8.975    697.051    -0.038
-7.485    697.224    -0.038
-5.994    697.385    -0.038
-4.600    697.512    -0.038
-3.106    697.648    -0.038
-1.612    697.779    -0.038
-0.019    697.918    -0.038
1.474    698.073    -0.038
2.965    698.228    -0.038
4.457    698.384    -0.038
5.949    698.539    -0.038
7.441    698.689    -0.038
8.934    698.836    -0.038
10.426    698.983    -0.038
11.819    699.120    -0.038
13.312    699.266    -0.038
14.805    699.409    -0.038
16.299    699.552    -0.039
17.792    699.694    -0.039
19.285    699.837    -0.039
20.778    699.980    -0.039
22.370    700.134    -0.039
23.764    700.267    -0.039
25.257    700.410    -0.039
26.749    700.553    -0.039
28.244    700.689    -0.039
29.738    700.824    -0.039
31.231    700.960    -0.039
32.725    701.095    -0.039
34.219    701.231    -0.039
35.712    701.366    -0.039
37.208    701.482    -0.039
38.797    701.669    -0.039
40.378    701.906    -0.039
41.851    702.185    -0.039
43.045    702.271    -0.039
44.545    702.312    -0.039
46.044    702.358    -0.039
47.543    702.403    -0.039
49.042    702.449    -0.039
50.541    702.494    -0.039
52.041    702.538    -0.039
53.540    702.580    -0.039
55.039    702.623    -0.039
56.539    702.665    -0.039
58.038    702.707    -0.039
59.537    702.750    -0.039
61.036    702.793    -0.039
62.536    702.824    -0.039
64.036    702.855    -0.039
65.535    702.883    -0.039
67.034    702.886    -0.039
68.535    702.889    -0.039
69.933    702.839    -0.039
71.432    702.775    -0.039
72.828    702.666    -0.039
74.322    702.540    -0.039
75.811    702.355    -0.039
77.190    702.122    -0.039
78.566    701.863    -0.039
80.032    701.546    -0.039
81.390    701.207    -0.039
82.834    700.801    -0.039
84.270    700.369    -0.039
85.497    699.944    -0.039
86.903    699.419    -0.039
88.200    698.896    -0.039
89.551    698.242    -0.039
90.806    697.622    -0.039
92.133    696.922    -0.039
93.361    696.251    -0.039
94.644    695.475    -0.039
95.921    694.689    -0.039
97.075    693.896    -0.039
98.216    693.087    -0.039
99.397    692.162    -0.038
100.484    691.281    -0.038
101.620    690.301    -0.038
102.659    689.362    -0.038
103.750    688.334    -0.038
104.742    687.347    -0.038
105.696    686.321    -0.038
106.687    685.195    -0.038
107.657    684.052    -0.038
108.598    682.884    -0.038
109.450    681.774    -0.037
110.284    680.649    -0.037
111.151    679.425    -0.037
111.996    678.187    -0.037
112.749    677.006    -0.037
113.547    675.737    -0.037
114.274    674.541    -0.037
114.996    673.225    -0.037
115.785    671.834    -0.037
116.363    670.671    -0.036
116.998    669.312    -0.036
117.622    667.948    -0.036
118.226    666.575    -0.036
118.765    665.284    -0.036
119.312    663.887    -0.036
119.822    662.477    -0.036
120.297    661.160    -0.036
120.747    659.729    -0.035
121.199    658.298    -0.035
121.649    656.868    -0.035
122.023    655.519    -0.035
122.423    654.073    -0.035
122.799    652.622    -0.035
123.154    651.165    -0.035
123.469    649.800    -0.034
123.805    648.339    -0.034
124.108    646.871    -0.034
124.373    645.394    -0.034
124.638    643.918    -0.034
124.849    642.533    -0.034
125.075    641.051    -0.034
125.286    639.566    -0.033
125.495    638.081    -0.033
125.689    636.594    -0.033
125.872    635.105    -0.033
126.023    633.713    -0.033
126.169    632.220    -0.033
126.308    630.727    -0.033
126.435    629.233    -0.032
126.555    627.737    -0.032
126.674    626.242    -0.032
126.774    624.746    -0.032
126.873    623.249    -0.032
126.972    621.753    -0.032
127.064    620.356    -0.032
127.121    618.857    -0.031
127.178    617.358    -0.031
127.235    615.859    -0.031
127.291    614.360    -0.031
127.339    612.861    -0.031
127.381    611.362    -0.031
127.423    609.863    -0.031
127.465    608.364    -0.030
127.507    606.865    -0.030
127.550    605.365    -0.030
127.591    603.866    -0.030
127.633    602.367    -0.030
127.674    600.868    -0.030
127.717    599.368    -0.030
127.759    597.869    -0.029
127.801    596.370    -0.029
127.844    594.870    -0.029
127.886    593.371    -0.029
127.928    591.872    -0.029
127.970    590.372    -0.029
128.012    588.873    -0.029
128.054    587.374    -0.028
128.096    585.874    -0.028
128.139    584.375    -0.028
128.181    582.876    -0.028
128.223    581.377    -0.028
128.265    579.877    -0.028
128.308    578.378    -0.028
128.350    576.879    -0.027
128.393    575.379    -0.027
128.435    573.880    -0.027
128.479    572.381    -0.027
128.521    570.882    -0.027
128.564    569.382    -0.027
128.607    567.883    -0.027
128.650    566.384    -0.027
128.692    564.884    -0.026
128.735    563.385    -0.026
128.778    561.886    -0.026
128.821    560.387    -0.026
128.863    558.887    -0.026
128.905    557.388    -0.026
128.946    555.889    -0.026
128.987    554.389    -0.025
129.028    552.890    -0.025
129.071    551.391    -0.025
129.112    549.891    -0.025
129.153    548.392    -0.025
129.194    546.893    -0.025
129.236    545.393    -0.025
129.277    543.894    -0.025
129.319    542.395    -0.024
129.361    540.895    -0.024
129.402    539.396    -0.024
129.443    537.897    -0.024
129.487    536.397    -0.024
129.546    534.899    -0.024
129.604    533.401    -0.024
129.638    531.901    -0.024
129.659    530.401    -0.023
129.694    528.902    -0.023
129.739    527.403    -0.023
129.780    525.903    -0.023
129.823    524.404    -0.023
129.872    523.005    -0.023
129.884    521.405    -0.023
129.935    519.806    -0.023
130.006    518.408    -0.022
130.089    516.811    -0.022
130.192    515.314    -0.022
130.303    513.818    -0.022
130.415    512.323    -0.022
130.526    510.827    -0.022
130.637    509.331    -0.022
130.759    507.837    -0.022
130.890    506.343    -0.022
131.022    504.848    -0.021
131.154    503.354    -0.021
131.285    501.860    -0.021
131.416    500.366    -0.021
131.551    498.872    -0.021
131.694    497.379    -0.021
131.837    495.886    -0.021
131.979    494.393    -0.021
132.122    492.900    -0.020
132.261    491.407    -0.020
132.400    489.913    -0.020
132.538    488.420    -0.020
132.676    486.926    -0.020
132.810    485.432    -0.020
132.941    483.938    -0.020
133.073    482.444    -0.020
133.206    480.950    -0.020
133.338    479.456    -0.019
133.478    477.963    -0.019
133.620    476.469    -0.019
133.760    474.976    -0.019
133.894    473.482    -0.019
134.028    471.989    -0.019
134.167    470.495    -0.019
134.309    469.002    -0.019
134.453    467.509    -0.019
134.596    466.016    -0.018
134.740    464.523    -0.018
134.884    463.030    -0.018
135.029    461.537    -0.018
135.156    460.043    -0.018
135.273    458.547    -0.018
135.383    457.152    -0.018
135.508    455.556    -0.018
135.610    454.160    -0.018
135.719    452.665    -0.018
135.829    451.169    -0.017
135.938    449.673    -0.017
136.048    448.176    -0.017
136.129    446.679    -0.017
136.196    445.181    -0.017
136.264    443.683    -0.017
136.346    442.185    -0.017
136.416    440.687    -0.017
136.479    439.289    -0.017
136.510    437.789    -0.017
136.541    436.290    -0.016
136.571    434.790    -0.016
136.625    433.191    -0.016
136.677    431.692    -0.016
136.712    430.293    -0.016
136.744    428.793    -0.016
136.780    427.294    -0.016
136.818    425.794    -0.016
136.856    424.295    -0.016
136.889    422.795    -0.016
136.930    421.196    -0.015
136.981    419.697    -0.015
137.033    418.198    -0.015
137.085    416.699    -0.015
137.148    415.200    -0.015
137.201    413.802    -0.015
137.217    412.302    -0.015
137.235    410.802    -0.015
137.281    409.203    -0.015
137.334    407.704    -0.015
137.387    406.205    -0.014
137.431    404.805    -0.014
137.469    403.306    -0.014
137.507    401.807    -0.014
137.546    400.307    -0.014
137.584    398.808    -0.014
137.616    397.308    -0.014
137.649    395.809    -0.014
137.682    394.309    -0.014
137.717    392.810    -0.014
137.753    391.310    -0.014
137.788    389.811    -0.013
137.824    388.311    -0.013
137.859    386.812    -0.013
137.894    385.312    -0.013
137.929    383.813    -0.013
137.978    382.214    -0.013
138.041    380.716    -0.013
138.103    379.217    -0.013
138.149    377.718    -0.013
138.194    376.219    -0.013
138.240    374.720    -0.013
138.269    373.320    -0.012
138.301    371.820    -0.012
138.331    370.321    -0.012
138.361    368.821    -0.012
138.395    367.322    -0.012
138.429    365.822    -0.012
138.463    364.323    -0.012
138.466    362.823    -0.012
138.436    361.424    -0.012
138.356    359.826    -0.012
138.332    358.326    -0.012
138.308    356.827    -0.012
138.269    355.327    -0.011
138.228    353.828    -0.011
138.184    352.429    -0.011
138.130    350.930    -0.011
138.075    349.431    -0.011
138.022    347.932    -0.011
137.968    346.434    -0.011
137.914    344.934    -0.011
137.860    343.435    -0.011
137.807    341.937    -0.011
137.754    340.437    -0.011
137.701    338.939    -0.011
137.648    337.439    -0.010
137.596    335.941    -0.010
137.542    334.442    -0.010
137.489    332.943    -0.010
137.436    331.444    -0.010
137.384    329.945    -0.010
137.331    328.446    -0.010
137.278    326.947    -0.010
137.225    325.448    -0.010
137.175    323.949    -0.010
137.125    322.450    -0.010
137.074    320.952    -0.010
137.024    319.452    -0.009
136.975    317.953    -0.009
136.924    316.454    -0.009
136.874    314.955    -0.009
136.824    313.456    -0.009
136.775    311.957    -0.009
136.719    310.458    -0.009
136.655    308.959    -0.009
136.591    307.460    -0.009
136.528    305.963    -0.009
136.464    304.464    -0.009
136.400    302.965    -0.009
136.356    301.466    -0.009
136.318    299.867    -0.009
136.318    298.367    -0.008
136.347    296.868    -0.008
136.384    295.368    -0.008
136.434    293.769    -0.008
136.483    292.270    -0.008
136.528    290.771    -0.008
136.573    289.271    -0.008
136.618    287.772    -0.008
136.662    286.273    -0.008
136.706    284.774    -0.008
136.751    283.274    -0.008
136.796    281.775    -0.008
136.841    280.276    -0.008
136.885    278.777    -0.008
136.931    277.278    -0.008
136.975    275.778    -0.007
137.017    274.379    -0.007
137.059    272.880    -0.007
137.100    271.380    -0.007
137.142    269.881    -0.007
137.184    268.382    -0.007
137.226    266.882    -0.007
137.268    265.383    -0.007
137.310    263.884    -0.007
137.352    262.385    -0.007
137.393    260.885    -0.007
137.435    259.386    -0.007
137.477    257.887    -0.007
137.519    256.387    -0.007
137.564    254.788    -0.007
137.603    253.389    -0.007
137.645    251.889    -0.006
137.687    250.390    -0.006
137.732    248.791    -0.006
137.774    247.292    -0.006
137.816    245.793    -0.006
137.859    244.294    -0.006
137.901    242.795    -0.006
137.940    241.395    -0.006
137.984    239.796    -0.006
138.027    238.297    -0.006
138.069    236.797    -0.006
138.111    235.298    -0.006
138.154    233.799    -0.006
138.196    232.299    -0.006
138.235    230.900    -0.006
138.278    229.301    -0.006
138.316    227.901    -0.006
138.358    226.402    -0.006
138.399    224.903    -0.005
138.442    223.303    -0.005
138.480    221.904    -0.005
138.524    220.305    -0.005
138.562    218.905    -0.005
138.603    217.406    -0.005
138.645    215.907    -0.005
138.688    214.307    -0.005
138.729    212.808    -0.005
138.773    211.309    -0.005
138.813    209.910    -0.005
138.856    208.410    -0.005
138.902    206.811    -0.005
138.945    205.312    -0.005
138.988    203.812    -0.005
139.031    202.313    -0.005
139.075    200.814    -0.005
139.115    199.415    -0.005
139.160    197.815    -0.005
139.203    196.316    -0.005
139.244    194.917    -0.005
139.287    193.417    -0.004
139.331    191.818    -0.004
139.370    190.419    -0.004
139.415    188.820    -0.004
139.454    187.420    -0.004
139.498    185.821    -0.004
139.537    184.422    -0.004
139.580    182.922    -0.004
139.622    181.423    -0.004
139.667    179.824    -0.004
139.705    178.424    -0.004
139.750    176.825    -0.004
139.789    175.426    -0.004
139.831    173.926    -0.004
139.874    172.427    -0.004
139.918    170.828    -0.004
139.957    169.428    -0.004
139.999    167.929    -0.004
140.042    166.430    -0.004
140.087    164.831    -0.004
140.127    163.431    -0.004
140.169    161.932    -0.004
140.212    160.433    -0.004
140.257    158.833    -0.004
140.297    157.434    -0.003
140.343    155.835    -0.003
140.383    154.436    -0.003
140.428    152.837    -0.003
140.472    151.338    -0.003
140.512    149.939    -0.003
140.554    148.439    -0.003
140.600    146.840    -0.003
140.640    145.441    -0.003
140.687    143.842    -0.003
140.731    142.342    -0.003
140.776    140.843    -0.003
140.820    139.344    -0.003
140.864    137.845    -0.003
140.905    136.445    -0.003
140.952    134.846    -0.003
140.996    133.347    -0.003
141.040    131.848    -0.003
141.085    130.348    -0.003
141.129    128.849    -0.003
141.170    127.450    -0.003
141.216    125.851    -0.003
141.261    124.351    -0.003
141.305    122.852    -0.003
141.349    121.353    -0.003
141.394    119.854    -0.003
141.434    118.454    -0.003
141.481    116.855    -0.003
141.523    115.456    -0.003
141.566    113.956    -0.003
141.609    112.457    -0.003
141.654    110.858    -0.003
141.694    109.459    -0.003
141.740    107.859    -0.002
141.780    106.460    -0.002
141.825    104.861    -0.002
141.865    103.461    -0.002
141.911    101.862    -0.002
141.951    100.463    -0.002
141.996    98.864    -0.002
142.036    97.464    -0.002
142.082    95.865    -0.002
142.122    94.466    -0.002
142.166    92.866    -0.002
142.205    91.467    -0.002
142.247    89.968    -0.002
142.288    88.468    -0.002
142.333    86.869    -0.002
142.372    85.470    -0.002
142.413    83.970    -0.002
142.454    82.471    -0.002
142.499    80.873    -0.002
142.538    79.473    -0.002
142.579    77.974    -0.002
142.620    76.475    -0.002
142.665    74.876    -0.002
142.706    73.376    -0.002
142.743    71.977    -0.002
142.783    70.477    -0.002
142.823    68.978    -0.002
142.862    67.479    -0.002
142.901    65.979    -0.002
142.941    64.480    -0.002
142.981    62.981    -0.002
143.013    61.481    -0.002
143.043    59.982    -0.002
143.072    58.482    -0.002
143.103    56.982    -0.002
143.132    55.483    -0.002
143.161    53.983    -0.002
143.191    52.484    -0.002
143.221    50.984    -0.002
143.250    49.484    -0.002
143.266    47.984    -0.002
143.281    46.484    -0.002
143.295    44.984    -0.002
143.298    43.484    -0.002
143.298    41.985    -0.002
143.296    40.485    -0.002
143.284    38.985    -0.002
143.266    37.485    -0.002
143.246    35.986    -0.002
143.215    34.487    -0.002
143.175    33.087    -0.002
143.107    31.588    -0.002
143.017    30.091    -0.002
142.917    28.594    -0.002
142.815    27.099    -0.002
142.711    25.602    -0.002
142.559    24.211    -0.002
142.391    22.720    -0.002
142.216    21.230    -0.002
142.030    19.743    -0.002
141.852    18.354    -0.002
141.637    16.869    -0.002
141.404    15.388    -0.002
141.156    13.909    -0.002
140.917    12.529    -0.002
140.626    11.058    -0.002
140.329    9.588    -0.002
140.021    8.120    -0.002
139.665    6.664    -0.002
139.297    5.209    -0.002
138.940    3.856    -0.002
138.511    2.419    -0.002
138.074    0.984    -0.001
137.659    -0.354    -0.001
137.202    -1.782    -0.001
136.680    -3.189    -0.001
136.170    -4.492    -0.001
135.612    -5.884    -0.001
135.015    -7.261    -0.001
134.443    -8.537    -0.001
133.773    -9.879    -0.001
133.098    -11.218    -0.001
132.430    -12.448    -0.001
131.703    -13.760    -0.001
130.996    -14.969    -0.001
130.211    -16.247    -0.001
129.443    -17.417    -0.001
128.591    -18.651    -0.001
127.700    -19.857    -0.001
126.869    -20.984    -0.001
125.907    -22.135    -0.001
125.006    -23.206    -0.001
124.021    -24.337    -0.001
123.083    -25.376    -0.001
122.020    -26.434    -0.001
121.025    -27.419    -0.001
119.914    -28.426    -0.001
118.847    -29.332    -0.001
117.756    -30.208    -0.001
116.548    -31.098    -0.001
115.320    -31.960    -0.001
114.079    -32.800    -0.001
112.904    -33.560    -0.001
111.628    -34.349    -0.001
110.403    -35.027    -0.001
109.163    -35.673    -0.001
107.803    -36.307    -0.001
106.529    -36.885    -0.001
105.137    -37.446    -0.001
103.825    -37.931    -0.001
102.406    -38.419    -0.001
100.976    -38.872    -0.001
99.622    -39.228    -0.001
98.264    -39.563    -0.001
96.799    -39.887    -0.001
95.426    -40.158    -0.001
93.946    -40.399    -0.001
92.558    -40.585    -0.001
91.165    -40.716    -0.001
89.669    -40.814    -0.001
88.269    -40.858    -0.001
86.769    -40.871    -0.001
85.270    -40.831    -0.001
83.871    -40.788    -0.001
82.375    -40.685    -0.001
80.981    -40.554    -0.001
79.492    -40.375    -0.001
78.111    -40.156    -0.001
76.640    -39.862    -0.001
75.275    -39.550    -0.001
73.922    -39.191    -0.001
72.575    -38.809    -0.001
71.156    -38.328    -0.001
69.742    -37.824    -0.000
68.438    -37.317    -0.000
67.052    -36.743    -0.000
65.772    -36.177    -0.000
64.410    -35.549    -0.000
63.058    -34.899    -0.000
61.717    -34.227    -0.000
60.376    -33.555    -0.000
59.039    -32.876    -0.000
57.702    -32.197    -0.000
56.365    -31.516    -0.000
55.037    -30.820    -0.000
53.709    -30.123    -0.000
52.381    -29.424    -0.000
51.054    -28.727    -0.000
49.814    -28.076    -0.000
48.487    -27.378    -0.000
47.158    -26.682    -0.000
45.740    -25.941    -0.000
44.412    -25.244    -0.000
43.176    -24.587    -0.000
41.760    -23.841    -0.000
40.768    -23.173    -0.000
39.563    -22.279    -0.000
38.347    -21.401    -0.000
37.124    -20.533    -0.000
35.903    -19.663    -0.000
34.680    -18.794    -0.000
33.457    -17.926    -0.000
32.235    -17.057    -0.000
31.012    -16.189    -0.000
29.785    -15.324    -0.000
28.557    -14.464    -0.000
27.328    -13.603    -0.000
26.100    -12.743    -0.000
24.872    -11.881    -0.000
23.644    -11.021    -0.000
22.415    -10.161    -0.000
21.086    -9.271    -0.000
19.826    -8.456    -0.000
18.425    -7.686    -0.000
17.096    -6.991    -0.000
15.767    -6.297    -0.000
14.438    -5.602    -0.000
13.108    -4.908    -0.000
11.779    -4.213    -0.000
10.450    -3.517    -0.000
9.121    -2.823    -0.000
7.789    -2.133    -0.000
6.456    -1.444    -0.000
5.123    -0.759    -0.000
3.789    -0.072    -0.000
2.460    0.622    -0.000
