-0.814    -1.557    -0.000
-2.140    -0.858    -0.000
-3.324    -0.325    -0.000
-4.472    0.013    -0.000
-5.561    0.128    -0.000
-6.861    0.092    -0.000
-8.347    -0.108    -0.000
-9.510    -0.397    -0.000
-10.730    -0.838    -0.000
-11.831    -1.315    -0.000
-12.947    -1.979    -0.000
-13.989    -2.756    -0.000
-15.119    -3.741    -0.000
-16.003    -4.694    -0.000
-16.795    -5.724    -0.000
-17.491    -6.701    -0.000
-18.239    -8.001    -0.000
-18.950    -9.321    -0.000
-19.648    -10.648    -0.000
-20.348    -11.975    -0.000
-20.997    -13.215    -0.000
-21.691    -14.545    -0.000
-22.432    -15.964    -0.000
-23.128    -17.292    -0.000
-23.826    -18.620    -0.000
-24.477    -19.859    -0.000
-25.222    -21.274    -0.000
-25.919    -22.602    -0.000
-26.617    -23.930    -0.000
-27.315    -25.257    -0.000
-28.013    -26.585    -0.000
-28.711    -27.913    -0.000
-29.409    -29.241    -0.000
-30.107    -30.568    -0.000
-30.805    -31.896    -0.000
-31.502    -33.224    -0.000
-32.201    -34.551    -0.000
-32.899    -35.878    -0.000
-33.549    -37.117    -0.000
-34.246    -38.446    -0.000
-34.988    -39.864    -0.000
-35.638    -41.103    -0.000
-36.381    -42.520    -0.000
-37.077    -43.849    -0.000
-37.773    -45.177    -0.000
-38.469    -46.506    -0.000
-39.165    -47.835    -0.000
-39.860    -49.163    -0.000
-40.557    -50.492    -0.000
-41.253    -51.821    -0.000
-41.949    -53.149    -0.000
-42.645    -54.478    -0.000
-43.341    -55.806    -0.000
-44.038    -57.134    -0.000
-44.736    -58.463    -0.000
-45.434    -59.790    -0.000
-46.130    -61.118    -0.000
-46.827    -62.446    -0.000
-47.525    -63.773    -0.000
-48.176    -65.013    -0.001
-48.874    -66.341    -0.001
-49.618    -67.757    -0.001
-50.315    -69.085    -0.001
-51.012    -70.413    -0.001
-51.710    -71.741    -0.001
-52.407    -73.069    -0.001
-53.104    -74.397    -0.001
-53.801    -75.724    -0.001
-54.499    -77.053    -0.001
-55.148    -78.293    -0.001
-55.843    -79.622    -0.001
-56.584    -81.040    -0.001
-57.233    -82.280    -0.001
-57.987    -83.691    -0.001
-58.697    -85.012    -0.001
-59.408    -86.333    -0.001
-60.153    -87.635    -0.001
-60.984    -89.002    -0.001
-61.776    -90.277    -0.001
-62.636    -91.624    -0.001
-63.467    -92.874    -0.001
-64.332    -94.099    -0.001
-65.201    -95.321    -0.001
-66.152    -96.607    -0.001
-67.080    -97.785    -0.001
-68.017    -98.956    -0.001
-69.047    -100.180    -0.001
-70.043    -101.301    -0.001
-71.137    -102.469    -0.001
-72.261    -103.606    -0.001
-73.452    -104.674    -0.001
-74.682    -105.695    -0.001
-75.951    -106.669    -0.001
-77.205    -107.493    -0.001
-78.664    -108.364    -0.001
-79.972    -109.098    -0.001
-81.273    -109.844    -0.001
-83.027    -110.558    -0.002
-84.442    -111.052    -0.002
-86.166    -111.566    -0.002
-87.740    -111.851    -0.002
-89.328    -112.039    -0.002
-91.121    -112.176    -0.002
-92.620    -112.139    -0.002
-94.316    -112.028    -0.002
-95.992    -111.759    -0.002
-97.554    -111.408    -0.002
-99.097    -110.990    -0.002
-100.606    -110.463    -0.002
-102.179    -109.820    -0.002
-103.464    -109.265    -0.002
-105.020    -108.584    -0.002
-106.356    -107.901    -0.002
-107.683    -107.200    -0.002
-109.132    -106.314    -0.002
-110.522    -105.336    -0.002
-111.796    -104.212    -0.002
-112.908    -103.207    -0.002
-114.082    -101.720    -0.002
-114.965    -100.509    -0.002
-115.849    -99.296    -0.002
-116.732    -98.084    -0.002
-117.615    -96.873    -0.002
-118.499    -95.660    -0.002
-119.382    -94.448    -0.002
-120.266    -93.236    -0.002
-121.149    -92.024    -0.002
-122.033    -90.811    -0.002
-122.917    -89.600    -0.002
-123.799    -88.387    -0.002
-124.681    -87.174    -0.002
-125.562    -85.959    -0.002
-126.442    -84.746    -0.002
-127.323    -83.531    -0.002
-128.204    -82.318    -0.002
-129.086    -81.104    -0.002
-129.966    -79.890    -0.002
-130.848    -78.677    -0.002
-131.733    -77.466    -0.002
-132.615    -76.253    -0.002
-133.500    -75.042    -0.002
-134.384    -73.830    -0.002
-135.267    -72.618    -0.002
-136.151    -71.407    -0.002
-137.033    -70.193    -0.002
-137.913    -68.979    -0.002
-138.793    -67.764    -0.002
-139.674    -66.549    -0.002
-140.542    -65.327    -0.002
-141.398    -64.095    -0.002
-142.280    -62.760    -0.002
-143.092    -61.500    -0.002
-143.893    -60.231    -0.002
-144.673    -58.950    -0.002
-145.423    -57.652    -0.002
-146.211    -56.259    -0.002
-146.938    -54.947    -0.002
-147.640    -53.622    -0.002
-148.322    -52.286    -0.002
-149.029    -50.851    -0.002
-149.662    -49.491    -0.002
-150.269    -48.119    -0.002
-150.894    -46.648    -0.002
-151.466    -45.261    -0.002
-152.047    -43.795    -0.002
-152.550    -42.470    -0.002
-153.098    -40.986    -0.002
-153.598    -39.519    -0.002
-154.064    -38.093    -0.002
-154.505    -36.659    -0.002
-154.931    -35.221    -0.002
-155.364    -33.681    -0.002
-155.738    -32.230    -0.002
-156.086    -30.771    -0.002
-156.419    -29.308    -0.002
-156.749    -27.743    -0.002
-157.039    -26.271    -0.002
-157.307    -24.795    -0.002
-157.564    -23.216    -0.002
-157.791    -21.734    -0.002
-157.985    -20.246    -0.002
-158.154    -18.756    -0.002
-158.307    -17.264    -0.002
-158.455    -15.671    -0.002
-158.573    -14.145    -0.002
-158.650    -12.646    -0.002
-158.717    -11.149    -0.002
-158.766    -9.561    -0.002
-158.778    -8.061    -0.002
-158.760    -6.562    -0.002
-158.727    -5.063    -0.002
-158.675    -3.464    -0.002
-158.602    -1.965    -0.002
-158.501    -0.469    -0.002
-158.368    1.025    -0.002
-158.228    2.519    -0.002
-158.060    4.109    -0.002
-157.876    5.597    -0.002
-157.663    7.083    -0.002
-157.403    8.660    -0.002
-157.149    10.139    -0.002
-156.878    11.614    -0.002
-156.566    13.081    -0.002
-156.241    14.545    -0.002
-155.875    16.103    -0.002
-155.505    17.557    -0.002
-155.076    19.097    -0.002
-154.649    20.535    -0.002
-154.210    21.969    -0.002
-153.760    23.400    -0.002
-153.286    24.823    -0.002
-152.745    26.328    -0.002
-152.220    27.734    -0.002
-151.675    29.131    -0.002
-151.107    30.520    -0.002
-150.480    31.991    -0.002
-149.877    33.364    -0.002
-149.245    34.724    -0.002
-148.541    36.161    -0.002
-147.923    37.417    -0.002
-147.191    38.840    -0.002
-146.483    40.161    -0.002
-145.702    41.558    -0.002
-144.941    42.851    -0.002
-144.168    44.135    -0.002
-143.384    45.414    -0.002
-142.524    46.763    -0.002
-141.700    48.016    -0.002
-140.844    49.248    -0.002
-139.973    50.468    -0.002
-139.032    51.763    -0.002
-138.129    52.959    -0.002
-137.211    54.146    -0.002
-136.274    55.317    -0.002
-135.313    56.469    -0.002
-134.344    57.613    -0.002
-133.283    58.811    -0.002
-132.199    59.988    -0.002
-131.169    61.078    -0.002
-130.123    62.153    -0.002
-129.063    63.213    -0.002
-127.987    64.258    -0.002
-126.903    65.296    -0.002
-125.726    66.379    -0.002
-124.607    67.377    -0.002
-123.393    68.419    -0.002
-122.236    69.373    -0.002
-121.070    70.317    -0.002
-119.894    71.248    -0.002
-118.693    72.147    -0.002
-117.407    73.098    -0.001
-116.190    73.974    -0.001
-114.956    74.827    -0.001
-113.709    75.660    -0.001
-112.366    76.530    -0.001
-111.095    77.326    -0.001
-109.806    78.094    -0.001
-108.508    78.843    -0.001
-107.114    79.630    -0.001
-105.802    80.356    -0.001
-104.477    81.058    -0.001
-103.137    81.732    -0.001
-101.789    82.390    -0.001
-100.340    83.068    -0.001
-98.878    83.718    -0.001
-97.494    84.294    -0.001
-96.109    84.871    -0.001
-94.715    85.425    -0.001
-93.317    85.969    -0.001
-91.921    86.516    -0.001
-90.518    87.049    -0.001
-89.138    87.633    -0.001
-87.858    88.201    -0.001
-86.496    88.831    -0.001
-85.246    89.459    -0.001
-83.920    90.161    -0.001
-82.617    90.903    -0.001
-81.409    91.610    -0.001
-80.126    92.386    -0.001
-78.943    93.135    -0.001
-77.698    93.971    -0.001
-76.465    94.825    -0.001
-75.333    95.648    -0.001
-74.139    96.557    -0.001
-72.968    97.493    -0.001
-71.890    98.387    -0.001
-70.760    99.373    -0.001
-69.651    100.382    -0.001
-68.624    101.335    -0.001
-67.572    102.404    -0.001
-66.535    103.487    -0.001
-65.573    104.504    -0.001
-64.565    105.614    -0.001
-63.583    106.748    -0.001
-62.689    107.824    -0.001
-61.757    109.000    -0.001
-60.914    110.117    -0.001
-60.035    111.333    -0.001
-59.175    112.561    -0.001
-58.343    113.809    -0.001
-57.590    114.989    -0.001
-56.819    116.275    -0.001
-56.121    117.489    -0.001
-55.412    118.811    -0.001
-54.747    120.081    -0.001
-54.081    121.423    -0.001
-53.439    122.779    -0.001
-52.881    124.062    -0.001
-52.310    125.449    -0.001
-51.794    126.751    -0.001
-51.257    128.220    -0.001
-50.792    129.541    -0.002
-50.326    130.966    -0.002
-49.918    132.305    -0.002
-49.527    133.752    -0.002
-49.168    135.209    -0.002
-48.817    136.666    -0.002
-48.511    138.033    -0.002
-48.234    139.405    -0.002
-48.003    140.887    -0.002
-47.787    142.371    -0.002
-47.601    143.860    -0.002
-47.456    145.251    -0.002
-47.330    146.746    -0.002
-47.243    148.143    -0.002
-47.165    149.741    -0.002
-47.085    151.139    -0.002
-47.124    152.537    -0.002
-47.186    154.036    -0.002
-47.278    155.533    -0.002
-47.381    157.029    -0.002
-47.526    158.421    -0.002
-47.710    159.910    -0.002
-47.901    161.297    -0.002
-48.135    162.778    -0.002
-48.406    164.254    -0.002
-48.678    165.728    -0.002
-48.983    167.095    -0.002
-49.311    168.455    -0.002
-49.725    169.897    -0.002
-50.138    171.338    -0.003
-50.588    172.664    -0.003
-51.079    174.082    -0.003
-51.578    175.496    -0.003
-52.077    176.911    -0.003
-52.631    178.196    -0.003
-53.230    179.570    -0.003
-53.830    180.945    -0.003
-54.439    182.205    -0.003
-55.111    183.546    -0.003
-55.791    184.883    -0.003
-56.428    186.129    -0.003
-57.146    187.447    -0.003
-57.825    188.671    -0.003
-58.628    189.937    -0.003
-59.431    191.204    -0.003
-60.234    192.471    -0.003
-61.051    193.728    -0.003
-61.874    194.983    -0.003
-62.696    196.237    -0.003
-63.519    197.492    -0.003
-64.293    198.658    -0.003
-65.185    199.986    -0.003
-65.968    201.146    -0.004
-66.809    202.388    -0.004
-67.649    203.631    -0.004
-68.488    204.874    -0.004
-69.379    206.202    -0.004
-70.216    207.447    -0.004
-70.996    208.610    -0.004
-71.832    209.854    -0.004
-72.671    211.098    -0.004
-73.512    212.340    -0.004
-74.353    213.582    -0.004
-75.194    214.823    -0.004
-76.035    216.066    -0.004
-76.873    217.309    -0.004
-77.711    218.554    -0.004
-78.549    219.797    -0.004
-79.387    221.042    -0.004
-80.226    222.285    -0.004
-81.064    223.529    -0.004
-81.957    224.856    -0.005
-82.740    226.017    -0.005
-83.578    227.261    -0.005
-84.472    228.587    -0.005
-85.254    229.749    -0.005
-86.092    230.992    -0.005
-86.930    232.237    -0.005
-87.823    233.564    -0.005
-88.605    234.725    -0.005
-89.442    235.969    -0.005
-90.280    237.214    -0.005
-91.168    238.544    -0.005
-91.957    239.820    -0.005
-92.746    241.095    -0.005
-93.536    242.370    -0.005
-94.362    243.740    -0.005
-95.083    245.055    -0.005
-95.787    246.379    -0.005
-96.507    247.808    -0.006
-97.166    249.155    -0.006
-97.784    250.522    -0.006
-98.472    252.076    -0.006
-99.005    253.478    -0.006
-99.538    254.880    -0.006
-100.026    256.298    -0.006
-100.527    257.817    -0.006
-100.957    259.254    -0.006
-101.365    260.801    -0.006
-101.715    262.259    -0.006
-102.038    263.723    -0.006
-102.346    265.191    -0.006
-102.611    266.769    -0.006
-102.819    268.254    -0.006
-103.017    269.741    -0.007
-103.194    271.331    -0.007
-103.338    272.824    -0.007
-103.464    274.318    -0.007
-103.540    275.917    -0.007
-103.604    277.414    -0.007
-103.626    279.014    -0.007
-103.623    280.514    -0.007
-103.598    282.013    -0.007
-103.501    283.610    -0.007
-103.377    285.105    -0.007
-103.217    286.696    -0.007
-103.028    288.185    -0.007
-102.796    289.767    -0.007
-102.525    291.242    -0.007
-102.188    292.806    -0.008
-101.852    294.268    -0.008
-101.495    295.724    -0.008
-101.058    297.263    -0.008
-100.617    298.697    -0.008
-100.148    300.121    -0.008
-99.626    301.633    -0.008
-99.103    303.039    -0.008
-98.532    304.533    -0.008
-97.953    305.917    -0.008
-97.288    307.372    -0.008
-96.632    308.720    -0.008
-95.952    310.057    -0.008
-95.245    311.380    -0.008
-94.527    312.697    -0.008
-93.810    314.014    -0.008
-93.096    315.333    -0.008
-92.322    316.733    -0.009
-91.641    317.957    -0.009
-90.948    319.286    -0.009
-90.284    320.631    -0.009
-89.671    321.890    -0.009
-89.036    323.248    -0.009
-88.427    324.620    -0.009
-87.831    325.995    -0.009
-87.293    327.288    -0.009
-86.730    328.677    -0.009
-86.186    330.075    -0.009
-85.692    331.491    -0.009
-85.253    332.820    -0.009
-84.826    334.258    -0.009
-84.447    335.605    -0.009
-84.076    337.058    -0.009
-83.743    338.520    -0.010
-83.452    339.890    -0.010
-83.163    341.362    -0.010
-82.906    342.839    -0.010
-82.699    344.224    -0.010
-82.493    345.709    -0.010
-82.349    347.102    -0.010
-82.216    348.595    -0.010
-82.085    350.090    -0.010
-81.990    351.586    -0.010
-81.914    353.084    -0.010
-81.894    354.484    -0.010
-81.869    355.984    -0.010
-81.879    357.384    -0.011
-81.931    358.882    -0.011
-81.979    360.281    -0.011
-82.093    361.877    -0.011
-82.200    363.273    -0.011
-82.353    364.765    -0.011
-82.524    366.255    -0.011
-82.717    367.641    -0.011
-82.952    369.122    -0.011
-83.207    370.600    -0.011
-83.459    371.977    -0.011
-83.774    373.444    -0.012
-84.107    374.906    -0.012
-84.458    376.364    -0.012
-84.829    377.715    -0.012
-85.235    379.158    -0.012
-85.654    380.494    -0.012
-86.101    381.925    -0.012
-86.599    383.340    -0.012
-87.112    384.749    -0.012
-87.625    386.158    -0.012
-88.151    387.455    -0.012
-88.725    388.733    -0.012
-89.351    390.096    -0.013
-89.999    391.449    -0.013
-90.617    392.704    -0.013
-91.348    394.013    -0.013
-92.076    395.325    -0.013
-92.790    396.529    -0.013
-93.574    397.808    -0.013
-94.371    399.078    -0.013
-95.130    400.255    -0.013
-95.962    401.502    -0.013
-96.829    402.726    -0.013
-97.672    403.844    -0.014
-98.576    405.041    -0.014
-99.494    406.226    -0.014
-100.426    407.402    -0.014
-101.313    408.485    -0.014
-102.272    409.638    -0.014
-103.268    410.889    -0.014
-104.191    412.072    -0.014
-105.099    413.266    -0.014
-105.981    414.479    -0.014
-106.905    415.786    -0.014
-107.744    417.028    -0.015
-108.570    418.280    -0.015
-109.420    419.635    -0.015
-110.200    420.916    -0.015
-110.985    422.310    -0.015
-111.694    423.632    -0.015
-112.415    425.060    -0.015
-113.064    426.412    -0.015
-113.692    427.773    -0.015
-114.279    429.154    -0.016
-114.884    430.634    -0.016
-115.428    432.032    -0.016
-115.970    433.537    -0.016
-116.443    434.961    -0.016
-116.896    436.495    -0.016
-117.282    437.944    -0.016
-117.649    439.399    -0.016
-117.989    440.859    -0.016
-118.322    442.321    -0.016
-118.610    443.895    -0.017
-118.867    445.474    -0.017
-119.067    446.961    -0.017
-119.253    448.550    -0.017
-119.397    450.043    -0.017
-119.508    451.638    -0.017
-119.570    453.136    -0.017
-119.595    454.736    -0.017
-119.587    456.236    -0.017
-119.558    457.735    -0.018
-119.493    459.333    -0.018
-119.386    460.830    -0.018
-119.243    462.423    -0.018
-119.072    463.913    -0.018
-118.874    465.400    -0.018
-118.644    466.983    -0.018
-118.356    468.455    -0.018
-118.061    469.925    -0.018
-117.753    471.393    -0.019
-117.370    472.947    -0.019
-116.963    474.494    -0.019
-116.518    475.925    -0.019
-116.060    477.353    -0.019
-115.530    478.863    -0.019
-115.022    480.274    -0.019
-114.443    481.765    -0.019
-113.865    483.149    -0.019
-113.286    484.533    -0.019
-112.632    485.883    -0.020
-111.925    487.319    -0.020
-111.221    488.642    -0.020
-110.448    490.042    -0.020
-109.686    491.334    -0.020
-108.906    492.616    -0.020
-108.094    493.876    -0.020
-107.211    495.210    -0.020
-106.364    496.447    -0.020
-105.483    497.662    -0.020
-104.516    498.936    -0.020
-103.597    500.121    -0.021
-102.653    501.287    -0.021
-101.629    502.516    -0.021
-100.629    503.634    -0.021
-99.623    504.746    -0.021
-98.608    505.851    -0.021
-97.592    506.954    -0.021
-96.583    508.064    -0.021
-95.584    509.181    -0.021
-94.608    510.322    -0.021
-93.715    511.399    -0.021
-92.775    512.567    -0.021
-91.862    513.758    -0.021
-91.321    514.477    -0.021
-90.542    515.640    -0.022
-89.652    516.968    -0.022
-88.814    518.212    -0.022
-88.032    519.373    -0.022
-87.194    520.617    -0.022
-86.524    521.847    -0.022
-85.812    523.166    -0.022
-85.098    524.486    -0.022
-84.499    525.638    -0.022
-83.923    527.023    -0.022
-83.347    528.408    -0.022
-82.773    529.794    -0.023
-82.224    531.189    -0.023
-81.674    532.585    -0.023
-81.226    533.911    -0.023
-80.761    535.337    -0.023
-80.295    536.762    -0.023
-79.895    538.104    -0.023
-79.480    539.545    -0.023
-79.085    540.992    -0.024
-78.740    542.451    -0.024
-78.396    543.911    -0.024
-78.095    545.279    -0.024
-77.785    546.745    -0.024
-77.473    548.213    -0.024
-77.254    549.595    -0.024
-77.023    551.077    -0.024
-76.865    552.467    -0.024
-76.737    553.962    -0.025
-76.620    555.357    -0.025
-76.584    556.857    -0.025
-76.549    558.356    -0.025
-76.519    559.756    -0.025
-76.544    561.355    -0.025
-76.567    562.855    -0.025
-76.592    564.354    -0.026
-76.616    565.854    -0.026
-76.697    567.251    -0.026
-76.796    568.744    -0.026
-76.930    570.124    -0.026
-77.071    571.618    -0.026
-77.246    573.107    -0.026
-77.430    574.596    -0.026
-77.631    576.083    -0.027
-77.834    577.467    -0.027
-78.077    578.947    -0.027
-78.348    580.423    -0.027
-78.620    581.898    -0.027
-78.901    583.268    -0.027
-79.205    584.737    -0.027
-79.552    586.197    -0.028
-79.918    587.651    -0.028
-80.289    589.105    -0.028
-80.663    590.453    -0.028
-81.076    591.895    -0.028
-81.482    593.339    -0.028
-81.912    594.776    -0.028
-82.367    596.204    -0.028
-82.807    597.534    -0.029
-83.303    598.950    -0.029
-83.784    600.370    -0.029
-84.313    601.774    -0.029
-84.840    603.178    -0.029
-85.352    604.480    -0.029
-85.930    605.864    -0.029
-86.526    607.241    -0.030
-87.132    608.613    -0.030
-87.747    609.980    -0.030
-88.341    611.248    -0.030
-88.988    612.602    -0.030
-89.660    613.942    -0.030
-90.337    615.281    -0.030
-91.024    616.614    -0.031
-91.693    617.843    -0.031
-92.429    619.150    -0.031
-93.164    620.458    -0.031
-93.872    621.665    -0.031
-94.696    623.037    -0.031
-95.438    624.223    -0.031
-96.267    625.473    -0.031
-97.054    626.631    -0.032
-97.902    627.868    -0.032
-98.768    629.093    -0.032
-99.640    630.313    -0.032
-100.530    631.521    -0.032
-101.367    632.642    -0.032
-102.294    633.821    -0.032
-103.221    635.000    -0.033
-104.171    636.161    -0.033
-105.126    637.318    -0.033
-106.018    638.396    -0.033
-107.007    639.523    -0.033
-107.997    640.651    -0.033
-109.014    641.752    -0.033
-110.041    642.846    -0.033
-111.067    643.941    -0.034
-112.096    645.032    -0.034
-113.131    646.116    -0.034
-114.167    647.201    -0.034
-115.203    648.286    -0.034
-116.176    649.293    -0.034
-117.238    650.388    -0.034
-118.283    651.463    -0.034
-119.343    652.628    -0.035
-120.338    653.749    -0.035
-121.392    654.953    -0.035
-122.365    656.094    -0.035
-123.331    657.242    -0.035
-124.278    658.405    -0.035
-125.223    659.570    -0.035
-126.140    660.755    -0.036
-127.105    662.032    -0.036
-128.009    663.229    -0.036
-128.886    664.445    -0.036
-129.761    665.663    -0.036
-130.619    666.894    -0.036
-131.471    668.128    -0.036
-132.350    669.465    -0.037
-133.153    670.731    -0.037
-133.936    672.011    -0.037
-134.753    673.386    -0.037
-135.483    674.696    -0.037
-136.211    676.007    -0.037
-136.945    677.315    -0.038
-137.721    678.714    -0.038
-138.386    680.059    -0.038
-139.051    681.403    -0.038
-139.703    682.754    -0.038
-140.330    684.117    -0.038
-140.961    685.477    -0.039
-141.598    686.885    -0.039
-142.221    688.358    -0.039
-142.796    689.744    -0.039
-143.363    691.132    -0.039
-143.924    692.523    -0.039
-144.479    693.916    -0.039
-144.993    695.325    -0.040
-145.534    696.831    -0.040
-146.009    698.254    -0.040
-146.479    699.678    -0.040
-146.939    701.106    -0.040
-147.395    702.534    -0.041
-147.848    704.068    -0.041
-148.255    705.513    -0.041
-148.663    706.955    -0.041
-149.072    708.399    -0.041
-149.410    709.962    -0.041
-149.713    711.431    -0.042
-149.987    712.905    -0.042
-150.267    714.481    -0.042
-150.491    715.895    -0.042
-150.742    717.475    -0.042
-150.941    718.916    -0.042
-151.142    720.403    -0.043
-151.331    721.992    -0.043
-151.482    723.483    -0.043
-151.632    724.976    -0.043
-151.759    726.570    -0.043
-151.856    727.967    -0.043
-151.966    729.563    -0.044
-152.031    731.062    -0.044
-152.091    732.560    -0.044
-152.150    734.059    -0.044
-152.173    735.558    -0.044
-152.191    737.058    -0.045
-152.172    738.658    -0.045
-152.148    740.158    -0.045
-152.109    741.757    -0.045
-152.042    743.255    -0.045
-151.975    744.754    -0.045
-151.852    746.248    -0.046
-151.721    747.745    -0.046
-151.592    749.240    -0.046
-151.423    750.828    -0.046
-151.259    752.318    -0.046
-151.058    753.805    -0.046
-150.839    755.289    -0.047
-150.592    756.869    -0.047
-150.342    758.348    -0.047
-150.068    759.823    -0.047
-149.774    761.294    -0.047
-149.470    762.762    -0.047
-149.119    764.323    -0.048
-148.777    765.783    -0.048
-148.410    767.237    -0.048
-148.034    768.689    -0.048
-147.652    770.140    -0.048
-147.265    771.589    -0.049
-146.828    773.127    -0.049
-146.392    774.563    -0.049
-145.935    775.991    -0.049
-145.479    777.420    -0.049
-144.966    778.935    -0.049
-144.439    780.339    -0.050
-143.888    781.734    -0.050
-143.364    783.140    -0.050
-142.775    784.627    -0.050
-142.200    786.012    -0.050
-141.572    787.374    -0.050
-140.944    788.736    -0.050
-140.305    790.093    -0.051
-139.613    791.536    -0.051
-138.927    792.869    -0.051
-138.240    794.203    -0.051
-137.554    795.537    -0.051
-136.785    796.939    -0.051
-136.110    798.166    -0.052
-135.327    799.560    -0.052
-134.568    800.854    -0.052
-133.803    802.145    -0.052
-133.014    803.420    -0.052
-132.165    804.776    -0.052
-131.333    806.023    -0.052
-130.482    807.259    -0.053
-129.627    808.491    -0.053
-128.775    809.725    -0.053
-127.924    810.962    -0.053
-126.974    812.248    -0.053
-126.061    813.437    -0.053
-125.071    814.693    -0.053
-124.114    815.849    -0.054
-123.157    817.003    -0.054
-122.197    818.156    -0.054
-121.214    819.288    -0.054
-120.221    820.413    -0.054
-119.154    821.604    -0.054
-118.126    822.696    -0.054
-117.022    823.855    -0.054
-115.960    824.915    -0.055
-114.894    825.968    -0.055
-113.814    827.010    -0.055
-112.717    828.033    -0.055
-111.539    829.115    -0.055
-110.407    830.098    -0.055
-109.274    831.081    -0.055
-108.135    832.057    -0.055
-106.982    833.017    -0.055
-105.820    833.965    -0.056
-104.650    834.904    -0.056
-103.484    835.847    -0.056
-102.222    836.829    -0.056
-101.024    837.733    -0.056
-99.810    838.613    -0.056
-98.510    839.546    -0.056
-97.282    840.406    -0.056
-96.040    841.248    -0.056
-94.785    842.068    -0.056
-93.435    842.926    -0.057
-92.158    843.713    -0.057
-90.866    844.475    -0.057
-89.570    845.230    -0.057
-88.261    845.964    -0.057
-86.857    846.730    -0.057
-85.529    847.426    -0.057
-84.193    848.108    -0.057
-82.763    848.826    -0.057
-81.411    849.475    -0.057
-80.057    850.121    -0.057
-78.696    850.749    -0.057
-77.327    851.362    -0.057
-75.950    851.955    -0.058
-74.573    852.552    -0.058
-73.090    853.154    -0.058
-71.694    853.700    -0.058
-70.292    854.234    -0.058
-68.885    854.753    -0.058
-67.379    855.294    -0.058
-65.951    855.750    -0.058
-64.521    856.204    -0.058
-63.090    856.653    -0.058
-61.557    857.110    -0.058
-60.112    857.514    -0.058
-58.661    857.892    -0.058
-57.208    858.265    -0.058
-55.651    858.626    -0.058
-54.183    858.936    -0.058
-52.714    859.240    -0.058
-51.218    859.544    -0.058
-49.715    859.818    -0.058
-48.267    860.082    -0.058
-46.760    860.328    -0.058
-45.278    860.557    -0.058
-43.795    860.786    -0.058
-42.209    860.993    -0.058
-40.721    861.176    -0.058
-39.230    861.350    -0.058
-37.738    861.495    -0.058
-36.143    861.625    -0.058
-34.646    861.726    -0.058
-33.149    861.809    -0.058
-31.651    861.883    -0.058
-30.152    861.910    -0.058
-28.552    861.926    -0.058
-27.060    861.912    -0.058
-25.561    861.897    -0.058
-23.954    861.848    -0.058
-22.455    861.797    -0.058
-20.956    861.739    -0.058
-19.461    861.621    -0.058
-17.967    861.497    -0.058
-16.469    861.410    -0.058
-14.874    861.294    -0.058
-13.384    861.120    -0.058
-11.894    860.955    -0.058
-10.500    860.832    -0.058
-8.907    860.680    -0.058
-7.418    860.494    -0.058
-5.835    860.273    -0.058
-4.352    860.045    -0.058
-2.872    859.802    -0.058
-1.394    859.549    -0.058
0.172    859.218    -0.058
1.629    858.899    -0.058
3.087    858.547    -0.058
4.624    858.167    -0.058
6.072    857.777    -0.058
7.515    857.366    -0.058
8.955    856.946    -0.058
10.386    856.497    -0.058
11.909    856.007    -0.058
13.335    855.544    -0.058
14.758    855.068    -0.058
16.169    854.559    -0.057
17.664    853.989    -0.057
19.061    853.445    -0.057
20.451    852.881    -0.057
21.839    852.313    -0.057
23.228    851.747    -0.057
24.602    851.145    -0.057
26.061    850.489    -0.057
27.414    849.842    -0.057
28.765    849.190    -0.057
30.098    848.504    -0.057
31.433    847.818    -0.057
32.851    847.080    -0.057
34.165    846.355    -0.056
35.473    845.622    -0.056
36.760    844.850    -0.056
38.046    844.079    -0.056
39.390    843.211    -0.056
40.647    842.394    -0.056
41.905    841.576    -0.056
43.228    840.677    -0.056
44.461    839.825    -0.056
45.681    838.951    -0.056
46.893    838.068    -0.055
48.097    837.174    -0.055
49.289    836.264    -0.055
50.553    835.283    -0.055
51.720    834.340    -0.055
52.949    833.316    -0.055
54.073    832.324    -0.055
54.836    831.681    -0.055
56.405    830.305    -0.054
57.479    829.258    -0.054
58.535    828.193    -0.054
59.589    827.126    -0.054
60.629    826.046    -0.054
61.667    824.964    -0.054
62.765    823.800    -0.054
63.791    822.705    -0.054
64.748    821.684    -0.053
65.833    820.508    -0.053
66.836    819.394    -0.053
67.841    818.280    -0.053
68.844    817.165    -0.053
69.839    816.042    -0.053
70.825    814.912    -0.053
71.810    813.781    -0.052
72.791    812.646    -0.052
73.764    811.506    -0.052
74.797    810.284    -0.052
75.752    809.127    -0.052
76.707    807.970    -0.052
77.663    806.813    -0.052
78.596    805.640    -0.052
79.525    804.463    -0.051
80.454    803.285    -0.051
81.380    802.105    -0.051
82.296    800.917    -0.051
83.212    799.730    -0.051
84.128    798.543    -0.051
85.031    797.345    -0.051
85.977    796.055    -0.050
86.865    794.846    -0.050
87.749    793.633    -0.050
88.617    792.410    -0.050
89.484    791.187    -0.050
90.350    789.963    -0.050
91.215    788.737    -0.050
92.079    787.511    -0.049
92.941    786.284    -0.049
93.829    784.953    -0.049
94.607    783.789    -0.049
95.490    782.455    -0.049
96.255    781.282    -0.049
97.128    779.941    -0.049
97.943    778.683    -0.048
98.745    777.416    -0.048
99.547    776.148    -0.048
100.345    774.878    -0.048
101.122    773.595    -0.048
101.899    772.312    -0.048
102.668    771.025    -0.048
103.431    769.732    -0.047
104.194    768.441    -0.047
105.002    767.061    -0.047
105.751    765.761    -0.047
106.500    764.462    -0.047
107.244    763.160    -0.047
107.972    761.849    -0.047
108.699    760.537    -0.046
109.415    759.218    -0.046
110.119    757.894    -0.046
110.823    756.570    -0.046
111.508    755.236    -0.046
112.205    753.796    -0.046
112.841    752.437    -0.046
113.477    751.078    -0.045
114.087    749.708    -0.045
114.696    748.337    -0.045
115.301    746.965    -0.045
115.936    745.497    -0.045
116.497    744.214    -0.045
117.109    742.845    -0.044
117.698    741.465    -0.044
118.304    739.985    -0.044
118.869    738.595    -0.044
119.431    737.205    -0.044
119.995    735.815    -0.044
120.565    734.428    -0.044
121.134    733.040    -0.043
121.695    731.649    -0.043
122.253    730.257    -0.043
122.806    728.863    -0.043
123.347    727.464    -0.043
123.886    726.064    -0.043
124.433    724.668    -0.043
124.981    723.271    -0.042
125.508    721.867    -0.042
126.029    720.460    -0.042
126.542    719.051    -0.042
127.054    717.642    -0.042
127.567    716.233    -0.042
128.080    714.822    -0.041
128.615    713.315    -0.041
129.111    711.899    -0.041
129.600    710.481    -0.041
130.076    709.059    -0.041
130.500    707.418    -0.041
130.754    705.941    -0.041
131.028    704.466    -0.040
131.295    702.889    -0.040
131.472    701.500    -0.040
131.662    700.012    -0.040
131.849    698.423    -0.040
132.014    696.933    -0.040
132.146    695.438    -0.039
132.256    693.943    -0.039
132.356    692.347    -0.039
132.420    690.848    -0.039
132.483    689.349    -0.039
132.540    687.850    -0.039
132.597    686.352    -0.038
132.660    684.853    -0.038
132.723    683.355    -0.038
132.767    681.855    -0.038
132.791    680.356    -0.038
132.819    678.856    -0.038
132.852    677.356    -0.037
132.885    675.857    -0.037
132.934    674.358    -0.037
132.981    672.859    -0.037
133.029    671.359    -0.037
133.076    669.860    -0.037
133.125    668.362    -0.037
133.171    666.863    -0.036
133.218    665.364    -0.036
133.266    663.864    -0.036
133.313    662.365    -0.036
133.360    660.866    -0.036
133.407    659.367    -0.036
133.454    657.868    -0.035
133.501    656.369    -0.035
133.547    654.869    -0.035
133.594    653.370    -0.035
133.642    651.871    -0.035
133.689    650.372    -0.035
133.735    648.873    -0.035
133.783    647.373    -0.034
133.831    645.874    -0.034
133.878    644.375    -0.034
133.925    642.876    -0.034
133.973    641.377    -0.034
134.021    639.877    -0.034
134.065    638.378    -0.033
134.105    636.879    -0.033
134.144    635.380    -0.033
134.183    633.880    -0.033
134.222    632.381    -0.033
134.262    630.882    -0.033
134.301    629.383    -0.033
134.353    627.884    -0.032
134.406    626.385    -0.032
134.460    624.886    -0.032
134.513    623.387    -0.032
134.567    621.888    -0.032
134.621    620.389    -0.032
134.674    618.890    -0.032
134.714    617.390    -0.031
134.754    615.891    -0.031
134.794    614.392    -0.031
134.834    612.892    -0.031
134.874    611.393    -0.031
134.915    609.894    -0.031
134.955    608.394    -0.031
134.995    606.895    -0.030
135.035    605.396    -0.030
135.076    603.896    -0.030
135.116    602.397    -0.030
135.157    600.898    -0.030
135.197    599.398    -0.030
135.242    597.899    -0.030
135.288    596.400    -0.029
135.334    594.901    -0.029
135.381    593.402    -0.029
135.427    591.903    -0.029
135.473    590.404    -0.029
135.518    588.905    -0.029
135.563    587.405    -0.029
135.607    585.906    -0.028
135.651    584.407    -0.028
135.696    582.908    -0.028
135.741    581.408    -0.028
135.785    579.909    -0.028
135.827    578.410    -0.028
135.869    576.911    -0.028
135.911    575.411    -0.027
135.952    573.912    -0.027
135.993    572.413    -0.027
136.035    570.913    -0.027
136.076    569.414    -0.027
136.120    567.915    -0.027
136.165    566.415    -0.027
136.210    564.916    -0.027
136.254    563.417    -0.026
136.299    561.918    -0.026
136.344    560.418    -0.026
136.387    558.919    -0.026
136.428    557.420    -0.026
136.469    555.921    -0.026
136.510    554.421    -0.026
136.551    552.922    -0.025
136.592    551.423    -0.025
136.633    549.923    -0.025
136.674    548.424    -0.025
136.715    546.925    -0.025
136.758    545.425    -0.025
136.800    543.926    -0.025
136.842    542.427    -0.025
136.883    540.927    -0.024
136.925    539.428    -0.024
136.965    537.929    -0.024
137.005    536.429    -0.024
137.045    534.930    -0.024
137.085    533.431    -0.024
137.124    531.931    -0.024
137.164    530.432    -0.024
137.207    528.933    -0.023
137.251    527.433    -0.023
137.295    525.934    -0.023
137.339    524.435    -0.023
137.384    522.936    -0.023
137.428    521.436    -0.023
137.472    519.937    -0.023
137.517    518.439    -0.023
137.560    516.940    -0.022
137.604    515.440    -0.022
137.647    513.941    -0.022
137.691    512.442    -0.022
137.734    510.942    -0.022
137.778    509.443    -0.022
137.820    507.944    -0.022
137.864    506.445    -0.022
137.907    504.945    -0.022
137.950    503.446    -0.021
137.993    501.947    -0.021
138.036    500.447    -0.021
138.079    498.948    -0.021
138.117    497.449    -0.021
138.157    495.949    -0.021
138.196    494.450    -0.021
138.235    492.951    -0.021
138.274    491.451    -0.020
138.313    489.952    -0.020
138.359    488.453    -0.020
138.407    486.954    -0.020
138.457    485.454    -0.020
138.505    483.955    -0.020
138.553    482.456    -0.020
138.601    480.957    -0.020
138.651    479.458    -0.020
138.694    477.959    -0.019
138.737    476.459    -0.019
138.781    474.960    -0.019
138.824    473.461    -0.019
138.866    471.961    -0.019
138.909    470.462    -0.019
138.951    468.963    -0.019
138.988    467.463    -0.019
139.024    465.964    -0.019
139.062    464.465    -0.018
139.098    462.965    -0.018
139.135    461.466    -0.018
139.171    459.966    -0.018
139.217    458.467    -0.018
139.268    456.969    -0.018
139.319    455.470    -0.018
139.369    453.971    -0.018
139.421    452.472    -0.018
139.471    450.972    -0.018
139.521    449.473    -0.017
139.564    447.974    -0.017
139.605    446.475    -0.017
139.647    444.975    -0.017
139.688    443.476    -0.017
139.731    441.977    -0.017
139.773    440.478    -0.017
139.813    438.978    -0.017
139.853    437.479    -0.017
139.892    435.979    -0.016
139.931    434.480    -0.016
139.969    432.981    -0.016
140.008    431.481    -0.016
140.047    429.982    -0.016
140.087    428.483    -0.016
140.128    426.983    -0.016
140.170    425.484    -0.016
140.211    423.985    -0.016
140.252    422.485    -0.016
140.294    420.986    -0.015
140.335    419.487    -0.015
140.385    417.988    -0.015
140.436    416.488    -0.015
140.488    414.989    -0.015
140.540    413.490    -0.015
140.591    411.992    -0.015
140.642    410.493    -0.015
140.690    408.994    -0.015
140.731    407.495    -0.015
140.772    405.995    -0.015
140.814    404.496    -0.014
140.856    402.997    -0.014
140.897    401.497    -0.014
140.939    399.998    -0.014
140.980    398.499    -0.014
141.020    396.999    -0.014
141.060    395.500    -0.014
141.101    394.001    -0.014
141.140    392.501    -0.014
141.180    391.002    -0.014
141.220    389.503    -0.013
141.263    388.003    -0.013
141.305    386.504    -0.013
141.347    385.005    -0.013
141.389    383.505    -0.013
141.431    382.006    -0.013
141.472    380.507    -0.013
141.514    379.007    -0.013
141.557    377.508    -0.013
141.599    376.009    -0.013
141.641    374.509    -0.013
141.683    373.010    -0.013
141.726    371.511    -0.012
141.768    370.012    -0.012
141.811    368.512    -0.012
141.855    367.013    -0.012
141.898    365.514    -0.012
141.941    364.014    -0.012
141.984    362.515    -0.012
142.028    361.016    -0.012
142.071    359.517    -0.012
142.115    358.017    -0.012
142.160    356.518    -0.012
142.205    355.019    -0.011
142.249    353.520    -0.011
142.202    351.821    -0.011
142.143    350.423    -0.011
142.074    348.825    -0.011
142.011    347.326    -0.011
141.952    345.927    -0.011
141.884    344.329    -0.011
141.820    342.830    -0.011
141.762    341.432    -0.011
141.700    339.933    -0.011
141.633    338.334    -0.011
141.570    336.836    -0.010
141.508    335.338    -0.010
141.445    333.839    -0.010
141.382    332.340    -0.010
141.324    330.941    -0.010
141.258    329.344    -0.010
141.195    327.845    -0.010
141.132    326.346    -0.010
141.070    324.847    -0.010
141.015    323.449    -0.010
140.955    321.950    -0.010
140.896    320.451    -0.010
140.836    318.953    -0.010
140.776    317.454    -0.009
140.716    315.955    -0.009
140.657    314.456    -0.009
140.597    312.958    -0.009
140.537    311.459    -0.009
140.466    309.961    -0.009
140.393    308.463    -0.009
140.314    306.865    -0.009
140.246    305.466    -0.009
140.172    303.968    -0.009
140.107    302.470    -0.009
140.055    300.971    -0.009
139.997    299.472    -0.009
139.933    297.974    -0.009
139.873    296.476    -0.008
139.911    295.076    -0.008
139.954    293.577    -0.008
139.998    292.078    -0.008
140.041    290.578    -0.008
140.086    289.079    -0.008
140.129    287.580    -0.008
140.172    286.081    -0.008
140.216    284.581    -0.008
140.259    283.082    -0.008
140.301    281.583    -0.008
140.343    280.083    -0.008
140.385    278.584    -0.008
140.428    277.085    -0.008
140.469    275.585    -0.008
140.511    274.086    -0.007
140.550    272.587    -0.007
140.589    271.087    -0.007
140.627    269.588    -0.007
140.668    268.089    -0.007
140.711    266.589    -0.007
140.753    265.090    -0.007
140.795    263.591    -0.007
140.837    262.091    -0.007
140.878    260.592    -0.007
140.919    259.093    -0.007
140.959    257.593    -0.007
141.001    256.094    -0.007
141.041    254.595    -0.007
141.089    253.096    -0.007
141.139    251.596    -0.007
141.189    250.097    -0.006
141.235    248.598    -0.006
141.272    247.099    -0.006
141.311    245.599    -0.006
141.349    244.100    -0.006
141.390    242.601    -0.006
141.431    241.101    -0.006
141.473    239.602    -0.006
141.517    238.103    -0.006
141.561    236.603    -0.006
141.605    235.105    -0.006
141.651    233.606    -0.006
141.697    232.107    -0.006
141.743    230.608    -0.006
141.789    229.108    -0.006
141.834    227.609    -0.006
141.880    226.110    -0.006
141.925    224.611    -0.006
141.967    223.111    -0.005
142.008    221.612    -0.005
142.047    220.113    -0.005
142.091    218.613    -0.005
142.138    217.114    -0.005
142.184    215.615    -0.005
142.229    214.116    -0.005
142.268    212.616    -0.005
142.307    211.117    -0.005
142.345    209.618    -0.005
142.391    208.118    -0.005
142.439    206.619    -0.005
142.486    205.120    -0.005
142.531    203.621    -0.005
142.576    202.122    -0.005
142.619    200.622    -0.005
142.662    199.123    -0.005
142.699    197.624    -0.005
142.736    196.124    -0.005
142.773    194.625    -0.005
142.807    193.125    -0.005
142.841    191.626    -0.004
142.874    190.126    -0.004
142.913    188.627    -0.004
142.962    187.128    -0.004
143.011    185.628    -0.004
143.059    184.129    -0.004
143.101    182.630    -0.004
143.142    181.131    -0.004
143.184    179.631    -0.004
143.226    178.132    -0.004
143.268    176.633    -0.004
143.310    175.133    -0.004
143.352    173.635    -0.004
143.394    172.136    -0.004
143.437    170.637    -0.004
143.481    169.137    -0.004
143.521    167.638    -0.004
143.560    166.139    -0.004
143.599    164.639    -0.004
143.640    163.140    -0.004
143.680    161.641    -0.004
143.721    160.141    -0.004
143.763    158.642    -0.004
143.802    157.142    -0.004
143.841    155.643    -0.004
143.880    154.144    -0.003
143.928    152.645    -0.003
143.979    151.145    -0.003
144.030    149.646    -0.003
144.076    148.147    -0.003
144.114    146.648    -0.003
144.152    145.148    -0.003
144.191    143.649    -0.003
144.237    142.150    -0.003
144.281    140.651    -0.003
144.326    139.151    -0.003
144.373    137.652    -0.003
144.420    136.153    -0.003
144.467    134.654    -0.003
144.511    133.154    -0.003
144.550    131.655    -0.003
144.588    130.156    -0.003
144.627    128.656    -0.003
144.668    127.157    -0.003
144.711    125.658    -0.003
144.753    124.158    -0.003
144.794    122.659    -0.003
144.836    121.160    -0.003
144.881    119.660    -0.003
144.925    118.161    -0.003
144.969    116.662    -0.003
145.015    115.163    -0.003
145.059    113.664    -0.003
145.102    112.164    -0.003
145.145    110.665    -0.003
145.190    109.166    -0.003
145.233    107.667    -0.003
145.277    106.168    -0.003
145.320    104.669    -0.003
145.364    103.170    -0.002
145.406    101.670    -0.002
145.449    100.171    -0.002
145.492    98.672    -0.002
145.534    97.172    -0.002
145.576    95.673    -0.002
145.620    94.174    -0.002
145.666    92.675    -0.002
145.712    91.175    -0.002
145.758    89.676    -0.002
145.800    88.177    -0.002
145.840    86.678    -0.002
145.880    85.178    -0.002
145.921    83.679    -0.002
145.962    82.180    -0.002
146.005    80.680    -0.002
146.048    79.181    -0.002
146.091    77.682    -0.002
146.135    76.182    -0.002
146.177    74.683    -0.002
146.218    73.184    -0.002
146.259    71.684    -0.002
146.300    70.185    -0.002
146.341    68.686    -0.002
146.384    67.187    -0.002
146.428    65.687    -0.002
146.472    64.188    -0.002
146.514    62.689    -0.002
146.553    61.189    -0.002
146.594    59.690    -0.002
146.633    58.191    -0.002
146.672    56.691    -0.002
146.698    55.192    -0.002
146.724    53.692    -0.002
146.749    52.192    -0.002
146.774    50.692    -0.002
146.785    49.192    -0.002
146.795    47.593    -0.002
146.804    46.093    -0.002
146.811    44.593    -0.002
146.818    43.093    -0.002
146.825    41.594    -0.002
146.826    40.094    -0.002
146.822    38.594    -0.002
146.817    37.094    -0.002
146.792    35.594    -0.002
146.759    34.095    -0.002
146.717    32.596    -0.002
146.665    30.997    -0.002
146.583    29.499    -0.002
146.482    28.002    -0.002
146.371    26.506    -0.002
146.224    25.014    -0.002
146.064    23.422    -0.002
145.900    21.931    -0.002
145.720    20.443    -0.002
145.530    18.955    -0.002
145.311    17.470    -0.002
145.065    15.890    -0.002
144.841    14.508    -0.002
144.566    12.932    -0.002
144.285    11.459    -0.002
143.996    9.987    -0.002
143.703    8.516    -0.002
143.372    6.951    -0.002
143.051    5.486    -0.002
142.671    4.035    -0.002
142.251    2.492    -0.002
141.818    1.055    -0.002
141.376    -0.378    -0.002
140.877    -1.898    -0.002
140.384    -3.315    -0.002
139.857    -4.719    -0.002
139.272    -6.207    -0.002
138.692    -7.591    -0.002
138.088    -8.964    -0.001
137.481    -10.335    -0.001
136.768    -11.767    -0.001
136.080    -13.100    -0.001
135.334    -14.514    -0.001
134.618    -15.833    -0.001
133.854    -17.124    -0.001
133.016    -18.486    -0.001
132.140    -19.825    -0.001
131.273    -21.048    -0.001
130.329    -22.340    -0.001
129.389    -23.509    -0.001
128.370    -24.741    -0.001
127.378    -25.866    -0.001
126.384    -26.988    -0.001
125.343    -28.069    -0.001
124.202    -29.190    -0.001
123.113    -30.222    -0.001
121.926    -31.294    -0.001
120.787    -32.270    -0.001
119.524    -33.250    -0.001
118.331    -34.160    -0.001
117.049    -35.117    -0.001
115.804    -35.953    -0.001
114.455    -36.813    -0.001
113.168    -37.582    -0.001
111.768    -38.358    -0.001
110.338    -39.071    -0.001
108.979    -39.707    -0.001
107.514    -40.350    -0.001
106.118    -40.897    -0.001
104.709    -41.411    -0.001
103.197    -41.933    -0.001
101.766    -42.383    -0.001
100.221    -42.798    -0.001
98.668    -43.180    -0.001
97.201    -43.494    -0.001
95.726    -43.766    -0.001
94.142    -43.985    -0.001
92.554    -44.185    -0.001
91.063    -44.337    -0.001
89.366    -44.417    -0.001
87.867    -44.423    -0.001
86.367    -44.394    -0.001
84.769    -44.336    -0.001
83.273    -44.227    -0.001
81.779    -44.096    -0.001
80.287    -43.937    -0.001
78.700    -43.735    -0.001
77.117    -43.513    -0.001
75.644    -43.229    -0.001
74.080    -42.893    -0.001
72.628    -42.517    -0.001
71.099    -42.047    -0.001
69.583    -41.539    -0.001
68.170    -41.036    -0.000
66.700    -40.402    -0.000
65.327    -39.800    -0.000
63.958    -39.186    -0.000
62.603    -38.545    -0.000
61.167    -37.839    -0.000
59.823    -37.173    -0.000
58.480    -36.507    -0.000
57.137    -35.838    -0.000
55.806    -35.147    -0.000
54.474    -34.456    -0.000
53.143    -33.767    -0.000
51.811    -33.076    -0.000
50.482    -32.382    -0.000
49.151    -31.689    -0.000
47.821    -30.995    -0.000
46.492    -30.301    -0.000
45.161    -29.608    -0.000
43.832    -28.915    -0.000
42.504    -28.217    -0.000
41.179    -27.514    -0.000
39.612    -26.632    -0.000
38.479    -25.812    -0.000
37.263    -24.933    -0.000
35.967    -23.997    -0.000
34.751    -23.117    -0.000
33.536    -22.239    -0.000
32.320    -21.360    -0.000
31.104    -20.481    -0.000
29.970    -19.661    -0.000
28.673    -18.723    -0.000
27.458    -17.845    -0.000
26.243    -16.966    -0.000
25.028    -16.085    -0.000
23.894    -15.266    -0.000
22.677    -14.388    -0.000
21.379    -13.453    -0.000
20.264    -12.608    -0.000
19.110    -12.008    -0.000
17.780    -11.316    -0.000
16.449    -10.624    -0.000
15.118    -9.933    -0.000
13.787    -9.241    -0.000
12.459    -8.544    -0.000
11.132    -7.846    -0.000
9.804    -7.148    -0.000
8.476    -6.450    -0.000
7.149    -5.752    -0.000
5.822    -5.053    -0.000
4.494    -4.354    -0.000
3.168    -3.654    -0.000
1.841    -2.955    -0.000
0.514    -2.256    -0.000
