-0.000000    0.000000
-0.028000    2.001000
-0.064000    4.001000
-0.100000    6.002000
-0.133000    8.011000
-0.163000    10.012000
-0.189000    12.012000
-0.228000    14.013000
-0.274000    16.013000
-0.317000    18.013000
-0.352000    20.014000
-0.387000    22.014999
-0.421000    24.014999
-0.459000    26.014999
-0.500000    28.014999
-0.529000    30.016001
-0.559000    32.015999
-0.593000    34.007000
-0.627000    36.016998
-0.660000    38.018002
-0.695000    40.018002
-0.732000    42.019001
-0.774000    44.018002
-0.817000    45.962002
-0.870000    47.962002
-0.929000    49.962002
-0.992000    51.971001
-1.060000    53.952000
-1.134000    55.875000
-1.255000    57.881001
-1.387000    59.782001
-1.528000    61.749001
-1.682000    63.676998
-1.885000    65.667000
-2.099000    67.638000
-2.316000    69.607002
-2.552000    71.632004
-2.803000    73.608002
-3.078000    75.591003
-3.338000    77.445999
-3.625000    79.445999
-3.919000    81.283997
-4.246000    83.259003
-4.597000    85.196999
-4.969000    87.234001
-5.309000    89.054001
-5.697000    91.016998
-6.099000    92.925003
-6.521000    94.859001
-6.950000    96.751999
-7.413000    98.697998
-7.874000    100.540001
-8.372000    102.477997
-8.855000    104.355003
-9.373000    106.287003
-9.913000    108.214996
-10.441000    110.070999
-11.008000    111.976997
-11.583000    113.885002
-12.170000    115.793999
-12.751000    117.646004
-13.371000    119.547997
-13.983000    121.352997
-14.637000    123.244003
-15.301000    125.086998
-15.972000    126.969002
-16.639000    128.757004
-17.375999    130.626999
-18.082001    132.416000
-18.799000    134.261002
-19.559999    136.072006
-20.302999    137.835007
-21.090000    139.675003
-21.878000    141.470001
-22.694000    143.261002
-23.535999    145.061996
-24.385000    146.873001
-25.231001    148.613007
-26.115000    150.417007
-27.000000    152.192001
-27.899000    153.979004
-28.763000    155.651993
-29.681999    157.419006
-30.607000    159.147003
-31.544001    160.899994
-32.528000    162.626999
-33.479000    164.298996
-34.474998    166.028000
-35.446999    167.677994
-36.477001    169.399002
-37.500999    171.059998
-38.570000    172.750000
-39.615002    174.360992
-40.717999    176.041000
-41.787998    177.645004
-42.910999    179.300995
-44.025002    180.925995
-45.164001    182.570999
-46.278000    184.154999
-47.438999    185.783997
-48.576000    187.358002
-49.748001    188.973007
-50.919998    190.556000
-52.133999    192.147003
-53.277000    193.647003
-54.506001    195.225998
-55.709999    196.722000
-56.948002    198.229004
-58.216000    199.731995
-59.508999    201.192001
-60.841000    202.694000
-62.160999    204.158997
-63.500999    205.643997
-64.809998    207.100006
-66.144997    208.582001
-67.500999    210.070999
-68.852997    211.537003
-70.209000    213.007004
-71.564003    214.479996
-72.924004    215.966995
-74.269997    217.436005
-75.607002    218.897995
-76.957001    220.373001
-78.307999    221.848999
-79.668999    223.335999
-81.018997    224.811005
-82.371002    226.287003
-83.722000    227.763000
-85.068001    229.233002
-86.418999    230.707993
-87.775002    232.190002
-89.125999    233.664001
-90.473000    235.132996
-91.827003    236.606995
-93.184998    238.085999
-94.538002    239.559998
-95.891998    241.033005
-97.246002    242.505997
-98.589996    243.968002
-99.944000    245.440994
-101.295998    246.916000
-102.647003    248.393005
-104.007004    249.878998
-105.358002    251.354996
-106.703003    252.828003
-108.051003    254.304001
-109.399002    255.785004
-110.751999    257.266998
-112.101997    258.743011
-113.452003    260.212006
-114.809998    261.688995
-116.155998    263.151001
-117.513000    264.631989
-118.863998    266.108002
-120.212997    267.584015
-121.557999    269.054993
-122.906998    270.532013
-124.263000    272.015015
-125.610001    273.493011
-126.963997    274.975006
-128.309006    276.449005
-129.658997    277.924011
-131.009003    279.398987
-132.354996    280.871002
-133.710007    282.351990
-135.059998    283.828003
-136.404007    285.300995
-137.763000    286.789001
-139.113007    288.265015
-140.464996    289.742004
-141.815002    291.217010
-143.167007    292.692993
-144.518005    294.169006
-145.871994    295.641998
-147.225006    297.115997
-148.578003    298.588013
-149.927002    300.056000
-151.274002    301.526001
-152.632004    303.005005
-153.975998    304.468994
-155.332993    305.949005
-156.671005    307.415985
-158.024002    308.901001
-159.388000    310.401001
-160.731995    311.875000
-162.085999    313.356995
-163.436996    314.834015
-164.781998    316.303986
-166.128006    317.773987
-167.475998    319.243988
-168.834000    320.723999
-170.186005    322.196991
-171.544998    323.675995
-172.893005    325.144989
-174.240997    326.614990
-175.602005    328.098999
-176.955002    329.572998
-178.306000    331.049011
-179.656006    332.524994
-181.007996    334.000000
-182.354004    335.471985
-183.710007    336.950989
-185.061005    338.425995
-186.412994    339.902008
-187.764999    341.376007
-189.117004    342.851990
-190.466003    344.328003
-191.807007    345.795013
-193.151993    347.266998
-194.505997    348.748993
-195.850998    350.218994
-197.207001    351.700989
-198.565994    353.187988
-199.912994    354.657013
-201.264999    356.141998
-202.610001    357.615997
-203.957993    359.095001
-205.300995    360.566986
-206.653000    362.040009
-208.011993    363.519989
-209.363998    364.993011
-210.714005    366.460999
-212.076996    367.945007
-213.427002    369.412994
-214.785995    370.889008
-216.145004    372.367004
-217.500000    373.842010
-218.850998    375.316010
-220.188004    376.776001
-221.539001    378.251007
-222.891006    379.725006
-224.240997    381.201996
-225.591995    382.678009
-226.942001    384.156006
-228.294006    385.628998
-229.647995    387.101990
-231.007996    388.580994
-232.362000    390.053009
-233.720993    391.531006
-235.067001    393.000000
-236.419998    394.475006
-237.772995    395.950012
-239.130005    397.428986
-240.481995    398.903015
-241.835007    400.377014
-243.192993    401.856995
-244.541000    403.325012
-245.891998    404.800995
-247.242004    406.277008
-248.589996    407.747986
-249.944000    409.227997
-251.296005    410.704010
-252.643005    412.173004
-253.992004    413.641998
-255.352997    415.127014
-256.699005    416.596985
-258.048004    418.075989
-259.398010    419.552002
-260.752014    421.033997
-262.102997    422.510986
-263.442993    423.976990
-264.808014    425.468994
-266.157990    426.946014
-267.509003    428.421997
-268.859985    429.897003
-270.200989    431.362000
-271.557007    432.842987
-272.908997    434.317993
-274.256012    435.786987
-275.614014    437.265991
-276.957001    438.730011
-278.315002    440.208008
-279.673004    441.687988
-281.015991    443.152008
-282.373993    444.631012
-283.726990    446.105011
-285.079010    447.588989
-286.425995    449.067993
-287.773010    450.546997
-289.119995    452.027008
-290.471985    453.502991
-291.824005    454.976013
-293.166992    456.441010
-294.519012    457.915009
-295.877014    459.394989
-297.222992    460.864014
-298.582001    462.342987
-299.938995    463.821991
-301.285004    465.292999
-302.631012    466.773010
-303.984009    468.257996
-305.330994    469.735992
-306.674988    471.209991
-308.031006    472.690002
-309.382996    474.165009
-310.734985    475.639008
-312.088013    477.114014
-313.437988    478.588989
-314.789001    480.065002
-316.131989    481.528992
-317.483002    483.003998
-318.834015    484.480011
-320.184998    485.954987
-321.542999    487.433990
-322.894012    488.910004
-324.244995    490.385986
-325.593994    491.863007
-326.945007    493.341003
-328.299011    494.821991
-329.644012    496.292999
-330.994995    497.770996
-332.351013    499.251007
-333.700989    500.726990
-335.053009    502.203003
-336.403015    503.678009
-337.750000    505.148987
-339.096985    506.618988
-340.450012    508.092010
-341.803986    509.565002
-343.170013    511.046997
-344.524994    512.517029
-345.878998    513.991028
-347.229004    515.468018
-348.578003    516.943970
-349.919006    518.411987
-351.266998    519.888000
-352.618988    521.364014
-353.970001    522.840027
-355.321991    524.315002
-356.678009    525.796021
-358.032013    527.268982
-359.390991    528.745972
-360.746002    530.218018
-362.105011    531.695984
-363.450012    533.168030
-364.796997    534.646973
-366.143005    536.127014
-367.489014    537.606995
-368.839996    539.083984
-370.194000    540.556030
-371.544006    542.025024
-372.902008    543.502014
-374.256012    544.976013
-375.608002    546.450012
-376.960999    547.924988
-378.303009    549.388977
-379.654999    550.862976
-381.005005    552.340027
-382.355011    553.815979
-383.705994    555.291016
-385.057007    556.768005
-386.402008    558.237976
-387.761993    559.728027
-389.117004    561.208008
-390.467010    562.684021
-391.819000    564.159973
-393.161011    565.624023
-394.522003    567.109009
-395.873993    568.585022
-397.226013    570.059998
-398.575989    571.533997
-399.924988    573.005981
-401.269989    574.473999
-402.627014    575.953979
-403.972992    577.427002
-405.328003    578.906982
-406.682007    580.390015
-408.032990    581.867004
-409.380005    583.344971
-410.729004    584.823975
-412.076996    586.301025
-413.424988    587.780029
-414.782013    589.258972
-416.131989    590.726990
-417.480011    592.195984
-418.832001    593.669983
-420.184998    595.143005
-421.536987    596.619019
-422.890015    598.094971
-424.246002    599.572998
-425.589996    601.036987
-426.950012    602.523010
-428.302002    603.997986
-429.653992    605.473022
-431.005005    606.948975
-432.350006    608.419006
-433.704987    609.901978
-435.054993    611.377991
-436.406006    612.854004
-437.761993    614.335999
-439.109009    615.804993
-440.450989    617.268982
-441.803009    618.744995
-443.156006    620.218018
-444.509003    621.690979
-445.862000    623.164978
-447.214996    624.638977
-448.569000    626.120972
-449.912994    627.593994
-451.282990    629.091980
-452.627014    630.562988
-453.984985    632.043030
-455.326996    633.507019
-456.684998    634.987976
-458.032013    636.455994
-459.389008    637.935974
-460.734985    639.406982
-462.082001    640.877991
-463.437012    642.356995
-464.787994    643.833984
-466.132996    645.304016
-467.718994    647.049011
-469.230011    648.731995
-470.740997    650.435974
-472.252014    652.159973
-473.763000    653.901978
-475.274994    655.661011
-476.786011    657.435974
-478.296997    659.226013
-479.808990    661.030029
-481.321014    662.846008
-482.832001    664.672974
-484.343994    666.510010
-485.855988    668.354980
-487.368011    670.208984
-488.878998    672.067993
-490.390991    673.932007
-491.903015    675.799988
-493.415009    677.671021
-494.927002    679.543030
-496.438995    681.414978
-497.950989    683.286987
-499.463013    685.155029
-500.975006    687.020996
-502.487000    688.880981
-503.998993    690.736023
-505.510010    692.583984
-507.022003    694.422974
-508.533997    696.252014
-510.045990    698.070984
-511.557007    699.877991
-513.068970    701.671997
-514.580017    703.450989
-516.091003    705.213989
-517.601990    706.960022
-519.114014    708.689026
-520.624023    710.398010
-522.135010    712.085999
-523.343994    713.421021
-524.690979    714.900024
-526.039978    716.377991
-527.387024    717.856995
-528.734985    719.335999
-530.081970    720.814026
-531.431030    722.293030
-532.778015    723.770996
-534.125977    725.250000
-535.473022    726.729004
-536.822021    728.206970
-538.169006    729.687012
-539.517029    731.164978
-540.864990    732.643005
-542.213013    734.122009
-543.559998    735.599976
-544.640015    736.783020
-545.989014    738.258972
-547.338989    739.737000
-548.687012    741.215027
-550.036011    742.692017
-551.385010    744.169983
-552.736023    745.645020
-554.088013    747.119995
-555.442017    748.593994
-556.794006    750.067993
-558.146973    751.543030
-559.500000    753.015991
-560.853027    754.489990
-562.205994    755.963989
-563.557983    757.439026
-564.908020    758.914001
-566.260010    760.390015
-567.611023    761.864990
-568.961975    763.341003
-570.310974    764.818970
-571.661011    766.294983
-573.010986    767.771973
-574.362976    769.247009
-575.716003    770.721008
-577.070007    772.192993
-578.424011    773.666992
-579.776001    775.140991
-581.124023    776.619995
-582.471985    778.098022
-583.820007    779.575989
-585.168030    781.056030
-586.518005    782.531982
-587.867004    784.007996
-589.218018    785.486023
-590.567017    786.961975
-591.924011    788.432983
-593.278992    789.905029
-594.635010    791.375977
-595.991028    792.846985
-597.341003    794.323975
-598.690002    795.801025
-600.041016    797.276978
-601.390015    798.755005
-602.744019    800.228027
-604.096985    801.702026
-605.450989    803.174988
-606.804016    804.648010
-608.158020    806.122009
-609.510010    807.596008
-610.862000    809.070007
-612.216003    810.544983
-613.562988    812.021973
-614.911011    813.500977
-616.257019    814.981995
-617.604980    816.460022
-618.953003    817.937012
-620.304016    819.414978
-621.653015    820.890991
-623.002991    822.369019
-624.354004    823.843994
-625.708008    825.317017
-627.060974    826.791016
-628.414978    828.263977
-629.765991    829.739014
-631.114990    831.218018
-632.463013    832.695984
-633.812012    834.172974
-635.163025    835.648987
-636.520020    837.119019
-637.877014    838.588989
-639.234009    840.059998
-640.585022    841.534973
-641.932983    843.013977
-643.278992    844.494019
-644.625977    845.973999
-645.971985    847.453979
-647.317993    848.934021
-648.663025    850.414978
-650.012024    851.893005
-651.366028    853.364990
-652.718018    854.840027
-654.067993    856.317017
-655.422974    857.789001
-656.765015    859.271973
-658.125977    860.739014
-659.487976    862.205017
-660.848999    863.671021
-662.195984    865.151001
-663.578979    866.596008
-664.968018    868.034973
-666.359009    869.473999
-667.763977    870.898987
-669.208008    872.283020
-670.658997    873.661987
-671.846008    874.734009
-673.344971    876.059021
-674.872986    877.349976
-676.411987    878.627991
-677.950012    879.908020
-679.508972    881.163025
-680.794983    882.114990
-682.421997    883.278992
-684.049011    884.442993
-685.697021    885.578003
-687.361023    886.689026
-689.078003    887.715027
-690.796021    888.741028
-692.515991    889.763977
-693.898010    890.570007
-695.658020    891.521973
-697.419983    892.468994
-699.190979    893.400024
-700.981018    894.294006
-702.794006    895.138000
-704.612000    895.974976
-706.070007    896.633972
-707.908997    897.421997
-709.776001    898.142029
-711.645020    898.854980
-713.521973    899.546997
-715.421997    900.174988
-716.950989    900.648010
-718.869019    901.216980
-720.788025    901.784973
-722.715027    902.320984
-724.655029    902.809998
-726.598022    903.284973
-728.544983    903.750000
-730.109009    904.085022
-732.073975    904.458984
-734.046021    904.802002
-736.018982    905.133972
-738.000000    905.408997
-739.986023    905.659973
-741.973022    905.888000
-743.960999    906.114014
-745.554993    906.249023
-747.546997    906.434021
-749.544983    906.559998
-751.541992    906.674011
-753.541016    906.737976
-755.142029    906.760010
-757.143005    906.734009
-759.143005    906.708008
-761.140015    906.609009
-763.135986    906.466980
-765.130981    906.314026
-767.125000    906.143982
-769.117004    905.956970
-771.104980    905.737000
-772.692993    905.538025
-774.671997    905.245972
-776.651001    904.952026
-778.627014    904.633972
-780.601990    904.312988
-782.573975    903.979004
-784.546021    903.645020
-786.518005    903.302979
-788.489990    902.960999
-790.461975    902.627991
-792.434998    902.294983
-794.406006    901.950989
-796.375977    901.606995
-798.349976    901.276001
-800.322998    900.945007
-802.294983    900.606995
-804.265991    900.265015
-806.239014    899.932007
-808.211975    899.601990
-810.185974    899.270996
-812.158020    898.939026
-814.130005    898.599976
-816.101990    898.257996
-818.072998    897.919006
-820.046021    897.586975
-822.020020    897.255981
-823.992981    896.924011
-825.966003    896.596985
-827.940002    896.271973
-829.914978    895.945984
-831.888977    895.620972
-833.864014    895.304016
-835.841003    895.000977
-837.818970    894.697021
-839.796021    894.393005
-841.775024    894.098999
-843.757996    893.828003
-845.739990    893.557007
-847.721985    893.286011
-849.705994    893.020996
-851.692017    892.778015
-854.075989    892.502014
-856.067017    892.296021
-858.056030    892.090027
-860.046997    891.887024
-862.038025    891.697998
-864.033020    891.533020
-866.026978    891.375977
-868.023010    891.239990
-870.020020    891.119019
-872.018982    891.023010
-874.017029    890.934021
-876.018005    890.879028
-878.416992    890.851990
-880.418030    890.835022
-882.419006    890.822021
-884.419983    890.838013
-886.419983    890.895020
-888.419983    890.955994
-890.419006    891.028992
-892.416016    891.137024
-894.413025    891.260010
-896.406006    891.437988
-898.796021    891.661987
-900.783997    891.885986
-903.145020    892.312012
-905.096985    892.747009
-907.049988    893.184021
-909.002991    893.619019
-910.955017    894.054993
-912.908020    894.492004
-914.861023    894.927979
-916.812988    895.362976
-918.765991    895.799011
-920.718018    896.236023
-922.671021    896.671997
-924.624023    897.107971
-927.289978    897.906006
-929.065979    898.825012
-930.838013    899.755005
-932.606018    900.690979
-934.344971    901.682007
-936.081970    902.672974
-937.791992    903.710999
-939.502991    904.749023
-941.198975    905.809021
-942.885986    906.885010
-944.538025    908.015015
-946.187012    909.145996
-947.823975    910.297974
-949.445984    911.469971
-951.028992    912.692993
-952.607971    913.921997
-954.166992    915.176025
-955.703979    916.455017
-957.213013    917.768982
-958.713013    919.093994
-960.184021    920.447998
-961.635986    921.825012
-963.051025    923.239014
-964.445984    924.674011
-965.828003    926.119995
-967.169006    927.606018
-968.481018    929.114990
-969.775024    930.642029
-971.041992    932.189026
-972.273010    933.767029
-973.440002    935.390991
-974.604004    937.018982
-975.734009    938.669006
-976.828003    940.344971
-977.866028    942.054016
-978.880005    943.780029
-979.864014    945.520020
-980.796997    947.289978
-981.681030    949.085999
-982.531006    950.895996
-983.364990    952.715027
-984.137024    954.560974
-984.875977    956.419006
-985.581970    958.291016
-986.260986    960.172974
-986.908020    962.065979
-987.481995    963.981995
-988.018982    965.908997
-988.500000    967.851013
-988.948975    969.801025
-989.335999    971.763977
-989.697021    973.731018
-990.023010    975.705017
-990.309998    977.684998
-990.543030    979.671997
-990.739990    981.663025
-990.909973    983.656982
-991.017029    985.653992
-991.081970    987.653015
-991.088989    989.653992
-991.075012    991.655029
-991.020020    993.655029
-990.906982    995.651001
-990.742981    997.645996
-990.586975    999.640015
-990.405029    1001.632996
-990.099976    1003.609009
-989.762024    1005.580994
-989.421997    1007.552979
-988.997986    1009.507019
-988.533997    1011.453979
-988.049988    1013.395020
-987.533997    1015.328003
-986.982971    1017.250977
-986.362000    1019.153015
-985.705994    1021.041992
-985.007996    1022.916992
-984.276001    1024.779053
-983.500977    1026.623047
-982.685974    1028.451050
-981.836975    1030.261963
-980.942993    1032.052002
-980.010010    1033.821045
-979.031982    1035.567017
-978.044006    1037.306030
-977.012024    1039.020020
-975.958008    1040.719971
-974.841980    1042.380981
-973.679993    1044.009033
-972.489014    1045.615967
-971.247009    1047.183960
-969.963013    1048.718994
-968.666016    1050.241943
-967.349976    1051.749023
-965.986023    1053.213013
-964.585999    1054.641968
-963.171997    1056.056030
-961.729980    1057.443970
-960.249023    1058.787964
-958.732971    1060.093018
-957.206970    1061.386963
-955.658997    1062.655029
-954.075989    1063.878052
-952.453003    1065.047974
-950.815979    1066.198975
-949.153015    1067.310059
-947.460022    1068.375977
-945.749023    1069.412964
-944.033020    1070.441040
-942.283020    1071.411011
-940.518005    1072.354004
-938.723999    1073.238037
-936.922974    1074.109985
-935.101990    1074.937988
-933.260010    1075.718994
-931.398987    1076.454956
-929.533997    1077.178955
-927.640015    1077.822021
-925.706970    1078.334961
-923.776978    1078.864990
-921.841980    1079.374023
-919.893005    1079.824951
-917.935974    1080.239990
-915.974976    1080.633057
-914.000977    1080.962036
-912.026001    1081.281982
-910.041992    1081.538940
-908.056030    1081.774048
-906.062012    1081.936035
-904.065979    1082.078003
-902.067993    1082.168945
-900.067017    1082.220947
-898.067993    1082.214966
-896.067017    1082.193970
-894.067993    1082.128052
-892.070984    1081.996948
-890.075012    1081.863037
-888.078979    1081.729004
-886.099976    1081.438965
-884.122986    1081.133057
-882.145996    1080.821045
-880.184021    1080.435059
-878.231018    1080.004028
-876.281006    1079.556030
-874.343994    1079.052002
-872.413025    1078.527954
-870.489990    1077.979980
-868.590027    1077.353027
-866.695007    1076.712036
-864.815979    1076.024048
-862.937988    1075.333984
-861.080017    1074.590942
-859.223999    1073.847046
-857.388000    1073.051025
-855.567993    1072.222046
-853.765991    1071.350952
-851.968994    1070.472046
-850.189026    1069.557007
-848.418030    1068.626953
-846.676025    1067.645020
-844.932007    1066.662964
-843.206970    1065.650024
-841.499023    1064.608032
-839.796997    1063.556030
-838.114014    1062.473999
-836.437988    1061.384033
-834.786011    1060.253052
-833.138000    1059.120972
-831.520020    1057.942017
-829.906982    1056.760010
-828.302979    1055.562012
-826.705994    1054.357056
-825.138977    1053.113037
-823.573975    1051.868042
-822.020020    1050.607056
-820.473999    1049.337036
-818.955017    1048.035034
-817.437012    1046.733032
-815.934021    1045.411987
-814.429993    1044.092041
-812.948975    1042.745972
-811.469971    1041.400024
-810.008972    1040.032959
-808.549988    1038.663940
-807.109009    1037.276001
-805.669983    1035.885010
-804.252991    1034.473022
-802.841003    1033.056030
-801.427979    1031.639038
-800.015991    1030.220947
-798.362000    1028.619995
-796.898010    1027.255981
-795.426025    1025.900024
-793.945984    1024.552979
-792.458984    1023.213989
-790.966003    1021.880981
-789.466003    1020.554993
-787.960999    1019.234985
-786.450012    1017.919983
-784.934998    1016.609985
-783.416016    1015.304016
-781.893982    1014.002014
-780.367981    1012.703979
-778.840027    1011.406982
-777.309998    1010.112976
-775.778992    1008.820984
-774.247009    1007.528992
-772.713989    1006.237976
-771.182007    1004.945984
-769.650024    1003.653992
-768.119019    1002.361023
-766.590027    1001.065002
-765.062988    999.768005
-763.539978    998.466980
-762.018982    997.163025
-760.502014    995.854980
-758.989990    994.543030
-757.481995    993.224976
-755.979980    991.901978
-754.482971    990.572021
-752.992981    989.236023
-751.510010    987.892029
-750.034973    986.541016
-748.567017    985.181030
-747.107971    983.812012
-746.012024    982.656006
-744.653992    981.177002
-743.304016    979.703003
-741.947021    978.221008
-740.596985    976.745972
-739.244995    975.270996
-737.893982    973.794983
-736.543030    972.318970
-735.197021    970.846985
-733.851013    969.377014
-732.499023    967.903015
-731.142029    966.421021
-729.788025    964.942017
-728.434021    963.468018
-727.083984    961.992004
-725.742981    960.526001
-724.390991    959.052002
-723.039978    957.575012
-721.687012    956.099976
-720.327026    954.616028
-718.978027    953.145020
-717.622009    951.666016
-716.270020    950.190979
-714.922974    948.721008
-713.570007    947.245972
-712.218994    945.770996
-710.864014    944.289978
-709.518005    942.810974
-708.169983    941.330017
-706.825012    939.849976
-705.481995    938.377991
-704.132019    936.900024
-702.776978    935.419006
-701.435974    933.953979
-700.075012    932.466980
-698.731018    931.004028
-697.367981    929.520996
-696.015991    928.046021
-694.671997    926.581970
-693.318970    925.106995
-691.966003    923.632996
-690.614014    922.159973
-689.257996    920.679993
-687.905029    919.205994
-686.549011    917.726013
-685.197021    916.250000
-683.846008    914.775024
-682.494019    913.299988
-681.151001    911.833984
-679.799988    910.359985
-678.447021    908.885010
-677.094971    907.409973
-675.736023    905.924011
-674.385986    904.447998
-673.036011    902.971008
-671.679993    901.489014
-670.336975    900.025024
-668.984985    898.551025
-667.630981    897.077026
-666.278015    895.603027
-664.924011    894.122009
-663.572998    892.645996
-662.223022    891.169006
-660.872009    889.692017
-659.531982    888.226990
-658.179016    886.752014
-656.825012    885.278992
-655.471985    883.806030
-654.119019    882.331970
-652.763000    880.853027
-651.409973    879.377991
-650.052979    877.898010
-648.710022    876.434998
-647.349976    874.958984
-645.997986    873.489990
-644.643982    872.018005
-643.283020    870.541992
-641.927979    869.062012
-640.575989    867.586975
-639.226013    866.111023
-637.879028    864.640015
-636.531982    863.169006
-635.179993    861.695007
-633.828979    860.218994
-632.478027    858.744995
-631.120972    857.265015
-629.765015    855.784973
-628.416992    854.315979
-627.060974    852.835999
-625.710022    851.359009
-624.359985    849.882019
-623.010010    848.405029
-621.661011    846.929016
-620.310974    845.452026
-618.961975    843.973999
-617.622009    842.507019
-616.263000    841.020020
-614.911011    839.544006
-613.559998    838.068970
-612.208008    836.593994
-610.856995    835.119019
-609.505005    833.643005
-608.153992    832.169006
-606.802002    830.692993
-605.450012    829.218994
-604.103027    827.747986
-602.752014    826.273010
-601.400024    824.796997
-600.049988    823.322021
-598.698975    821.846008
-597.348999    820.369995
-596.004028    818.896973
-594.648987    817.414978
-593.297974    815.939026
-591.942017    814.458984
-590.590027    812.986023
-589.237000    811.510986
-587.880981    810.031982
-586.526001    808.559021
-585.171997    807.086975
-583.822021    805.617981
-582.481018    804.151978
-581.129028    802.668030
-579.786011    801.192993
-578.432983    799.710022
-577.078979    798.229004
-575.734009    796.765991
-574.372009    795.281982
-573.018005    793.807983
-571.658997    792.330017
-570.312988    790.859985
-568.963013    789.383972
-567.611023    787.908020
-566.260986    786.432983
-564.914001    784.960022
-563.568970    783.489990
-562.213989    782.007996
-560.867981    780.538025
-559.515015    779.064026
-558.151978    777.580017
-556.804993    776.112000
-555.450012    774.638000
-554.093018    773.158997
-552.744995    771.690979
-551.385986    770.211975
-550.039978    768.741028
-548.684998    767.260010
-547.335022    765.783020
-545.994019    764.315979
-544.643982    762.841003
-543.293030    761.364990
-541.935974    759.885986
-540.586975    758.416992
-539.224976    756.932983
-537.883972    755.466980
-536.523010    753.981018
-535.172974    752.505981
-533.820984    751.028992
-532.473022    749.559998
-531.122986    748.093994
-529.757019    746.612000
-528.401001    745.140991
-527.057007    743.669006
-525.703979    742.185974
-524.356018    740.708008
-523.017029    739.239014
-521.666992    737.762024
-520.307007    736.276978
-518.953979    734.802002
-517.612000    733.336975
-516.250977    731.851990
-514.900024    730.377014
-513.549011    728.901001
-512.208008    727.434021
-510.856995    725.958008
-509.497009    724.473022
-508.144989    722.997009
-506.794006    721.523010
-505.442993    720.046997
-504.091003    718.572021
-502.747009    717.107971
-501.395996    715.632996
-500.044006    714.156982
-498.691986    712.674011
-497.342987    711.197021
-495.989990    709.713013
-494.644012    708.242981
-493.281006    706.768982
-491.927002    705.302979
-490.578003    703.843994
-489.216003    702.370972
-487.869995    700.898987
-486.516998    699.416016
-485.153992    697.924988
-483.804993    696.447021
-482.453003    694.971985
-481.097992    693.491028
-479.755005    692.025024
-478.410004    690.554993
-477.059998    689.075012
-475.713013    687.598022
-474.359985    686.114014
-473.011993    684.635986
-471.662994    683.158020
-470.312988    681.682007
-468.966003    680.208984
-467.613007    678.729004
-466.272003    677.262024
-464.915009    675.773987
-463.565002    674.296997
-462.217010    672.817993
-460.868988    671.340027
-459.519012    669.872009
-458.161011    668.393005
-456.816986    666.931030
-455.463989    665.456970
-454.113007    663.979980
-452.764008    662.504028
-451.406006    661.015991
-450.058014    659.538025
-448.704010    658.065002
-447.350006    656.591980
-445.994995    655.119019
-444.640991    653.646973
-443.289001    652.171021
-441.942993    650.692017
-440.601990    649.216980
-439.255005    647.734985
-437.914001    646.260010
-436.562988    644.784973
-435.205994    643.306030
-433.854004    641.831970
-432.502014    640.356995
-431.149994    638.882019
-429.798004    637.406982
-428.441986    635.926025
-427.089996    634.450989
-425.739014    632.976013
-424.388000    631.499023
-423.042999    630.026978
-421.691986    628.551025
-420.343994    627.073975
-418.989014    625.601990
-417.628998    624.125000
-416.283997    622.661987
-414.933990    621.185974
-413.578003    619.697021
-412.229004    618.218018
-410.881989    616.739014
-409.532990    615.260986
-408.179993    613.778015
-406.826996    612.296021
-405.481995    610.822021
-404.135986    609.351990
-402.786011    607.885986
-401.434998    606.418030
-400.079987    604.945984
-398.727997    603.471985
-397.380005    601.992981
-396.022003    600.505005
-394.683014    599.038025
-393.325012    597.549011
-391.971985    596.075989
-390.618011    594.601990
-389.265015    593.129028
-387.911987    591.655029
-386.558014    590.181030
-385.213989    588.718018
-383.856995    587.239990
-382.503998    585.765991
-381.153992    584.296997
-379.798004    582.817017
-378.451996    581.335999
-377.112000    579.859985
-375.765991    578.380005
-374.408997    576.900024
-373.049011    575.424011
-371.703003    573.963013
-370.350006    572.494995
-368.992004    571.018982
-367.638000    569.546021
-366.282013    568.067017
-364.928009    566.591980
-363.575989    565.117981
-362.221985    563.645996
-360.862000    562.169006
-359.510010    560.702026
-358.158997    559.234985
-356.807007    557.762024
-355.457001    556.284973
-354.101990    554.802979
-352.752014    553.328979
-351.398987    551.851990
-350.042999    550.380981
-348.688995    548.911011
-347.332001    547.437012
-345.980011    545.965027
-344.630005    544.487976
-343.282013    543.010010
-341.932007    541.533020
-340.582001    540.057007
-339.229004    538.580017
-337.877991    537.104980
-336.528015    535.630981
-335.171997    534.158020
-333.820007    532.692993
-332.459991    531.216980
-331.104004    529.744019
-329.752014    528.268982
-328.402008    526.796021
-327.045013    525.314026
-325.690002    523.835022
-324.342987    522.362976
-322.990997    520.888000
-321.647003    519.424011
-320.295990    517.948975
-318.938995    516.469971
-317.592987    514.997986
-316.234009    513.510986
-314.882996    512.036011
-313.532990    510.558990
-312.174011    509.071991
-310.832001    507.606995
-309.490997    506.140991
-308.130005    504.654999
-306.789001    503.188995
-305.433990    501.709015
-304.079010    500.226013
-302.726990    498.751007
-301.377014    497.276001
-300.029999    495.803009
-298.675995    494.321991
-297.325012    492.846008
-295.975006    491.369995
-294.622986    489.894989
-293.282013    488.428009
-291.932007    486.951996
-290.578003    485.471985
-289.226990    483.993988
-287.872009    482.513000
-286.527008    481.042999
-285.177002    479.566010
-283.825989    478.088989
-282.471008    476.606995
-281.119995    475.131989
-279.773010    473.661011
-278.417999    472.179993
-277.071014    470.709015
-275.721008    469.234985
-274.368988    467.756989
-273.023987    466.287994
-271.664001    464.802002
-270.312988    463.325989
-268.964996    461.855988
-267.614014    460.380005
-266.257996    458.899994
-264.907013    457.424988
-263.559998    455.954010
-262.213989    454.483002
-260.856995    453.002991
-259.502991    451.522003
-258.157013    450.050995
-256.802002    448.570007
-255.451996    447.092010
-254.102005    445.615997
-252.751999    444.140991
-251.401993    442.662994
-250.052002    441.187012
-248.703003    439.709991
-247.356995    438.239014
-246.001999    436.765015
-244.653000    435.296997
-243.298004    433.825012
-241.945007    432.351990
-240.587006    430.871002
-239.237000    429.397003
-237.882996    427.920990
-236.533005    426.446991
-235.173996    424.968994
-233.820007    423.497009
-232.473999    422.032990
-231.119995    420.561005
-229.768005    419.078003
-228.425995    417.601990
-227.070999    416.112000
-225.729004    414.636993
-224.380005    413.169006
-223.024994    411.696991
-221.662003    410.214996
-220.307007    408.742004
-218.962997    407.269989
-217.608994    405.786987
-216.261002    404.308014
-214.912003    402.830994
-213.557999    401.358002
-212.203003    399.885010
-210.852997    398.417999
-209.503006    396.950012
-208.143005    395.464996
-206.794998    393.994995
-205.449997    392.523010
-204.098007    391.048004
-202.744003    389.569000
-201.386993    388.087006
-200.044998    386.622009
-198.692993    385.147003
-197.334000    383.660004
-195.990997    382.196014
-194.632004    380.709015
-193.281006    379.231995
-191.931000    377.756989
-190.584000    376.286011
-189.227997    374.806000
-187.876999    373.330994
-186.529007    371.859985
-185.177994    370.385010
-183.826996    368.911011
-182.470001    367.429993
-181.117004    365.955994
-179.772003    364.493988
-178.406006    363.011993
-177.052002    361.540009
-175.703995    360.070007
-174.354996    358.592987
-173.005005    357.118011
-171.660004    355.644989
-170.304993    354.164001
-168.959000    352.691986
-167.598999    351.204987
-166.240997    349.718994
-164.893005    348.251007
-163.539001    346.776001
-162.188004    345.308990
-160.843994    343.846985
-159.496002    342.377014
-158.145004    340.899994
-156.792007    339.419006
-155.432999    337.931000
-154.082993    336.455994
-152.733002    334.979004
-151.388000    333.506012
-150.033997    332.024994
-148.684998    330.546997
-147.337997    329.076996
-145.981003    327.596985
-144.630005    326.121002
-143.283997    324.649994
-141.932007    323.177002
-140.584000    321.707001
-139.227005    320.227997
-137.878998    318.759003
-136.528000    317.282013
-135.177994    315.804993
-133.817993    314.320007
-132.468002    312.842987
-131.117004    311.368011
-129.764008    309.884003
-128.429001    308.420990
-127.075996    306.940002
-125.730003    305.467010
-124.374001    303.988007
-123.014999    302.509003
-121.663002    301.033997
-120.308998    299.561005
-118.960999    298.084015
-117.623001    296.614014
-116.276001    295.135010
-114.924004    293.649994
-113.573997    292.183014
-112.203003    290.696991
-110.851997    289.231995
-109.496002    287.760986
-108.141998    286.287994
-106.796997    284.816986
-105.448997    283.346008
-104.098999    281.869995
-102.746002    280.394012
-101.391998    278.912994
-100.041000    277.438995
-98.694000    275.967987
-97.339996    274.487000
-95.991997    273.015991
-94.633003    271.529999
-93.281998    270.053986
-91.930000    268.579987
-90.571999    267.100006
-89.228996    265.635986
-87.879997    264.167999
-86.522003    262.687988
-85.176003    261.217987
-83.825996    259.740997
-82.473999    258.266998
-81.121002    256.791992
-79.766998    255.319000
-78.410004    253.841995
-77.054001    252.369003
-75.703003    250.895004
-74.351997    249.419006
-72.997002    247.936996
-71.652000    246.464996
-70.296997    244.983994
-68.946999    243.507996
-67.597000    242.029999
-66.255997    240.563004
-64.904999    239.089005
-63.544998    237.612000
-62.183998    236.136002
-60.827999    234.664993
-59.473000    233.192001
-58.124001    231.714005
-56.779999    230.240005
-55.431999    228.763000
-54.084000    227.285995
-52.731998    225.809006
-51.387001    224.339005
-50.035999    222.862000
-48.686001    221.386002
-47.334999    219.910995
-45.976002    218.425003
-44.615002    216.938004
-43.270000    215.466003
-41.917999    213.983994
-40.573002    212.509995
-39.230000    211.037994
-37.876999    209.561996
-36.525002    208.089005
-35.174999    206.619995
-33.819000    205.139999
-32.465000    203.667007
-31.115000    202.199997
-29.761999    200.725006
-28.413000    199.257996
-27.058001    197.776993
-25.709000    196.298004
-24.365000    194.826996
-23.006001    193.339005
-21.655001    191.863007
-20.304001    190.388000
-18.948000    188.908997
-17.615999    187.451996
-16.259001    185.972000
-14.909000    184.503006
-13.561000    183.035004
-12.190000    181.541000
-10.840000    180.065002
-9.489000    178.589005
-8.139000    177.112000
-6.789000    175.634995
-5.447000    174.169998
-4.094000    172.695999
-2.741000    171.222000
-1.389000    169.748001
-0.032000    168.270004
1.317000    166.798996
2.669000    165.324997
4.030000    163.841003
5.377000    162.371002
6.734000    160.889999
8.081000    159.419998
9.428000    157.951004
10.789000    156.475998
12.141000    155.000000
13.488000    153.529999
14.840000    152.054993
16.191999    150.580002
17.549000    149.100006
18.905001    147.621002
20.257999    146.145004
21.607000    144.669006
22.955000    143.190994
24.299000    141.716003
25.652000    140.233994
27.000000    138.755005
28.348000    137.276993
29.697001    135.800995
31.042000    134.328003
32.396999    132.845993
33.749001    131.371994
35.092999    129.908005
36.445999    128.434006
37.799000    126.959999
39.151001    125.485001
40.507999    124.007004
41.855999    122.537003
43.217999    121.052002
44.560001    119.586998
45.921001    118.101997
47.269001    116.632004
48.623001    115.150002
49.972000    113.672997
51.312000    112.206001
52.666000    110.724998
54.014000    109.253998
55.366001    107.779999
56.727001    106.295998
58.078999    104.820000
59.428001    103.342003
60.772999    101.870003
62.125000    100.387001
63.474998    98.911003
64.829002    97.436996
66.177002    95.967003
67.533997    94.487999
68.883003    93.011002
70.232002    91.532997
71.581001    90.055000
72.939003    88.568001
74.282997    87.096001
75.632004    85.617996
76.975998    84.144997
78.316002    82.677002
79.667999    81.202003
81.018997    79.726997
82.375999    78.247002
83.733002    76.767998
85.083000    75.291000
86.424004    73.817001
87.776001    72.339996
89.133003    70.879997
90.492996    69.403000
91.834999    67.928001
93.186996    66.444000
94.538002    64.959999
95.887001    63.481998
97.239998    62.008999
98.593002    60.534000
99.949997    59.054001
101.301003    57.578999
102.648003    56.109001
103.999001    54.633999
105.350998    53.158001
106.695999    51.688000
108.049004    50.213001
109.397003    48.742001
110.751999    47.263000
112.098000    45.791000
113.447998    44.314999
114.804001    42.833000
116.158997    41.352001
117.508003    39.875000
118.852997    38.403000
120.208000    36.922001
121.561996    35.438999
122.911003    33.962002
124.260002    32.484001
125.617996    30.997000
126.962997    29.525999
128.317001    28.045000
129.669006    26.566999
130.985992    25.125999
132.335999    23.649000
133.688004    22.174000
135.048996    20.690001
136.404999    19.209999
137.751999    17.740000
139.110992    16.271000
140.475998    14.800000
141.837006    13.330000
143.195999    11.863000
144.554993    10.397000
145.910004    8.933000
147.276001    7.453000
148.636993    5.977000
149.994995    4.516000
151.345993    3.032000
152.699005    1.538000
154.042007    0.055000
155.389008    -1.434000
156.643005    -2.848000
158.067993    -4.469000
159.382004    -5.968000
160.701996    -7.472000
162.026001    -8.982000
163.356995    -10.529000
164.662994    -12.055000
165.975006    -13.590000
167.264008    -15.113000
168.598007    -16.695000
169.876007    -18.232000
171.199005    -19.825001
172.449997    -21.386000
173.725006    -23.007999
174.962006    -24.580999
176.220001    -26.209000
177.416000    -27.802999
178.593994    -29.430000
179.798004    -31.094000
180.983994    -32.731998
182.171005    -34.369999
183.311005    -36.047001
184.455002    -37.757000
185.522003    -39.324001
186.751007    -41.175999
187.817001    -42.869999
188.871994    -44.651001
189.947998    -46.438999
190.985992    -48.148998
191.992996    -49.877998
193.001007    -51.696999
193.919998    -53.469002
194.886002    -55.347000
195.796005    -57.129002
196.705002    -59.014999
197.591995    -60.865002
198.490997    -62.717999
199.330994    -64.533997
200.190002    -66.431000
200.990997    -68.339996
201.755005    -70.280998
202.449005    -72.190002
203.151993    -74.168999
203.824005    -76.096001
204.442993    -78.042999
205.080002    -80.055000
205.656006    -81.972000
206.259003    -84.017998
206.727997    -86.005997
207.153000    -88.013000
207.559998    -89.982002
207.932007    -92.061996
208.296997    -94.117996
208.656998    -96.189003
208.964996    -98.195999
209.171997    -100.257004
209.386002    -102.474998
209.559006    -104.470001
209.675995    -106.537003
209.768005    -108.535004
209.815002    -110.684998
209.798004    -112.765999
209.671005    -114.764999
209.539993    -116.966003
209.391998    -118.961998
209.177002    -121.206001
208.988007    -123.199997
208.750000    -125.267998
208.492996    -127.223000
208.194000    -129.190994
207.768997    -131.354996
207.302002    -133.438004
206.820007    -135.399994
206.320007    -137.350006
205.753998    -139.354004
205.089005    -141.509995
204.490005    -143.408997
203.791000    -145.378006
203.072998    -147.362000
202.279999    -149.311996
201.503998    -151.184006
200.630997    -153.048996
199.735001    -154.839996
198.753998    -156.806000
197.725006    -158.776001
196.759003    -160.524994
195.697006    -162.360992
194.595001    -164.121002
193.544006    -165.781998
192.429993    -167.455002
191.238007    -169.216995
189.953995    -170.945007
188.723007    -172.574997
187.473999    -174.128998
186.132996    -175.766998
184.682999    -177.416000
183.358994    -178.916000
181.964005    -180.378998
180.550003    -181.839996
179.061005    -183.322006
177.391998    -184.931000
175.897995    -186.261993
174.354004    -187.595001
172.714996    -188.973007
171.149002    -190.209000
169.572006    -191.432007
167.804001    -192.725998
166.080002    -193.917999
164.421997    -195.028000
162.686996    -196.173996
160.912994    -197.264999
159.197006    -198.274994
157.367004    -199.270996
155.429001    -200.304993
153.600006    -201.235992
151.712006    -202.169006
149.776001    -202.992996
147.826004    -203.774994
145.897003    -204.470993
143.931000    -205.143005
141.908997    -205.852005
139.931000    -206.544006
138.065002    -207.126007
135.964996    -207.722000
134.033005    -208.205002
132.052002    -208.690002
129.966003    -209.182999
127.884003    -209.548004
125.901001    -209.880005
123.927002    -210.203995
121.719002    -210.488998
119.653999    -210.712997
117.660004    -210.886993
115.589996    -211.042999
113.525002    -211.162003
111.431999    -211.225006
109.383003    -211.225998
107.269997    -211.199005
105.157997    -211.130997
103.103996    -211.009003
100.997002    -210.824997
98.931999    -210.600006
96.903999    -210.373993
94.873001    -210.100998
92.859001    -209.729996
90.806999    -209.350998
88.653000    -208.949005
86.633003    -208.464996
84.738998    -208.000000
82.782997    -207.440994
80.793999    -206.856995
78.768997    -206.218002
76.697998    -205.522995
74.617996    -204.761002
72.736000    -204.020004
70.824997    -203.250000
69.014999    -202.449005
67.184998    -201.610001
65.265999    -200.660004
63.455002    -199.748993
61.708000    -198.830994
59.811001    -197.802994
57.980999    -196.738007
56.165001    -195.593002
54.444000    -194.481995
52.765999    -193.330002
51.074001    -192.145004
49.487000    -190.934006
47.747002    -189.604996
46.089001    -188.278000
44.462002    -186.921997
42.967999    -185.580994
41.374001    -184.126007
39.918999    -182.731995
38.498001    -181.304993
37.043999    -179.779999
35.688999    -178.317001
34.212002    -176.677002
32.862000    -175.091995
31.589001    -173.501999
30.356001    -171.921005
29.039000    -170.218994
27.812000    -168.535995
26.615000    -166.796005
25.524000    -165.117996
24.371000    -163.341995
23.341999    -161.626999
22.237000    -159.776993
21.268999    -158.026001
20.313000    -156.268997
19.311001    -154.375000
18.414000    -152.576996
17.490999    -150.647003
16.667999    -148.826996
15.801000    -146.875000
15.024000    -145.018005
14.227000    -143.052994
13.511000    -141.184998
12.767000    -139.216995
12.119000    -137.324997
11.451000    -135.354996
10.834000    -133.440994
10.220000    -131.539001
9.626000    -129.472000
9.076000    -127.527000
8.563000    -125.571999
8.061000    -123.637001
7.559000    -121.558998
7.111000    -119.609001
6.670000    -117.580002
6.260000    -115.622002
5.850000    -113.596001
5.478000    -111.628998
5.098000    -109.512001
4.775000    -107.518997
4.460000    -105.542999
4.184000    -103.551003
3.912000    -101.559998
3.665000    -99.505997
3.427000    -97.519997
3.204000    -95.484001
2.992000    -93.495003
2.797000    -91.436996
2.620000    -89.445000
2.446000    -87.337997
2.290000    -85.343002
2.146000    -83.366997
2.023000    -81.369003
1.901000    -79.362999
1.796000    -77.346001
1.692000    -75.348000
1.606000    -73.292000
1.528000    -71.292999
1.455000    -69.293999
1.384000    -67.293999
1.319000    -65.237999
1.264000    -63.237999
1.211000    -61.237999
1.170000    -59.209999
1.130000    -57.219002
1.086000    -55.217999
1.039000    -53.219002
0.991000    -51.217999
0.942000    -49.217999
0.895000    -47.208000
0.848000    -45.216999
0.801000    -43.217999
0.755000    -41.208000
0.711000    -39.208000
0.676000    -37.198002
0.640000    -35.207001
0.604000    -33.206001
0.568000    -31.207001
0.531000    -29.205999
0.492000    -27.205000
0.455000    -25.205000
0.418000    -23.204000
0.380000    -21.204000
0.343000    -19.204000
0.305000    -17.204000
0.262000    -15.203000
0.220000    -13.203000
0.181000    -11.202000
0.150000    -9.202000
0.120000    -7.201000
0.085000    -5.192000
0.050000    -3.191000
0.017000    -1.191000
