3.760    1.671    -0.000
3.721    3.671    -0.000
3.682    5.672    -0.000
3.643    7.671    -0.000
3.609    9.672    -0.000
3.576    11.673    -0.000
3.544    13.673    -0.000
3.511    15.674    -0.000
3.478    17.674    -0.000
3.446    19.675    -0.000
3.412    21.675    -0.000
3.379    23.676    -0.000
3.345    25.676    -0.000
3.310    27.676    -0.000
3.278    29.677    -0.000
3.245    31.677    -0.000
3.212    33.678    -0.000
3.179    35.678    -0.000
3.146    37.679    -0.000
3.111    39.679    -0.000
3.077    41.680    -0.000
3.043    43.680    -0.000
3.008    45.680    -0.000
2.948    47.681    -0.000
2.887    49.680    -0.000
2.826    51.680    -0.000
2.763    53.680    -0.000
2.680    55.679    -0.000
2.574    57.676    -0.000
2.449    59.673    -0.000
2.299    61.668    -0.000
2.106    63.660    -0.000
1.902    65.650    -0.000
1.699    67.641    -0.000
1.486    69.629    -0.000
1.248    71.616    -0.000
1.040    73.606    -0.000
0.833    75.595    -0.000
0.594    77.582    -0.000
0.307    79.562    -0.000
0.005    81.540    -0.001
-0.326    83.512    -0.001
-0.668    85.484    -0.001
-1.020    87.453    -0.001
-1.366    89.423    -0.001
-1.755    91.386    -0.001
-2.148    93.348    -0.001
-2.565    95.304    -0.001
-3.005    97.256    -0.001
-3.461    99.204    -0.001
-3.917    101.152    -0.001
-4.410    103.091    -0.001
-4.923    105.025    -0.001
-5.458    106.953    -0.001
-5.988    108.882    -0.001
-6.539    110.805    -0.001
-7.110    112.722    -0.001
-7.686    114.639    -0.001
-8.262    116.555    -0.001
-8.845    118.469    -0.001
-9.453    120.375    -0.001
-10.067    122.279    -0.001
-10.717    124.171    -0.001
-11.368    126.064    -0.001
-12.039    127.948    -0.001
-12.725    129.827    -0.001
-13.437    131.697    -0.001
-14.151    133.566    -0.001
-14.895    135.423    -0.001
-15.648    137.277    -0.002
-16.439    139.114    -0.002
-17.251    140.942    -0.002
-18.072    142.767    -0.002
-18.909    144.585    -0.002
-19.758    146.396    -0.002
-20.610    148.207    -0.002
-21.468    150.013    -0.002
-22.346    151.811    -0.002
-23.226    153.608    -0.002
-24.111    155.402    -0.002
-24.997    157.197    -0.002
-25.930    158.966    -0.002
-26.869    160.733    -0.002
-27.827    162.488    -0.002
-28.792    164.241    -0.002
-29.782    165.980    -0.002
-30.786    167.710    -0.002
-31.813    169.428    -0.002
-32.854    171.136    -0.002
-33.905    172.840    -0.002
-34.965    174.536    -0.002
-36.044    176.221    -0.003
-37.137    177.897    -0.003
-38.241    179.565    -0.003
-39.362    181.222    -0.003
-40.488    182.875    -0.003
-41.625    184.522    -0.003
-42.764    186.167    -0.003
-43.925    187.796    -0.003
-45.087    189.425    -0.003
-46.272    191.037    -0.003
-47.457    192.649    -0.003
-48.654    194.252    -0.003
-49.853    195.854    -0.003
-51.090    197.427    -0.003
-52.333    198.995    -0.003
-53.613    200.531    -0.003
-54.908    202.056    -0.003
-56.224    203.564    -0.004
-57.548    205.063    -0.004
-58.877    206.559    -0.004
-60.209    208.051    -0.004
-61.550    209.537    -0.004
-62.901    211.012    -0.004
-64.251    212.488    -0.004
-65.599    213.967    -0.004
-66.947    215.446    -0.004
-68.295    216.924    -0.004
-69.641    218.404    -0.004
-70.989    219.883    -0.004
-72.336    221.363    -0.004
-73.691    222.835    -0.004
-75.045    224.307    -0.004
-76.397    225.782    -0.004
-77.744    227.261    -0.005
-79.094    228.738    -0.005
-80.444    230.215    -0.005
-81.793    231.692    -0.005
-83.143    233.168    -0.005
-84.493    234.645    -0.005
-85.844    236.121    -0.005
-87.194    237.598    -0.005
-88.545    239.073    -0.005
-89.895    240.549    -0.005
-91.245    242.027    -0.005
-92.594    243.504    -0.005
-93.943    244.981    -0.005
-95.293    246.458    -0.005
-96.648    247.930    -0.006
-98.003    249.402    -0.006
-99.358    250.875    -0.006
-100.711    252.348    -0.006
-102.063    253.823    -0.006
-103.413    255.300    -0.006
-104.764    256.776    -0.006
-106.114    258.251    -0.006
-107.466    259.727    -0.006
-108.817    261.202    -0.006
-110.169    262.678    -0.006
-111.520    264.153    -0.006
-112.871    265.629    -0.007
-114.221    267.106    -0.007
-115.572    268.582    -0.007
-116.921    270.058    -0.007
-118.273    271.533    -0.007
-119.626    273.007    -0.007
-120.978    274.481    -0.007
-122.331    275.957    -0.007
-123.682    277.431    -0.007
-125.035    278.905    -0.007
-126.387    280.381    -0.007
-127.739    281.855    -0.008
-129.092    283.329    -0.008
-130.445    284.803    -0.008
-131.798    286.276    -0.008
-133.152    287.750    -0.008
-134.502    289.226    -0.008
-135.852    290.703    -0.008
-137.201    292.181    -0.008
-138.550    293.658    -0.008
-139.899    295.135    -0.008
-141.249    296.613    -0.008
-142.598    298.090    -0.009
-143.948    299.567    -0.009
-145.298    301.043    -0.009
-146.651    302.517    -0.009
-148.004    303.990    -0.009
-149.357    305.465    -0.009
-150.711    306.938    -0.009
-152.066    308.409    -0.009
-153.422    309.881    -0.009
-154.778    311.352    -0.010
-156.132    312.824    -0.010
-157.480    314.303    -0.010
-158.830    315.780    -0.010
-160.178    317.258    -0.010
-161.527    318.736    -0.010
-162.878    320.211    -0.010
-164.230    321.687    -0.010
-165.581    323.162    -0.010
-166.933    324.637    -0.010
-168.285    326.112    -0.011
-169.638    327.586    -0.011
-170.990    329.059    -0.011
-172.343    330.534    -0.011
-173.693    332.011    -0.011
-175.042    333.488    -0.011
-176.391    334.966    -0.011
-177.741    336.443    -0.011
-179.090    337.921    -0.011
-180.440    339.397    -0.012
-181.789    340.874    -0.012
-183.139    342.351    -0.012
-184.489    343.828    -0.012
-185.838    345.304    -0.012
-187.188    346.782    -0.012
-188.538    348.258    -0.012
-189.893    349.730    -0.012
-191.248    351.202    -0.013
-192.605    352.672    -0.013
-193.961    354.143    -0.013
-195.313    355.618    -0.013
-196.664    357.094    -0.013
-198.016    358.569    -0.013
-199.366    360.045    -0.013
-200.719    361.519    -0.013
-202.072    362.994    -0.014
-203.426    364.467    -0.014
-204.778    365.940    -0.014
-206.131    367.416    -0.014
-207.482    368.890    -0.014
-208.834    370.365    -0.014
-210.186    371.840    -0.014
-211.536    373.316    -0.014
-212.884    374.795    -0.015
-214.231    376.274    -0.015
-215.579    377.753    -0.015
-216.928    379.230    -0.015
-218.283    380.703    -0.015
-219.637    382.175    -0.015
-220.992    383.647    -0.015
-222.346    385.121    -0.016
-223.700    386.593    -0.016
-225.053    388.067    -0.016
-226.408    389.540    -0.016
-227.761    391.012    -0.016
-229.114    392.488    -0.016
-230.464    393.963    -0.016
-231.816    395.439    -0.017
-233.167    396.914    -0.017
-234.518    398.390    -0.017
-235.869    399.866    -0.017
-237.220    401.342    -0.017
-238.570    402.818    -0.017
-239.920    404.295    -0.017
-241.268    405.773    -0.018
-242.617    407.250    -0.018
-243.966    408.727    -0.018
-245.317    410.205    -0.018
-246.667    411.680    -0.018
-248.017    413.157    -0.018
-249.368    414.633    -0.018
-250.719    416.108    -0.019
-252.071    417.584    -0.019
-253.423    419.058    -0.019
-254.775    420.532    -0.019
-256.126    422.008    -0.019
-257.477    423.484    -0.019
-258.827    424.960    -0.019
-260.178    426.437    -0.020
-261.528    427.913    -0.020
-262.877    429.392    -0.020
-264.225    430.869    -0.020
-265.574    432.347    -0.020
-266.922    433.825    -0.020
-268.274    435.300    -0.021
-269.626    436.774    -0.021
-270.979    438.249    -0.021
-272.331    439.723    -0.021
-273.684    441.197    -0.021
-275.035    442.673    -0.021
-276.388    444.147    -0.021
-277.740    445.621    -0.022
-279.091    447.098    -0.022
-280.441    448.574    -0.022
-281.792    450.050    -0.022
-283.142    451.526    -0.022
-284.491    453.003    -0.022
-285.840    454.481    -0.023
-287.189    455.959    -0.023
-288.538    457.436    -0.023
-289.888    458.913    -0.023
-291.242    460.386    -0.023
-292.595    461.859    -0.023
-293.949    463.334    -0.024
-295.301    464.807    -0.024
-296.654    466.281    -0.024
-298.006    467.756    -0.024
-299.359    469.230    -0.024
-300.711    470.704    -0.025
-302.062    472.181    -0.025
-303.411    473.658    -0.025
-304.762    475.135    -0.025
-306.111    476.611    -0.025
-307.461    478.088    -0.025
-308.809    479.567    -0.026
-310.158    481.044    -0.026
-311.507    482.521    -0.026
-312.858    483.998    -0.026
-314.212    485.470    -0.026
-315.567    486.942    -0.026
-316.921    488.415    -0.027
-318.275    489.888    -0.027
-319.628    491.362    -0.027
-320.980    492.837    -0.027
-322.333    494.311    -0.027
-323.685    495.784    -0.028
-325.038    497.260    -0.028
-326.390    498.734    -0.028
-327.742    500.208    -0.028
-329.094    501.684    -0.028
-330.444    503.161    -0.028
-331.792    504.639    -0.029
-333.142    506.116    -0.029
-334.491    507.593    -0.029
-335.844    509.067    -0.029
-337.197    510.540    -0.029
-338.551    512.013    -0.030
-339.904    513.487    -0.030
-341.255    514.964    -0.030
-342.603    516.441    -0.030
-343.952    517.920    -0.030
-345.301    519.396    -0.031
-346.654    520.871    -0.031
-348.008    522.344    -0.031
-349.362    523.816    -0.031
-350.717    525.288    -0.031
-352.070    526.762    -0.032
-353.422    528.237    -0.032
-354.774    529.713    -0.032
-356.126    531.187    -0.032
-357.477    532.662    -0.032
-358.826    534.140    -0.033
-360.175    535.618    -0.033
-361.524    537.095    -0.033
-362.873    538.573    -0.033
-364.222    540.050    -0.033
-365.570    541.528    -0.034
-366.920    543.006    -0.034
-368.269    544.483    -0.034
-369.620    545.960    -0.034
-370.970    547.435    -0.034
-372.321    548.911    -0.035
-373.671    550.388    -0.035
-375.025    551.861    -0.035
-376.379    553.333    -0.035
-377.734    554.806    -0.035
-379.088    556.278    -0.036
-380.443    557.750    -0.036
-381.797    559.224    -0.036
-383.151    560.695    -0.036
-384.507    562.168    -0.036
-385.860    563.642    -0.037
-387.211    565.117    -0.037
-388.562    566.592    -0.037
-389.914    568.068    -0.037
-391.264    569.543    -0.038
-392.614    571.021    -0.038
-393.962    572.499    -0.038
-395.311    573.976    -0.038
-396.660    575.453    -0.038
-398.014    576.928    -0.039
-399.366    578.401    -0.039
-400.720    579.875    -0.039
-402.073    581.349    -0.039
-403.424    582.825    -0.039
-404.773    584.302    -0.040
-406.124    585.778    -0.040
-407.473    587.255    -0.040
-408.823    588.732    -0.040
-410.172    590.209    -0.041
-411.522    591.686    -0.041
-412.870    593.164    -0.041
-414.221    594.640    -0.041
-415.573    596.115    -0.041
-416.926    597.590    -0.042
-418.277    599.064    -0.042
-419.628    600.540    -0.042
-420.980    602.015    -0.042
-422.330    603.491    -0.043
-423.682    604.967    -0.043
-425.032    606.443    -0.043
-426.384    607.917    -0.043
-427.735    609.393    -0.044
-429.087    610.869    -0.044
-430.438    612.343    -0.044
-431.788    613.821    -0.044
-433.136    615.299    -0.044
-434.485    616.777    -0.045
-435.833    618.255    -0.045
-437.187    619.728    -0.045
-438.542    621.201    -0.045
-439.898    622.671    -0.046
-441.254    624.142    -0.046
-442.609    625.615    -0.046
-443.961    627.089    -0.046
-445.314    628.563    -0.047
-446.667    630.038    -0.047
-448.017    631.513    -0.047
-449.365    632.992    -0.047
-450.712    634.471    -0.048
-452.060    635.949    -0.048
-453.408    637.427    -0.048
-454.757    638.906    -0.048
-456.104    640.384    -0.049
-457.453    641.862    -0.049
-458.802    643.340    -0.049
-460.153    644.815    -0.049
-461.504    646.291    -0.050
-462.856    647.767    -0.050
-464.207    649.242    -0.050
-465.561    650.716    -0.050
-466.914    652.189    -0.051
-468.268    653.661    -0.051
-469.621    655.135    -0.051
-470.973    656.611    -0.051
-472.322    658.087    -0.052
-473.672    659.565    -0.052
-475.022    661.041    -0.052
-476.371    662.518    -0.052
-477.719    663.997    -0.053
-479.067    665.475    -0.053
-480.415    666.954    -0.053
-481.767    668.429    -0.053
-483.122    669.900    -0.054
-484.478    671.373    -0.054
-485.833    672.844    -0.054
-487.189    674.316    -0.054
-488.541    675.790    -0.055
-489.893    677.264    -0.055
-491.247    678.738    -0.055
-492.599    680.213    -0.055
-493.951    681.687    -0.056
-495.303    683.162    -0.056
-496.655    684.637    -0.056
-498.006    686.112    -0.056
-499.361    687.584    -0.057
-500.716    689.057    -0.057
-502.071    690.529    -0.057
-503.426    692.000    -0.058
-504.792    693.463    -0.058
-506.160    694.923    -0.058
-507.528    696.383    -0.058
-508.897    697.842    -0.059
-510.288    699.279    -0.059
-511.690    700.706    -0.059
-513.092    702.133    -0.059
-514.494    703.561    -0.060
-515.912    704.972    -0.060
-517.336    706.378    -0.060
-518.760    707.783    -0.060
-520.183    709.190    -0.061
-521.593    710.609    -0.061
-523.004    712.027    -0.061
-524.447    713.414    -0.062
-525.892    714.797    -0.062
-527.352    716.165    -0.062
-528.806    717.540    -0.062
-530.250    718.925    -0.063
-531.703    720.300    -0.063
-533.173    721.658    -0.063
-534.645    723.011    -0.063
-536.127    724.356    -0.064
-537.609    725.700    -0.064
-539.101    727.033    -0.064
-540.608    728.349    -0.065
-542.115    729.666    -0.065
-543.621    730.982    -0.065
-545.128    732.298    -0.065
-546.417    733.424    -0.066
-547.936    734.726    -0.066
-549.462    736.019    -0.066
-551.002    737.298    -0.067
-552.551    738.564    -0.067
-554.105    739.824    -0.067
-555.659    741.084    -0.067
-557.213    742.344    -0.068
-558.777    743.592    -0.068
-560.350    744.829    -0.068
-561.923    746.066    -0.069
-563.495    747.301    -0.069
-565.070    748.535    -0.069
-566.651    749.762    -0.069
-568.233    750.986    -0.070
-569.835    752.185    -0.070
-571.438    753.383    -0.070
-573.048    754.570    -0.070
-574.658    755.759    -0.071
-576.280    756.928    -0.071
-577.904    758.098    -0.071
-579.533    759.260    -0.072
-581.165    760.417    -0.072
-582.803    761.565    -0.072
-584.450    762.702    -0.073
-586.096    763.838    -0.073
-587.744    764.974    -0.073
-589.396    766.101    -0.073
-591.061    767.212    -0.074
-592.722    768.326    -0.074
-594.374    769.454    -0.074
-596.031    770.577    -0.075
-597.695    771.687    -0.075
-599.360    772.797    -0.075
-601.029    773.901    -0.075
-602.719    774.971    -0.076
-604.410    776.040    -0.076
-606.101    777.110    -0.076
-607.792    778.179    -0.077
-609.502    779.217    -0.077
-611.214    780.254    -0.077
-612.924    781.291    -0.077
-614.635    782.327    -0.078
-616.357    783.347    -0.078
-618.082    784.360    -0.078
-619.808    785.373    -0.079
-621.533    786.386    -0.079
-623.266    787.385    -0.079
-625.007    788.372    -0.079
-626.747    789.359    -0.080
-628.487    790.346    -0.080
-630.239    791.313    -0.080
-631.997    792.268    -0.081
-633.755    793.222    -0.081
-635.514    794.177    -0.081
-637.276    795.124    -0.082
-639.050    796.049    -0.082
-640.824    796.974    -0.082
-642.599    797.897    -0.082
-644.374    798.821    -0.083
-646.163    799.717    -0.083
-647.953    800.611    -0.083
-649.743    801.504    -0.084
-651.533    802.398    -0.084
-653.329    803.278    -0.084
-655.131    804.148    -0.084
-656.932    805.019    -0.085
-658.734    805.888    -0.085
-660.538    806.755    -0.085
-662.360    807.582    -0.086
-664.182    808.409    -0.086
-666.003    809.235    -0.086
-667.825    810.062    -0.087
-669.659    810.864    -0.087
-671.492    811.664    -0.087
-673.326    812.464    -0.087
-675.159    813.264    -0.088
-677.004    814.039    -0.088
-678.853    814.803    -0.088
-680.702    815.568    -0.089
-682.551    816.331    -0.089
-684.405    817.083    -0.089
-686.263    817.824    -0.089
-688.122    818.565    -0.090
-689.981    819.306    -0.090
-691.843    820.036    -0.090
-693.715    820.742    -0.091
-695.587    821.449    -0.091
-697.459    822.155    -0.091
-699.331    822.860    -0.092
-701.214    823.540    -0.092
-703.097    824.217    -0.092
-704.980    824.892    -0.092
-706.862    825.568    -0.093
-708.754    826.220    -0.093
-710.651    826.855    -0.093
-712.549    827.489    -0.094
-714.447    828.123    -0.094
-716.344    828.757    -0.094
-718.250    829.364    -0.094
-720.156    829.973    -0.095
-722.063    830.581    -0.095
-723.968    831.188    -0.095
-725.874    831.797    -0.096
-727.787    832.384    -0.096
-729.703    832.959    -0.096
-731.620    833.534    -0.097
-733.536    834.108    -0.097
-735.456    834.674    -0.097
-737.378    835.228    -0.097
-739.301    835.782    -0.098
-741.223    836.336    -0.098
-743.146    836.888    -0.098
-745.069    837.441    -0.099
-746.992    837.992    -0.099
-748.915    838.544    -0.099
-750.838    839.095    -0.100
-752.760    839.650    -0.100
-754.682    840.205    -0.100
-756.606    840.760    -0.100
-758.528    841.314    -0.101
-760.449    841.873    -0.101
-762.369    842.433    -0.101
-764.290    842.994    -0.102
-766.210    843.554    -0.102
-768.132    844.111    -0.102
-770.054    844.666    -0.103
-771.977    845.221    -0.103
-773.899    845.776    -0.103
-775.821    846.330    -0.103
-777.744    846.885    -0.104
-779.666    847.438    -0.104
-781.589    847.992    -0.104
-783.511    848.546    -0.105
-785.433    849.103    -0.105
-787.354    849.659    -0.105
-789.277    850.216    -0.106
-791.199    850.772    -0.106
-793.120    851.329    -0.106
-795.041    851.888    -0.107
-796.963    852.444    -0.107
-798.885    853.001    -0.107
-800.806    853.558    -0.108
-802.727    854.116    -0.108
-804.649    854.673    -0.108
-806.571    855.230    -0.108
-808.494    855.784    -0.109
-810.416    856.340    -0.109
-812.338    856.894    -0.109
-814.260    857.450    -0.110
-816.181    858.006    -0.110
-818.103    858.563    -0.110
-820.025    859.119    -0.111
-821.946    859.676    -0.111
-823.869    860.234    -0.111
-825.790    860.791    -0.112
-827.712    861.348    -0.112
-829.633    861.905    -0.112
-831.555    862.462    -0.113
-833.476    863.018    -0.113
-835.398    863.575    -0.113
-837.320    864.130    -0.114
-839.242    864.686    -0.114
-841.165    865.241    -0.114
-843.087    865.796    -0.115
-845.009    866.351    -0.115
-846.931    866.907    -0.115
-848.852    867.464    -0.116
-850.774    868.021    -0.116
-852.695    868.579    -0.116
-854.617    869.134    -0.117
-856.540    869.688    -0.117
-858.463    870.241    -0.117
-860.386    870.796    -0.118
-862.308    871.349    -0.118
-864.230    871.906    -0.118
-866.152    872.461    -0.119
-868.073    873.018    -0.119
-869.995    873.575    -0.119
-871.914    874.138    -0.120
-873.835    874.700    -0.120
-875.755    875.264    -0.120
-877.674    875.828    -0.121
-879.589    876.408    -0.121
-881.503    876.989    -0.121
-883.419    877.569    -0.122
-885.333    878.151    -0.122
-887.238    878.760    -0.122
-889.145    879.367    -0.123
-891.051    879.976    -0.123
-892.957    880.585    -0.123
-894.854    881.217    -0.124
-896.751    881.855    -0.124
-898.647    882.494    -0.124
-900.543    883.131    -0.125
-902.429    883.800    -0.125
-904.309    884.485    -0.126
-906.188    885.171    -0.126
-908.067    885.857    -0.126
-909.934    886.575    -0.127
-911.792    887.320    -0.127
-913.648    888.065    -0.127
-915.505    888.810    -0.128
-917.350    889.584    -0.128
-919.180    890.393    -0.129
-921.010    891.202    -0.129
-922.839    892.010    -0.129
-924.657    892.846    -0.130
-926.462    893.710    -0.130
-928.266    894.575    -0.130
-930.048    895.483    -0.131
-931.825    896.402    -0.131
-933.598    897.331    -0.132
-935.363    898.272    -0.132
-937.102    899.261    -0.132
-938.839    900.255    -0.133
-940.549    901.293    -0.133
-942.258    902.331    -0.134
-943.956    903.392    -0.134
-945.642    904.468    -0.134
-947.292    905.600    -0.135
-948.942    906.731    -0.135
-950.565    907.900    -0.136
-952.164    909.104    -0.136
-953.755    910.316    -0.136
-955.336    911.541    -0.137
-956.916    912.770    -0.137
-958.450    914.054    -0.138
-959.952    915.375    -0.138
-961.468    916.681    -0.138
-962.962    918.011    -0.139
-964.419    919.382    -0.139
-965.849    920.782    -0.140
-967.257    922.202    -0.140
-968.634    923.654    -0.141
-969.973    925.141    -0.141
-971.252    926.678    -0.141
-972.527    928.220    -0.142
-973.791    929.771    -0.142
-975.009    931.358    -0.143
-976.205    932.963    -0.143
-977.347    934.604    -0.143
-978.482    936.251    -0.144
-979.593    937.916    -0.144
-980.655    939.612    -0.145
-981.669    941.337    -0.145
-982.669    943.069    -0.146
-983.615    944.832    -0.146
-984.537    946.607    -0.146
-985.388    948.418    -0.147
-986.234    950.231    -0.147
-987.034    952.065    -0.148
-987.805    953.911    -0.148
-988.508    955.784    -0.148
-989.200    957.661    -0.149
-989.849    959.554    -0.149
-990.447    961.463    -0.150
-990.986    963.389    -0.150
-991.523    965.317    -0.150
-991.983    967.264    -0.151
-992.422    969.216    -0.151
-992.826    971.175    -0.151
-993.226    973.136    -0.152
-993.575    975.105    -0.152
-993.912    977.078    -0.152
-994.200    979.057    -0.153
-994.421    981.045    -0.153
-994.552    983.041    -0.153
-994.661    985.038    -0.154
-994.706    987.039    -0.154
-994.728    989.039    -0.154
-994.707    991.039    -0.155
-994.656    993.039    -0.155
-994.560    995.038    -0.155
-994.436    997.034    -0.156
-994.264    999.027    -0.156
-994.046    1001.016    -0.156
-993.772    1002.998    -0.156
-993.471    1004.975    -0.157
-993.134    1006.947    -0.157
-992.765    1008.914    -0.157
-992.396    1010.880    -0.157
-991.981    1012.836    -0.158
-991.475    1014.772    -0.158
-990.928    1016.696    -0.158
-990.326    1018.604    -0.158
-989.708    1020.507    -0.159
-989.050    1022.396    -0.159
-988.329    1024.263    -0.159
-987.555    1026.106    -0.159
-986.746    1027.937    -0.159
-985.915    1029.757    -0.160
-985.044    1031.558    -0.160
-984.109    1033.326    -0.160
-983.165    1035.089    -0.160
-982.219    1036.853    -0.160
-981.278    1038.618    -0.160
-980.292    1040.359    -0.160
-979.302    1042.097    -0.161
-978.247    1043.796    -0.161
-977.123    1045.452    -0.161
-975.922    1047.052    -0.161
-974.679    1048.619    -0.161
-973.413    1050.168    -0.161
-972.138    1051.710    -0.161
-970.815    1053.210    -0.161
-969.458    1054.680    -0.161
-968.076    1056.127    -0.161
-966.691    1057.571    -0.161
-965.261    1058.970    -0.161
-963.798    1060.336    -0.161
-962.304    1061.666    -0.161
-960.809    1062.995    -0.161
-959.267    1064.270    -0.161
-957.703    1065.518    -0.161
-956.097    1066.709    -0.161
-954.482    1067.892    -0.161
-952.836    1069.029    -0.161
-951.167    1070.132    -0.161
-949.479    1071.206    -0.161
-947.790    1072.278    -0.161
-946.095    1073.341    -0.161
-944.382    1074.373    -0.161
-942.631    1075.340    -0.161
-940.837    1076.226    -0.160
-939.020    1077.064    -0.160
-937.180    1077.849    -0.160
-935.334    1078.620    -0.160
-933.471    1079.348    -0.160
-931.597    1080.052    -0.160
-929.720    1080.742    -0.160
-927.812    1081.344    -0.159
-925.899    1081.929    -0.159
-923.980    1082.495    -0.159
-922.035    1082.967    -0.159
-920.091    1083.438    -0.159
-918.135    1083.861    -0.158
-916.179    1084.281    -0.158
-914.206    1084.613    -0.158
-912.228    1084.912    -0.158
-910.243    1085.159    -0.157
-908.258    1085.404    -0.157
-906.265    1085.584    -0.157
-904.269    1085.727    -0.157
-902.271    1085.811    -0.156
-900.272    1085.884    -0.156
-898.271    1085.909    -0.156
-896.271    1085.877    -0.156
-894.271    1085.812    -0.155
-892.275    1085.697    -0.155
-890.277    1085.570    -0.155
-888.284    1085.397    -0.154
-886.300    1085.149    -0.154
-884.319    1084.861    -0.154
-882.343    1084.556    -0.153
-880.372    1084.210    -0.153
-878.416    1083.791    -0.153
-876.464    1083.352    -0.152
-874.512    1082.912    -0.152
-872.578    1082.399    -0.152
-870.651    1081.862    -0.151
-868.744    1081.260    -0.151
-866.840    1080.642    -0.151
-864.944    1080.007    -0.150
-863.061    1079.329    -0.150
-861.194    1078.611    -0.150
-859.340    1077.858    -0.149
-857.491    1077.094    -0.149
-855.662    1076.284    -0.148
-853.846    1075.444    -0.148
-852.046    1074.571    -0.148
-850.246    1073.698    -0.147
-848.461    1072.796    -0.147
-846.692    1071.860    -0.146
-844.939    1070.896    -0.146
-843.204    1069.899    -0.146
-841.474    1068.894    -0.145
-839.753    1067.874    -0.145
-838.050    1066.823    -0.145
-836.371    1065.736    -0.144
-834.691    1064.649    -0.144
-833.029    1063.535    -0.143
-831.374    1062.412    -0.143
-829.744    1061.251    -0.142
-828.121    1060.081    -0.142
-826.510    1058.895    -0.142
-824.904    1057.703    -0.141
-823.323    1056.477    -0.141
-821.751    1055.240    -0.140
-820.193    1053.983    -0.140
-818.647    1052.714    -0.140
-817.114    1051.428    -0.139
-815.589    1050.132    -0.139
-814.069    1048.833    -0.138
-812.552    1047.527    -0.138
-811.066    1046.188    -0.138
-809.588    1044.840    -0.137
-808.123    1043.478    -0.137
-806.672    1042.100    -0.136
-805.221    1040.723    -0.136
-803.793    1039.321    -0.136
-802.374    1037.911    -0.135
-800.955    1036.500    -0.135
-799.554    1035.072    -0.134
-798.167    1033.630    -0.134
-796.789    1032.180    -0.134
-795.411    1030.728    -0.133
-794.037    1029.274    -0.133
-792.667    1027.817    -0.132
-791.341    1026.319    -0.132
-789.981    1024.851    -0.131
-788.617    1023.387    -0.131
-787.252    1021.925    -0.131
-785.887    1020.462    -0.130
-784.521    1019.000    -0.130
-783.162    1017.532    -0.129
-781.805    1016.062    -0.129
-780.448    1014.591    -0.129
-779.090    1013.122    -0.128
-777.737    1011.649    -0.128
-776.390    1010.168    -0.127
-775.043    1008.690    -0.127
-773.695    1007.210    -0.127
-772.346    1005.734    -0.126
-770.993    1004.260    -0.126
-769.640    1002.786    -0.125
-768.287    1001.313    -0.125
-766.935    999.837    -0.125
-765.585    998.360    -0.124
-764.234    996.885    -0.124
-762.884    995.409    -0.124
-761.537    993.929    -0.123
-760.191    992.449    -0.123
-758.845    990.968    -0.122
-757.499    989.489    -0.122
-756.148    988.012    -0.122
-754.796    986.537    -0.121
-753.443    985.063    -0.121
-752.091    983.589    -0.120
-750.738    982.115    -0.120
-749.386    980.641    -0.120
-748.032    979.168    -0.119
-746.679    977.693    -0.119
-745.326    976.219    -0.118
-743.977    974.743    -0.118
-742.626    973.266    -0.118
-741.277    971.789    -0.117
-739.926    970.314    -0.117
-738.574    968.839    -0.117
-737.220    967.365    -0.116
-735.868    965.891    -0.116
-734.516    964.416    -0.115
-733.164    962.941    -0.115
-731.814    961.464    -0.115
-730.463    959.989    -0.114
-729.112    958.513    -0.114
-727.760    957.038    -0.114
-726.408    955.564    -0.113
-725.055    954.090    -0.113
-723.703    952.615    -0.112
-722.352    951.139    -0.112
-721.002    949.663    -0.112
-719.651    948.186    -0.111
-718.302    946.710    -0.111
-716.950    945.235    -0.111
-715.599    943.758    -0.110
-714.247    942.284    -0.110
-712.896    940.809    -0.109
-711.545    939.332    -0.109
-710.196    937.856    -0.109
-708.845    936.379    -0.108
-707.495    934.903    -0.108
-706.143    933.428    -0.108
-704.792    931.952    -0.107
-703.439    930.478    -0.107
-702.088    929.003    -0.106
-700.735    927.528    -0.106
-699.384    926.053    -0.106
-698.032    924.579    -0.105
-696.679    923.104    -0.105
-695.328    921.630    -0.105
-693.976    920.154    -0.104
-692.625    918.679    -0.104
-691.273    917.204    -0.104
-689.922    915.728    -0.103
-688.573    914.250    -0.103
-687.224    912.773    -0.103
-685.875    911.295    -0.102
-684.525    909.818    -0.102
-683.170    908.346    -0.101
-681.816    906.873    -0.101
-680.461    905.401    -0.101
-679.106    903.929    -0.100
-677.757    902.451    -0.100
-676.409    900.973    -0.100
-675.060    899.496    -0.099
-673.712    898.018    -0.099
-672.360    896.543    -0.099
-671.008    895.068    -0.098
-669.655    893.593    -0.098
-668.304    892.119    -0.098
-666.954    890.642    -0.097
-665.605    889.164    -0.097
-664.256    887.686    -0.097
-662.907    886.208    -0.096
-661.555    884.735    -0.096
-660.199    883.263    -0.095
-658.845    881.790    -0.095
-657.490    880.318    -0.095
-656.136    878.845    -0.094
-654.783    877.371    -0.094
-653.431    875.896    -0.094
-652.078    874.423    -0.093
-650.726    872.948    -0.093
-649.372    871.475    -0.093
-648.019    870.002    -0.092
-646.665    868.528    -0.092
-645.314    867.053    -0.092
-643.964    865.576    -0.091
-642.615    864.098    -0.091
-641.266    862.621    -0.091
-639.914    861.146    -0.090
-638.559    859.673    -0.090
-637.205    858.201    -0.090
-635.851    856.729    -0.089
-634.497    855.255    -0.089
-633.145    853.780    -0.089
-631.792    852.306    -0.088
-630.440    850.831    -0.088
-629.089    849.356    -0.088
-627.739    847.880    -0.087
-626.389    846.403    -0.087
-625.039    844.926    -0.087
-623.688    843.450    -0.086
-622.337    841.975    -0.086
-620.985    840.500    -0.086
-619.633    839.025    -0.085
-618.281    837.550    -0.085
-616.930    836.075    -0.085
-615.578    834.599    -0.084
-614.227    833.124    -0.084
-612.875    831.649    -0.084
-611.526    830.172    -0.083
-610.175    828.696    -0.083
-608.825    827.220    -0.083
-607.474    825.743    -0.083
-606.124    824.267    -0.082
-604.774    822.791    -0.082
-603.422    821.315    -0.082
-602.071    819.841    -0.081
-600.717    818.367    -0.081
-599.363    816.894    -0.081
-598.009    815.422    -0.080
-596.657    813.946    -0.080
-595.305    812.471    -0.080
-593.955    810.996    -0.079
-592.603    809.520    -0.079
-591.254    808.043    -0.079
-589.905    806.565    -0.078
-588.558    805.086    -0.078
-587.209    803.608    -0.078
-585.859    802.132    -0.077
-584.506    800.657    -0.077
-583.153    799.184    -0.077
-581.800    797.709    -0.077
-580.447    796.236    -0.076
-579.093    794.763    -0.076
-577.741    793.288    -0.076
-576.391    791.811    -0.075
-575.042    790.334    -0.075
-573.693    788.856    -0.075
-572.344    787.379    -0.074
-570.994    785.903    -0.074
-569.644    784.426    -0.074
-568.295    782.949    -0.074
-566.944    781.473    -0.073
-565.593    779.997    -0.073
-564.239    778.524    -0.073
-562.887    777.050    -0.072
-561.533    775.576    -0.072
-560.181    774.102    -0.072
-558.830    772.626    -0.071
-557.479    771.150    -0.071
-556.127    769.675    -0.071
-554.777    768.199    -0.071
-553.426    766.723    -0.070
-552.076    765.247    -0.070
-550.725    763.770    -0.070
-549.374    762.296    -0.069
-548.020    760.822    -0.069
-546.667    759.348    -0.069
-545.314    757.874    -0.068
-543.961    756.401    -0.068
-542.608    754.926    -0.068
-541.257    753.451    -0.068
-539.904    751.977    -0.067
-538.553    750.501    -0.067
-537.202    749.026    -0.067
-535.850    747.551    -0.066
-534.499    746.075    -0.066
-533.147    744.601    -0.066
-531.797    743.124    -0.066
-530.446    741.648    -0.065
-529.096    740.172    -0.065
-527.744    738.696    -0.065
-526.393    737.221    -0.064
-525.040    735.747    -0.064
-523.688    734.272    -0.064
-522.335    732.798    -0.064
-520.984    731.323    -0.063
-519.631    729.848    -0.063
-518.280    728.374    -0.063
-516.926    726.900    -0.062
-515.575    725.424    -0.062
-514.222    723.950    -0.062
-512.870    722.476    -0.062
-511.518    721.000    -0.061
-510.168    719.525    -0.061
-508.817    718.048    -0.061
-507.468    716.571    -0.061
-506.117    715.095    -0.060
-504.765    713.620    -0.060
-503.412    712.147    -0.060
-502.059    710.673    -0.059
-500.706    709.199    -0.059
-499.354    707.724    -0.059
-498.005    706.247    -0.059
-496.654    704.770    -0.058
-495.304    703.294    -0.058
-493.951    701.820    -0.058
-492.596    700.348    -0.058
-491.240    698.877    -0.057
-489.885    697.406    -0.057
-488.530    695.932    -0.057
-487.183    694.454    -0.057
-485.834    692.976    -0.056
-484.487    691.497    -0.056
-483.138    690.019    -0.056
-481.788    688.542    -0.055
-480.437    687.067    -0.055
-479.086    685.591    -0.055
-477.735    684.115    -0.055
-476.385    682.639    -0.054
-475.035    681.163    -0.054
-473.685    679.686    -0.054
-472.334    678.210    -0.054
-470.984    676.734    -0.053
-469.634    675.257    -0.053
-468.282    673.782    -0.053
-466.931    672.307    -0.053
-465.580    670.830    -0.052
-464.231    669.354    -0.052
-462.881    667.876    -0.052
-461.531    666.400    -0.052
-460.179    664.925    -0.051
-458.827    663.451    -0.051
-457.473    661.977    -0.051
-456.120    660.504    -0.051
-454.767    659.029    -0.050
-453.419    657.551    -0.050
-452.071    656.073    -0.050
-450.722    654.595    -0.050
-449.373    653.118    -0.049
-448.024    651.641    -0.049
-446.674    650.163    -0.049
-445.325    648.686    -0.049
-443.973    647.210    -0.048
-442.621    645.737    -0.048
-441.267    644.263    -0.048
-439.915    642.789    -0.048
-438.561    641.315    -0.047
-437.210    639.840    -0.047
-435.858    638.364    -0.047
-434.507    636.889    -0.047
-433.157    635.414    -0.046
-431.806    633.937    -0.046
-430.457    632.460    -0.046
-429.107    630.984    -0.046
-427.757    629.507    -0.045
-426.406    628.031    -0.045
-425.056    626.554    -0.045
-423.705    625.078    -0.045
-422.355    623.603    -0.045
-421.002    622.127    -0.044
-419.649    620.654    -0.044
-418.295    619.181    -0.044
-416.943    617.706    -0.044
-415.593    616.230    -0.043
-414.244    614.752    -0.043
-412.895    613.274    -0.043
-411.546    611.797    -0.043
-410.199    610.318    -0.042
-408.852    608.839    -0.042
-407.504    607.360    -0.042
-406.157    605.881    -0.042
-404.803    604.407    -0.042
-403.451    602.933    -0.041
-402.098    601.458    -0.041
-400.746    599.984    -0.041
-399.393    598.510    -0.041
-398.042    597.034    -0.040
-396.689    595.560    -0.040
-395.338    594.085    -0.040
-393.988    592.607    -0.040
-392.639    591.131    -0.040
-391.290    589.654    -0.039
-389.939    588.177    -0.039
-388.588    586.702    -0.039
-387.235    585.227    -0.039
-385.883    583.754    -0.038
-384.530    582.279    -0.038
-383.178    580.804    -0.038
-381.825    579.330    -0.038
-380.473    577.856    -0.038
-379.120    576.381    -0.037
-377.767    574.908    -0.037
-376.413    573.435    -0.037
-375.060    571.961    -0.037
-373.704    570.490    -0.037
-372.348    569.019    -0.036
-370.991    567.548    -0.036
-369.635    566.078    -0.036
-368.282    564.605    -0.036
-366.930    563.128    -0.035
-365.579    561.653    -0.035
-364.228    560.178    -0.035
-362.876    558.703    -0.035
-361.522    557.230    -0.035
-360.168    555.757    -0.034
-358.814    554.283    -0.034
-357.461    552.810    -0.034
-356.109    551.336    -0.034
-354.757    549.860    -0.034
-353.405    548.386    -0.033
-352.053    546.912    -0.033
-350.700    545.436    -0.033
-349.349    543.962    -0.033
-347.996    542.487    -0.033
-346.644    541.012    -0.032
-345.291    539.538    -0.032
-343.939    538.064    -0.032
-342.587    536.589    -0.032
-341.234    535.115    -0.032
-339.883    533.640    -0.031
-338.530    532.166    -0.031
-337.178    530.692    -0.031
-335.825    529.217    -0.031
-334.473    527.742    -0.031
-333.121    526.268    -0.030
-331.769    524.793    -0.030
-330.416    523.319    -0.030
-329.067    521.842    -0.030
-327.718    520.363    -0.030
-326.370    518.886    -0.030
-325.020    517.409    -0.029
-323.669    515.933    -0.029
-322.315    514.460    -0.029
-320.962    512.987    -0.029
-319.608    511.513    -0.029
-318.258    510.037    -0.028
-316.911    508.557    -0.028
-315.564    507.078    -0.028
-314.217    505.599    -0.028
-312.868    504.121    -0.028
-311.515    502.647    -0.027
-310.164    501.172    -0.027
-308.811    499.697    -0.027
-307.460    498.222    -0.027
-306.110    496.746    -0.027
-304.759    495.269    -0.027
-303.409    493.794    -0.026
-302.058    492.317    -0.026
-300.708    490.841    -0.026
-299.358    489.365    -0.026
-298.008    487.888    -0.026
-296.656    486.412    -0.025
-295.304    484.938    -0.025
-293.951    483.463    -0.025
-292.599    481.990    -0.025
-291.245    480.516    -0.025
-289.894    479.040    -0.025
-288.542    477.565    -0.024
-287.191    476.090    -0.024
-285.839    474.615    -0.024
-284.489    473.139    -0.024
-283.139    471.662    -0.024
-281.790    470.185    -0.024
-280.439    468.709    -0.023
-279.088    467.233    -0.023
-277.735    465.758    -0.023
-276.384    464.284    -0.023
-275.031    462.809    -0.023
-273.680    461.334    -0.023
-272.328    459.859    -0.022
-270.976    458.383    -0.022
-269.625    456.909    -0.022
-268.273    455.434    -0.022
-266.922    453.958    -0.022
-265.571    452.483    -0.022
-264.220    451.008    -0.021
-262.868    449.531    -0.021
-261.518    448.055    -0.021
-260.167    446.580    -0.021
-258.816    445.104    -0.021
-257.465    443.628    -0.021
-256.116    442.150    -0.021
-254.766    440.674    -0.020
-253.416    439.198    -0.020
-252.066    437.720    -0.020
-250.717    436.244    -0.020
-249.366    434.767    -0.020
-248.017    433.290    -0.020
-246.663    431.816    -0.019
-245.310    430.343    -0.019
-243.956    428.869    -0.019
-242.603    427.397    -0.019
-241.251    425.922    -0.019
-239.900    424.445    -0.019
-238.549    422.970    -0.019
-237.198    421.494    -0.018
-235.846    420.020    -0.018
-234.493    418.546    -0.018
-233.141    417.071    -0.018
-231.787    415.598    -0.018
-230.435    414.124    -0.018
-229.082    412.648    -0.018
-227.731    411.174    -0.017
-226.378    409.700    -0.017
-225.026    408.225    -0.017
-223.674    406.750    -0.017
-222.323    405.275    -0.017
-220.970    403.800    -0.017
-219.620    402.324    -0.017
-218.270    400.847    -0.016
-216.921    399.370    -0.016
-215.571    397.893    -0.016
-214.221    396.417    -0.016
-212.869    394.941    -0.016
-211.517    393.467    -0.016
-210.165    391.991    -0.016
-208.813    390.517    -0.015
-207.460    389.043    -0.015
-206.108    387.568    -0.015
-204.756    386.094    -0.015
-203.402    384.621    -0.015
-202.049    383.147    -0.015
-200.696    381.673    -0.015
-199.343    380.200    -0.014
-197.990    378.725    -0.014
-196.641    377.248    -0.014
-195.291    375.772    -0.014
-193.941    374.294    -0.014
-192.591    372.818    -0.014
-191.240    371.343    -0.014
-189.889    369.867    -0.014
-188.538    368.391    -0.013
-187.186    366.915    -0.013
-185.836    365.440    -0.013
-184.485    363.964    -0.013
-183.135    362.487    -0.013
-181.784    361.011    -0.013
-180.433    359.536    -0.013
-179.081    358.060    -0.013
-177.731    356.584    -0.012
-176.379    355.110    -0.012
-175.027    353.635    -0.012
-173.673    352.161    -0.012
-172.321    350.688    -0.012
-170.968    349.213    -0.012
-169.618    347.736    -0.012
-168.272    346.256    -0.012
-166.924    344.778    -0.012
-165.577    343.299    -0.011
-164.227    341.822    -0.011
-162.871    340.351    -0.011
-161.515    338.880    -0.011
-160.159    337.408    -0.011
-158.805    335.935    -0.011
-157.456    334.459    -0.011
-156.106    332.981    -0.011
-154.756    331.505    -0.011
-153.406    330.029    -0.010
-152.057    328.551    -0.010
-150.707    327.074    -0.010
-149.357    325.598    -0.010
-148.007    324.120    -0.010
-146.657    322.645    -0.010
-145.305    321.168    -0.010
-143.955    319.693    -0.010
-142.604    318.217    -0.010
-141.251    316.743    -0.009
-139.896    315.270    -0.009
-138.543    313.797    -0.009
-137.189    312.324    -0.009
-135.840    310.847    -0.009
-134.492    309.369    -0.009
-133.143    307.890    -0.009
-131.795    306.413    -0.009
-130.443    304.938    -0.009
-129.090    303.464    -0.009
-127.737    301.990    -0.008
-126.384    300.516    -0.008
-125.033    299.040    -0.008
-123.685    297.562    -0.008
-122.336    296.084    -0.008
-120.987    294.607    -0.008
-119.634    293.133    -0.008
-118.281    291.659    -0.008
-116.927    290.185    -0.008
-115.575    288.712    -0.008
-114.225    287.234    -0.008
-112.877    285.756    -0.007
-111.528    284.278    -0.007
-110.181    282.800    -0.007
-108.828    281.325    -0.007
-107.474    279.852    -0.007
-106.119    278.379    -0.007
-104.765    276.907    -0.007
-103.412    275.433    -0.007
-102.059    273.959    -0.007
-100.706    272.486    -0.007
-99.352    271.012    -0.007
-98.002    269.537    -0.006
-96.654    268.058    -0.006
-95.307    266.579    -0.006
-93.959    265.100    -0.006
-92.610    263.623    -0.006
-91.257    262.148    -0.006
-89.905    260.674    -0.006
-88.552    259.200    -0.006
-87.200    257.725    -0.006
-85.845    256.253    -0.006
-84.491    254.781    -0.006
-83.136    253.307    -0.006
-81.782    251.836    -0.006
-80.429    250.360    -0.005
-79.078    248.886    -0.005
-77.725    247.412    -0.005
-76.373    245.936    -0.005
-75.022    244.460    -0.005
-73.672    242.985    -0.005
-72.321    241.508    -0.005
-70.970    240.033    -0.005
-69.617    238.560    -0.005
-68.263    237.085    -0.005
-66.911    235.612    -0.005
-65.557    234.139    -0.005
-64.207    232.662    -0.005
-62.856    231.186    -0.005
-61.506    229.711    -0.004
-60.155    228.234    -0.004
-58.804    226.759    -0.004
-57.452    225.284    -0.004
-56.100    223.808    -0.004
-54.748    222.334    -0.004
-53.395    220.860    -0.004
-52.039    219.388    -0.004
-50.684    217.917    -0.004
-49.328    216.445    -0.004
-47.979    214.968    -0.004
-46.633    213.488    -0.004
-45.289    212.006    -0.004
-43.943    210.526    -0.004
-42.596    209.046    -0.004
-41.247    207.568    -0.004
-39.899    206.090    -0.003
-38.550    204.612    -0.003
-37.200    203.136    -0.003
-35.848    201.661    -0.003
-34.497    200.185    -0.003
-33.145    198.711    -0.003
-31.792    197.237    -0.003
-30.440    195.762    -0.003
-29.087    194.288    -0.003
-27.735    192.814    -0.003
-26.384    191.338    -0.003
-25.036    189.860    -0.003
-23.687    188.382    -0.003
-22.340    186.903    -0.003
-20.989    185.427    -0.003
-19.632    183.956    -0.003
-18.275    182.486    -0.003
-16.918    181.017    -0.003
-15.562    179.544    -0.003
-14.213    178.067    -0.003
-12.863    176.591    -0.002
-11.513    175.113    -0.002
-10.162    173.638    -0.002
-8.811    172.163    -0.002
-7.458    170.688    -0.002
-6.106    169.214    -0.002
-4.754    167.740    -0.002
-3.401    166.265    -0.002
-2.048    164.792    -0.002
-0.695    163.318    -0.002
0.656    161.842    -0.002
2.006    160.366    -0.002
3.356    158.889    -0.002
4.707    157.412    -0.002
6.058    155.938    -0.002
7.411    154.463    -0.002
8.763    152.989    -0.002
10.116    151.515    -0.002
11.469    150.040    -0.002
12.823    148.567    -0.002
14.176    147.094    -0.002
15.530    145.620    -0.002
16.880    144.145    -0.002
18.229    142.667    -0.002
19.577    141.189    -0.002
20.927    139.711    -0.002
22.276    138.235    -0.002
23.627    136.758    -0.002
24.976    135.282    -0.001
26.327    133.804    -0.001
27.677    132.329    -0.001
29.027    130.853    -0.001
30.378    129.376    -0.001
31.729    127.901    -0.001
33.082    126.427    -0.001
34.435    124.953    -0.001
35.789    123.480    -0.001
37.142    122.007    -0.001
38.494    120.531    -0.001
39.846    119.057    -0.001
41.198    117.582    -0.001
42.549    116.106    -0.001
43.900    114.630    -0.001
45.249    113.154    -0.001
46.600    111.677    -0.001
47.951    110.201    -0.001
49.304    108.727    -0.001
50.657    107.254    -0.001
52.011    105.780    -0.001
53.363    104.306    -0.001
54.714    102.830    -0.001
56.064    101.354    -0.001
57.415    99.877    -0.001
58.765    98.401    -0.001
60.114    96.924    -0.001
61.465    95.447    -0.001
62.814    93.971    -0.001
64.164    92.494    -0.001
65.512    91.016    -0.001
66.862    89.539    -0.001
68.210    88.061    -0.001
69.559    86.583    -0.001
70.907    85.105    -0.001
72.256    83.626    -0.001
73.603    82.148    -0.001
74.954    80.672    -0.001
76.306    79.197    -0.001
77.659    77.723    -0.001
79.011    76.249    -0.001
80.364    74.774    -0.001
81.714    73.299    -0.001
83.066    71.822    -0.001
84.416    70.347    -0.001
85.769    68.872    -0.001
87.122    67.398    -0.001
88.476    65.925    -0.001
89.830    64.453    -0.001
91.181    62.976    -0.001
92.529    61.499    -0.001
93.879    60.022    -0.001
95.227    58.543    -0.001
96.576    57.066    -0.001
97.924    55.588    -0.001
99.273    54.110    -0.001
100.622    52.632    -0.001
101.971    51.154    -0.001
103.321    49.678    -0.001
104.672    48.202    -0.001
106.022    46.726    -0.001
107.374    45.252    -0.001
108.729    43.779    -0.001
110.082    42.305    -0.001
111.437    40.833    -0.001
112.790    39.360    -0.001
114.142    37.884    -0.001
115.495    36.411    -0.001
116.848    34.937    -0.001
118.197    33.459    -0.001
119.545    31.980    -0.001
120.892    30.501    -0.001
122.240    29.022    -0.001
123.582    27.540    -0.001
124.924    26.055    -0.001
126.266    24.572    -0.001
127.609    23.088    -0.001
128.967    21.619    -0.001
130.326    20.151    -0.001
131.684    18.682    -0.001
133.040    17.210    -0.001
134.393    15.737    -0.001
135.748    14.263    -0.001
137.101    12.790    -0.001
138.454    11.316    -0.002
139.805    9.840    -0.002
141.156    8.366    -0.002
142.509    6.891    -0.002
143.860    5.415    -0.002
145.208    3.937    -0.002
146.555    2.459    -0.002
147.903    0.979    -0.002
149.250    -0.499    -0.002
150.592    -1.984    -0.002
151.931    -3.470    -0.002
153.272    -4.955    -0.002
154.638    -6.417    -0.002
155.967    -7.912    -0.002
157.290    -9.414    -0.002
158.612    -10.914    -0.002
159.934    -12.417    -0.002
161.237    -13.935    -0.002
162.538    -15.454    -0.002
163.832    -16.980    -0.002
165.126    -18.507    -0.002
166.401    -20.048    -0.002
167.669    -21.596    -0.002
168.919    -23.158    -0.002
170.160    -24.727    -0.002
171.386    -26.309    -0.002
172.601    -27.898    -0.002
173.801    -29.498    -0.002
174.994    -31.104    -0.002
176.178    -32.717    -0.003
177.351    -34.338    -0.003
178.512    -35.968    -0.003
179.661    -37.606    -0.003
180.795    -39.253    -0.003
181.911    -40.914    -0.003
183.051    -42.558    -0.003
184.113    -44.254    -0.003
185.174    -45.950    -0.003
186.208    -47.663    -0.003
187.219    -49.389    -0.003
188.215    -51.125    -0.003
189.210    -52.860    -0.003
190.175    -54.613    -0.003
191.140    -56.366    -0.003
192.051    -58.147    -0.003
192.962    -59.928    -0.003
193.839    -61.726    -0.003
194.693    -63.535    -0.003
195.513    -65.360    -0.003
196.328    -67.188    -0.003
197.114    -69.028    -0.003
197.866    -70.882    -0.003
198.572    -72.753    -0.004
199.258    -74.633    -0.004
199.913    -76.522    -0.004
200.533    -78.425    -0.004
201.116    -80.339    -0.004
201.658    -82.264    -0.004
202.176    -84.197    -0.004
202.647    -86.142    -0.004
203.093    -88.092    -0.004
203.523    -90.046    -0.004
203.930    -92.004    -0.004
204.294    -93.972    -0.004
204.611    -95.946    -0.004
204.891    -97.927    -0.004
205.147    -99.912    -0.004
205.376    -101.899    -0.004
205.518    -103.895    -0.004
205.629    -105.892    -0.004
205.709    -107.891    -0.004
205.786    -109.891    -0.004
205.802    -111.890    -0.004
205.763    -113.890    -0.004
205.705    -115.890    -0.004
205.563    -117.886    -0.004
205.421    -119.882    -0.004
205.167    -121.866    -0.004
204.896    -123.847    -0.004
204.585    -125.824    -0.005
204.288    -127.803    -0.005
203.972    -129.778    -0.005
203.565    -131.736    -0.005
203.107    -133.684    -0.005
202.642    -135.631    -0.005
202.159    -137.572    -0.005
201.646    -139.505    -0.005
201.051    -141.414    -0.005
200.402    -143.307    -0.005
199.721    -145.188    -0.005
198.993    -147.052    -0.005
198.229    -148.900    -0.005
197.439    -150.739    -0.005
196.621    -152.566    -0.005
195.777    -154.378    -0.005
194.862    -156.158    -0.005
193.886    -157.903    -0.005
192.860    -159.620    -0.005
191.789    -161.310    -0.005
190.693    -162.985    -0.005
189.599    -164.660    -0.005
188.488    -166.323    -0.005
187.335    -167.958    -0.005
186.129    -169.555    -0.005
184.910    -171.141    -0.005
183.676    -172.715    -0.005
182.407    -174.261    -0.005
181.083    -175.762    -0.005
179.737    -177.241    -0.005
178.380    -178.711    -0.005
177.001    -180.161    -0.005
175.594    -181.583    -0.005
174.099    -182.910    -0.005
172.570    -184.202    -0.005
171.031    -185.481    -0.005
169.447    -186.702    -0.005
167.863    -187.925    -0.005
166.274    -189.139    -0.005
164.633    -190.283    -0.005
162.969    -191.396    -0.005
161.294    -192.488    -0.005
159.604    -193.560    -0.005
157.895    -194.599    -0.005
156.176    -195.624    -0.005
154.440    -196.617    -0.005
152.655    -197.521    -0.005
150.859    -198.403    -0.005
149.044    -199.243    -0.005
147.207    -200.035    -0.005
145.352    -200.784    -0.005
143.479    -201.489    -0.005
141.592    -202.154    -0.005
139.687    -202.765    -0.005
137.765    -203.320    -0.005
135.848    -203.893    -0.005
133.914    -204.405    -0.005
131.972    -204.885    -0.005
130.024    -205.340    -0.005
128.061    -205.728    -0.005
126.089    -206.064    -0.005
124.116    -206.390    -0.005
122.134    -206.668    -0.005
120.144    -206.871    -0.004
118.150    -207.036    -0.004
116.156    -207.200    -0.004
114.160    -207.326    -0.004
112.161    -207.397    -0.004
110.161    -207.430    -0.004
108.160    -207.444    -0.004
106.160    -207.399    -0.004
104.163    -207.283    -0.004
102.169    -207.129    -0.004
100.178    -206.930    -0.004
98.190    -206.694    -0.004
96.207    -206.436    -0.004
94.227    -206.149    -0.004
92.250    -205.841    -0.004
90.286    -205.463    -0.004
88.333    -205.028    -0.004
86.387    -204.563    -0.004
84.438    -204.117    -0.004
82.497    -203.631    -0.004
80.566    -203.107    -0.004
78.648    -202.537    -0.004
76.765    -201.864    -0.004
74.933    -201.058    -0.004
73.107    -200.241    -0.004
71.289    -199.406    -0.004
69.472    -198.569    -0.003
67.672    -197.695    -0.003
65.893    -196.782    -0.003
64.121    -195.854    -0.003
62.347    -194.927    -0.003
60.596    -193.961    -0.003
58.880    -192.932    -0.003
57.206    -191.837    -0.003
55.546    -190.719    -0.003
53.905    -189.577    -0.003
52.278    -188.411    -0.003
50.652    -187.245    -0.003
49.086    -186.000    -0.003
47.549    -184.719    -0.003
46.058    -183.386    -0.003
44.581    -182.036    -0.003
43.151    -180.638    -0.003
41.737    -179.222    -0.003
40.343    -177.788    -0.003
38.974    -176.327    -0.003
37.631    -174.846    -0.003
36.342    -173.316    -0.002
35.087    -171.757    -0.002
33.847    -170.187    -0.002
32.607    -168.617    -0.002
31.426    -167.003    -0.002
30.274    -165.366    -0.002
29.175    -163.695    -0.002
28.082    -162.019    -0.002
27.026    -160.321    -0.002
25.985    -158.611    -0.002
24.998    -156.872    -0.002
24.028    -155.122    -0.002
23.083    -153.359    -0.002
22.178    -151.575    -0.002
21.286    -149.784    -0.002
20.451    -147.965    -0.002
19.617    -146.147    -0.002
18.842    -144.302    -0.002
18.074    -142.455    -0.002
17.354    -140.588    -0.002
16.648    -138.717    -0.002
15.973    -136.833    -0.001
15.320    -134.942    -0.001
14.691    -133.043    -0.001
14.079    -131.138    -0.001
13.497    -129.224    -0.001
12.960    -127.297    -0.001
12.434    -125.367    -0.001
11.918    -123.433    -0.001
11.403    -121.501    -0.001
10.955    -119.551    -0.001
10.508    -117.600    -0.001
10.095    -115.643    -0.001
9.685    -113.684    -0.001
9.299    -111.722    -0.001
8.926    -109.755    -0.001
8.605    -107.782    -0.001
8.322    -105.801    -0.001
8.043    -103.819    -0.001
7.769    -101.837    -0.001
7.509    -99.854    -0.001
7.271    -97.868    -0.001
7.034    -95.881    -0.001
6.823    -93.891    -0.001
6.613    -91.902    -0.001
6.435    -89.909    -0.001
6.258    -87.916    -0.001
6.125    -85.920    -0.001
6.005    -83.922    -0.001
5.881    -81.926    -0.001
5.756    -79.929    -0.001
5.635    -77.932    -0.000
5.522    -75.934    -0.000
5.418    -73.936    -0.000
5.331    -71.938    -0.000
5.247    -69.938    -0.000
5.161    -67.939    -0.000
5.076    -65.941    -0.000
5.024    -63.941    -0.000
4.971    -61.941    -0.000
4.924    -59.941    -0.000
4.885    -57.940    -0.000
4.847    -55.940    -0.000
4.805    -53.939    -0.000
4.763    -51.940    -0.000
4.720    -49.939    -0.000
4.679    -47.939    -0.000
4.638    -45.938    -0.000
4.597    -43.938    -0.000
4.557    -41.938    -0.000
4.516    -39.937    -0.000
4.480    -37.937    -0.000
4.444    -35.936    -0.000
4.409    -33.936    -0.000
4.374    -31.936    -0.000
4.338    -29.936    -0.000
4.301    -27.935    -0.000
4.263    -25.935    -0.000
4.227    -23.934    -0.000
4.190    -21.934    -0.000
4.152    -19.933    -0.000
4.114    -17.933    -0.000
4.076    -15.933    -0.000
4.038    -13.932    -0.000
4.003    -11.932    -0.000
3.969    -9.931    -0.000
3.932    -7.931    -0.000
3.895    -5.931    -0.000
3.860    -3.931    -0.000
3.826    -1.930    -0.000
