3.78365   3.63962
3.77883   3.64481
3.77685   3.64981
3.77083   3.65581
3.76765   3.65663
3.76049   3.65646
3.76348   3.65548
3.77665   3.65463
3.78749   3.65148
3.79067   3.64863
3.79349   3.64648
3.79466   3.64463
3.79666   3.64462
3.80249   3.64648
3.80149   3.64446
3.79649   3.64448
3.79949   3.64446
3.79949   3.64348
3.80049   3.64146
3.79949   3.64248
3.80149   3.64048
3.8075   3.61746
3.81785   3.59575
3.80786   3.59871
3.80556   3.60347
3.80583   3.58475
3.81215   3.56299
3.79748   3.53006
3.80947   3.51004
3.81952   3.51158
3.81014   3.514
3.76933   3.53191
3.76632   3.55726
3.77536   3.57007
3.7814   3.56098
3.77334   3.56617
3.80854   3.51987
3.87577   3.4687
3.91198   3.42661
3.90895   3.38789
3.91353   3.37084
3.9081   3.38498
3.9155   3.38447
3.92479   3.36745
3.9445   3.32379
3.93723   3.31809
3.95109   3.30071
3.9588   3.2876
3.95545   3.27773
3.95958   3.27773
3.98745   3.26442
3.98962   3.2809
3.97618   3.31685
3.94966   3.3786
3.95957   3.3094
3.95298   3.26066
3.94826   3.26581
3.94663   3.27376
3.95899   3.2478
3.97093   3.22899
3.97756   3.21318
4.00546   3.19906
4.00333   3.19849
4.03168   3.19003
4.03445   3.18398
4.03442   3.18213
4.05524   3.18795
4.08046   3.17971
4.06051   3.18994
4.07382   3.18694
4.0557   3.21895
4.02839   3.25439
4.00727   3.29892
3.98945   3.32237
3.98674   3.35688
3.98126   3.35544
3.99564   3.361
3.99376   3.356
4.00888   3.34922
4.02319   3.33224
4.05328   3.30594
4.04344   3.31337
4.04354   3.31077
4.02136   3.32143
4.04505   3.32366
4.045   3.33751
4.03422   3.32411
4.01607   3.33126
4.00166   3.33434
3.99185   3.34292
3.9999   3.32098
4.00655   3.32091
4.01202   3.32083
4.01472   3.33269
4.01311   3.33136
4.0187   3.33469
4.01788   3.33273
4.03322   3.3298
4.02543   3.34037
4.03929   3.34884
4.0224   3.36835
4.02948   3.37887
4.04381   3.38421
4.05959   3.37134
4.04758   3.38088
4.05495   3.37389
4.03592   3.39596
4.01794   3.39924
4.03205   3.42283
4.03453   3.44149
4.04639   3.45718
4.0552   3.44192
4.05411   3.43624
4.03641   3.44264
4.02757   3.44853
4.03987   3.44954
4.05057   3.44886
4.0622   3.44773
4.0672   3.44147
4.07108   3.44389
4.07715   3.44589
4.07082   3.45935
4.06659   3.47206
4.06462   3.48001
4.07001   3.47759
4.07143   3.47758
4.07352   3.47619
4.075   3.47686
4.07782   3.47827
4.07991   3.479
4.08065   3.48109
4.0839   3.48225
4.08489   3.48183
4.08986   3.4825
4.09477   3.47901
4.10081   3.47644
4.10682   3.47047
4.11326   3.46432
4.11117   3.46574
4.10835   3.46641
4.10332   3.46997
4.09914   3.47489
4.09692   3.47827
4.09693   3.479
4.09379   3.47586
4.08955   3.47087
4.08494   3.46574
4.08212   3.46217
4.08594   3.45749
4.08851   3.45652
4.09409   3.4542
4.099   3.44928
4.09834   3.44713
4.09872   3.44256
4.09692   3.44148
4.09268   3.44222
4.08813   3.44398
4.08384   3.44969
4.07934   3.45436
4.07393   3.46241
4.07255   3.46455
4.07009   3.46782
4.06763   3.46947
4.06301   3.4714
4.05811   3.47489
4.05344   3.47586
4.05093   3.47334
4.05091   3.46905
4.0544   3.46273
4.05656   3.45776
4.05871   3.4535
4.06149   3.44711
4.06719   3.44288
4.07141   3.44497
4.07505   3.44732
4.07648   3.45087
4.07641   3.45917
4.07648   3.45651
4.07506   3.45862
4.07155   3.46211
4.0616   3.46432
4.0503   3.47134
4.04029   3.47686
4.03888   3.4726
4.03671   3.47189
4.0413   3.46862
4.0425   3.46715
4.04284   3.46948
4.04239   3.4712
4.04526   3.4712
4.04635   3.47021
4.04888   3.46997
4.04815   3.46997
4.04776   3.47164
4.04703   3.47164
4.05165   3.46906
4.05515   3.46483
4.05729   3.46198
4.0594   3.45917
4.06295   3.45635
4.0622   3.45425
4.06653   3.45137
4.0693   3.44927
4.07113   3.44546
4.07499   3.44284
4.07535   3.4384
4.0736   3.43509
4.06725   3.43809
4.06036   3.44114
4.05099   3.44805
4.04323   3.45363
4.04066   3.45393
4.0407   3.45185
4.03714   3.45254
4.03292   3.45676
4.02721   3.4638
4.02153   3.47096
4.01804   3.47734
4.01872   3.47868
4.02012   3.47663
4.0226   3.47618
4.02548   3.47562
4.02934   3.47445
4.03464   3.47172
4.04493   3.46721
4.0533   3.45943
4.05872   3.45351
4.06234   3.44797
4.05736   3.45229
4.05386   3.45438
4.04814   3.45936
4.04324   3.46001
4.0378   3.46382
4.03609   3.46218
4.03543   3.46573
4.03572   3.47021
4.03814   3.47121
4.04356   3.47096
4.04496   3.47021
4.04735   3.4698
4.04846   3.46597
4.04991   3.46457
4.05301   3.46273
4.05588   3.46415
4.06081   3.46622
4.06719   3.46414
4.0696   3.46509
4.07143   3.4634
4.07283   3.46059
4.07282   3.46059
4.07569   3.45701
4.07641   3.45425
4.07857   3.45203
4.07931   3.44945
4.07684   3.44896
4.07323   3.45319
4.07284   3.45494
4.07002   3.45707
4.07076   3.45701
4.0693   3.45566
4.06932   3.45495
4.0721   3.44929
4.07499   3.44504
4.07781   3.44149
4.08208   3.43865
4.0793   3.43881
4.07934   3.44308
4.07856   3.44523
4.08076   3.44805
4.07991   3.45137
4.08355   3.45368
4.08355   3.45652
4.08348   3.46198
4.08696   3.46275
4.09053   3.46483
4.08739   3.46524
4.08274   3.4613
4.07996   3.45627
4.07849   3.45071
4.07998   3.44287
4.08348   3.44287
4.08709   3.44306
4.08493   3.44805
4.08457   3.45246
4.08317   3.45256
4.08287   3.45156
4.08212   3.45153
4.08284   3.44873
4.07365   3.45228
4.0669   3.45957
4.0622   3.46132
4.0601   3.4634
4.06222   3.46273
4.06511   3.4599
4.06862   3.45491
4.07424   3.44712
4.07641   3.44079
4.08064   3.43933
4.0821   3.44026
4.07648   3.44665
4.07223   3.45296
4.06937   3.4551
4.06622   3.45676
4.06474   3.45676
4.06331   3.45534
4.05841   3.45751
4.05484   3.46093
4.05172   3.46289
4.04777   3.46524
4.04563   3.46738
4.04526   3.46765
4.04668   3.46763
4.04953   3.46413
4.05091   3.46064
4.05556   3.45819
4.05194   3.45959
4.05062   3.46101
4.05202   3.46521
4.05627   3.46814
4.06262   3.46655
4.07214   3.4634
4.07352   3.4599
4.07216   3.46056
4.06936   3.46147
4.06233   3.46574
4.05811   3.47066
4.0527   3.46946
4.05091   3.46693
4.04987   3.46384
4.05344   3.45674
4.05452   3.46291
4.06012   3.46548
4.0679   3.46697
4.07109   3.46581
4.0672   3.46342
4.06472   3.45808
4.06012   3.45143
4.06155   3.4457
4.06816   3.43965
4.07354   3.43444
4.07962   3.43132
4.08418   3.42877
4.08488   3.42661
4.09022   3.42774
4.08711   3.43317
4.08355   3.4402
4.0793   3.44587
4.07223   3.45087
4.06728   3.4572
4.06299   3.46151
4.0567   3.4664
4.04957   3.47347
4.04637   3.47585
4.04462   3.47778
4.04462   3.47842
4.0452   3.47761
4.04528   3.4747
4.04951   3.46907
4.05448   3.46122
4.05658   3.46056
4.05981   3.46309
4.05841   3.46814
4.05594   3.47417
4.05336   3.47944
4.04851   3.48156
4.0481   3.48041
4.05017   3.47619
4.04594   3.47334
4.04386   3.46975
4.04237   3.46413
4.04027   3.4599
4.04272   3.45451
4.05025   3.45209
4.0541   3.45109
4.05556   3.45392
4.05418   3.4554
4.05486   3.45676
4.05833   3.45462
4.05658   3.45563
4.06017   3.45415
4.06002   3.45355
4.06307   3.45298
4.06117   3.45602
4.06336   3.45462
4.06123   3.4554
4.05872   3.45699
4.06008   3.45493
4.06295   3.45139
4.06579   3.44786
4.07074   3.44222
4.0666   3.4438
4.06417   3.44848
4.05774   3.45273
4.05532   3.45933
4.05272   3.46033
4.05448   3.4599
4.04957   3.46003
4.04637   3.46455
4.04384   3.46697
4.04668   3.46623
4.05373   3.4634
4.05905   3.45944
4.06402   3.45727
4.07068   3.45411
4.07499   3.44856
4.07921   3.4457
4.0814   3.44147
4.08172   3.44116
4.08245   3.43976
4.0797   3.43978
4.07752   3.44042
4.07217   3.4438
4.068   3.44587
4.06259   3.4532
4.06333   3.45889
4.06225   3.46196
4.06509   3.46483
4.06431   3.4599
4.06295   3.45211
4.06113   3.44598
4.06327   3.43606
4.06752   3.42759
4.07242   3.42124
4.07122   3.41661
4.06627   3.41942
4.06594   3.4242
4.06341   3.43288
4.06338   3.44192
4.0668   3.44615
4.06686   3.44823
4.06189   3.45039
4.06021   3.45079
4.05629   3.45107
4.0393   3.45039
4.00494   3.44926
3.97173   3.44731
3.93351   3.45155
3.89525   3.45436
3.85678   3.4485
3.84509   3.44232
3.84447   3.44829
3.84427   3.45732
3.84519   3.48228
3.84572   3.51674
3.83546   3.58302
3.82202   3.66225
3.81293   3.7146
3.80786   3.71459
3.78239   3.71238
3.74988   3.71173
3.73504   3.71238
3.73924   3.71377
3.77528   3.71377
3.82124   3.71029
3.82538   3.71015
3.83221   3.707
3.82229   3.70843
3.8334   3.70966
3.85965   3.70966
3.88293   3.70677
3.88369   3.70597
3.89679   3.70363
3.89963   3.70291
3.90186   3.70509
3.88963   3.69749
3.87351   3.69776
3.87261   3.69671
3.87963   3.69749
3.89802   3.69828
3.91553   3.69421
3.91974   3.69558
3.91367   3.68938
3.9137   3.687
3.90783   3.68234
3.9077   3.68175
3.90708   3.68327
3.9064   3.6831
3.89856   3.67631
3.89779   3.6749
3.89779   3.67413
3.89779   3.67571
3.89403   3.67164
3.89325   3.67159
3.89144   3.66056
3.88142   3.66064
3.88062   3.65656
3.87512   3.6577
3.87521   3.64966
3.86724   3.64988
3.86588   3.64742
3.86227   3.64417
3.86109   3.63997
3.85024   3.61497
3.84964   3.60138
3.8479   3.58486
3.84812   3.56967
3.84019   3.54231
3.80302   3.52734
3.77058   3.52093
3.75514   3.5061
3.73624   3.48323
3.76141   3.46798
3.78638   3.45303
3.80389   3.41601
3.7828   3.40158
3.77331   3.38632
3.76281   3.39555
3.79341   3.40004
3.79309   3.40362
3.79037   3.40447
3.78895   3.40305
3.79784   3.40388
3.7974   3.40567
3.79747   3.4066
3.80277   3.40557
3.81447   3.40579
3.82055   3.40586
3.81645   3.40751
3.8233   3.40778
3.83362   3.40727
3.82753   3.40827
3.81656   3.40754
3.8284   3.40788
3.84384   3.40837
3.85554   3.40772
3.84117   3.40685
3.84298   3.40599
3.84343   3.40822
3.86047   3.40881
3.85318   3.40777
3.85413   3.40684
3.86082   3.40777
3.87243   3.40641
3.87997   3.40407
3.88266   3.40407
3.90992   3.40455
3.9336   3.40588
3.95587   3.39956
3.93523   3.40002
3.93749   3.40048
3.94258   3.40066
3.95378   3.39766
3.93682   3.3958
3.93677   3.3963
3.94409   3.39645
3.95976   3.39739
3.95331   3.39101
3.94831   3.39067
3.95421   3.38971
3.95741   3.39067
3.94915   3.38692
3.93781   3.38729
3.95584   3.38729
3.97278   3.38652
3.98853   3.37933
3.97813   3.37935
3.98281   3.3784
3.98727   3.37745
3.99917   3.37407
3.98798   3.37185
3.98009   3.37058
3.97601   3.3718
3.98502   3.37132
3.98605   3.35996
3.97906   3.35868
3.99521   3.35927
4.00913   3.35965
4.03667   3.35127
4.03984   3.35228
4.04712   3.35097
4.05436   3.35101
4.06291   3.35234
4.07871   3.35103
4.09016   3.33882
4.09144   3.33882
4.10368   3.33962
4.10905   3.33968
4.10067   3.3318
4.07968   3.33114
4.07867   3.33169
4.07782   3.33086
4.07497   3.33185
4.07315   3.32964
4.06766   3.33086
4.06452   3.3299
4.05915   3.33185
4.05906   3.33308
4.05722   3.33151
4.05682   3.33262
4.05478   3.33279
4.05862   3.33362
4.0622   3.33435
4.06813   3.33391
4.07323   3.33438
4.07374   3.3318
4.07359   3.33187
4.07341   3.33178
4.0747   3.33184
4.07276   3.33178
4.07357   3.33141
4.07175   3.33185
4.07136   3.33234
4.07034   3.33391
4.0745   3.33292
4.07165   3.33308
4.07017   3.33306
4.06822   3.3336
4.06701   3.33407
4.07081   3.33113
4.07028   3.3327
4.07222   3.3327
4.07348   3.33297
4.07652   3.33308
4.07565   3.33268
4.07684   3.33184
4.07386   3.3327
4.07457   3.33262
4.07321   3.3327
4.07263   3.33362
4.07236   3.33308
4.07054   3.33279
4.06439   3.33362
4.06358   3.33251
4.06784   3.33198
4.06923   3.33306
4.072   3.3329
4.07665   3.33391
4.08139   3.33368
4.08403   3.33308
4.08949   3.3318
4.09032   3.33362
4.09249   3.33241
4.09145   3.33178
4.09106   3.33306
4.09022   3.33178
4.08708   3.33297
4.08535   3.33306
4.08295   3.33297
4.08192   3.33185
4.07684   3.33185
4.07138   3.33113
4.06484   3.33308
4.05915   3.33042
4.05185   3.33278
4.03594   3.3336
3.9919   3.33268
3.9496   3.33308
3.91936   3.33485
3.91911   3.33531
3.91844   3.33522
3.91907   3.33491
3.91716   3.3421
3.91625   3.34232
3.91772   3.34099
3.91614   3.34077
3.91297   3.35004
3.91369   3.3501
3.90666   3.35103
3.89936   3.35004
3.89267   3.3547
3.90984   3.36024
3.92158   3.35996
3.91527   3.35897
3.88042   3.36026
3.88817   3.37316
3.90105   3.37443
3.89264   3.37408
3.86381   3.37225
3.87639   3.38596
3.87548   3.38765
3.86656   3.38596
3.8257   3.38596
3.80694   3.39818
3.78703   3.39715
3.75997   3.39815
3.78635   3.40407
3.78003   3.41362
3.77811   3.39207
3.76225   3.40661
3.74437   3.41967
3.73495   3.42725
3.72331   3.4277
3.68645   3.46788
3.68349   3.46716
3.66099   3.49772
3.69684   3.49772
3.68884   3.5082
3.66647   3.52017
3.62243   3.54979
3.63   3.54876
3.63161   3.55776
3.61983   3.54859
3.63299   3.52962
3.63948   3.55068
3.65085   3.56339
3.61522   3.60022
3.62396   3.60625
3.64715   3.60752
3.61454   3.63577
3.57581   3.67986
3.586   3.68639
3.56261   3.71821
3.55103   3.7384
3.55358   3.73478
3.56775   3.73382
3.59132   3.69059
3.57931   3.66586
3.54869   3.65631
3.5524   3.63576
3.55497   3.66233
3.58428   3.63586
3.56366   3.62776
3.52591   3.63379
3.51434   3.64215
3.55973   3.64174
3.51586   3.64172
3.55759   3.62873
3.56358   3.64181
3.59328   3.63933
3.59582   3.63468
3.60033   3.63299
3.58842   3.63648
3.61051   3.62221
3.60081   3.60842
3.60659   3.59391
3.62497   3.54363
3.68322   3.53387
3.67992   3.53392
3.72988   3.52414
3.71235   3.51818
3.69366   3.53876
3.67524   3.57799
3.64096   3.60151
3.56421   3.64934
3.51478   3.6988
3.52272   3.72315
3.57213   3.67636
3.55708   3.66929
3.55626   3.6262
3.5743   3.6414
3.61607   3.61699
3.65931   3.61124
3.71775   3.59579
3.76669   3.63067
3.79901   3.62277
3.76766   3.55303
3.78849   3.51673
3.79773   3.55261
3.80577   3.55442
3.76472   3.55529
3.72303   3.61275
3.68863   3.6792
3.68767   3.65847
3.65857   3.63222
3.67566   3.59017
3.646   3.60398
3.62468   3.60382
3.6512   3.58294
3.70239   3.53708
3.75286   3.49673
3.78178   3.48327
3.77496   3.45026
3.77124   3.40142
3.77669   3.37099
3.71937   3.41031
3.64147   3.44971
3.62581   3.50279
3.55747   3.54614
3.51841   3.61373
3.49889   3.63266
3.52337   3.61023
3.56938   3.56301
3.59368   3.57601
3.59178   3.58621
3.60676   3.563
3.68931   3.52952
3.68712   3.52879
3.67417   3.55682
3.71102   3.54323
3.72771   3.52728
3.73258   3.52012
3.72981   3.55425
3.77113   3.53629
3.78372   3.51316
3.75261   3.47714
3.66143   3.49271
3.63443   3.47419
3.66739   3.46623
3.66052   3.46623
3.64547   3.50463
3.57916   3.53944
3.53502   3.60016
3.50582   3.62647
3.55032   3.61468
3.58519   3.56376
3.62946   3.50794
3.67123   3.48377
3.70499   3.44889
3.7342   3.42082
3.70579   3.42484
3.76179   3.44992
3.77726   3.52401
3.77511   3.55417
3.81567   3.5441
3.81682   3.56573
3.83553   3.58603
3.76445   3.62449
3.77605   3.63506
3.76718   3.61074
3.77872   3.62276
3.73655   3.62665
3.72333   3.64988
3.70575   3.65378
3.70238   3.64335
3.70174   3.66478
3.71695   3.69608
3.73312   3.68306
3.73491   3.6618
3.73452   3.67646
3.713   3.68693
3.67295   3.64678
3.68129   3.63487
3.69037   3.65514
3.69144   3.66082
3.67817   3.64189
3.68976   3.66146
3.6689   3.65074
3.61354   3.68492
3.5793   3.69368
3.55424   3.68257
3.54344   3.66484
3.55388   3.67714
3.54111   3.69441
3.54653   3.70244
3.54744   3.6872
3.53917   3.68055
3.53697   3.66772
3.55468   3.6623
3.57097   3.64599
3.56983   3.64726
3.56181   3.65397
3.5534   3.67372
3.54933   3.66784
3.5433   3.68885
3.55552   3.66383
3.54952   3.6695
3.53473   3.69335
3.51904   3.69499
3.55716   3.68471
3.55893   3.68085
3.55596   3.69614
3.54439   3.70494
3.54481   3.71793
3.5441   3.73048
3.54382   3.7428
3.52939   3.75108
3.54114   3.76654
3.5271   3.77394
3.51323   3.77429
3.50076   3.75846
3.49577   3.77016
3.48867   3.78625
3.48935   3.79704
3.48962   3.82234
3.48623   3.80965
3.48806   3.81064
3.48421   3.80415
3.48796   3.78763
3.46226   3.79337
3.47191   3.77241
3.46553   3.75478
3.46073   3.76906
3.48121   3.74997
3.49559   3.71765
3.52689   3.67954
3.56567   3.66893
3.60293   3.65752
3.64369   3.63805
3.67601   3.56491
3.7008   3.52669
3.7202   3.5024
3.74782   3.50236
3.77602   3.50093
3.79526   3.50928
3.82865   3.50251
3.84674   3.50551
3.83418   3.50238
3.82174   3.51019
3.82219   3.50561
3.82905   3.50188
3.83009   3.50222
3.83615   3.50059
3.84797   3.50614
3.84862   3.50113
3.84778   3.50049
3.84321   3.50269
3.83917   3.50074
3.84332   3.5175
3.84085   3.54551
3.84569   3.57528
3.85775   3.59467
3.8647   3.59425
3.87391   3.59442
3.875   3.5954
3.87085   3.59977
3.86591   3.599
3.85669   3.59905
3.85457   3.59905
3.85236   3.60047
3.8507   3.59875
3.84744   3.60047
3.84606   3.60043
3.84422   3.60074
3.84632   3.59718
3.84845   3.59794
3.84932   3.59667
3.85028   3.599
3.84748   3.59971
3.84418   3.60079
3.84225   3.60017
3.84225   3.59875
3.84072   3.5986
3.8454   3.59758
3.84529   3.5969
3.8454   3.59839
3.84387   3.60047
3.84251   3.60047
3.84036   3.59905
3.84107   3.59828
3.8428   3.59718
3.8449   3.59722
3.84707   3.5986
3.84994   3.59722
3.85059   3.59932
3.851   3.59835
3.85202   3.59936
3.84576   3.59875
3.84138   3.59794
3.83537   3.5969
3.83135   3.59798
3.82932   3.59722
3.82794   3.60074
3.82592   3.59947
3.82367   3.59932
3.82524   3.59876
3.82717   3.60078
3.82881   3.59805
3.82953   3.59881
3.83023   3.59947
3.83191   3.59905
3.83303   3.59805
3.83476   3.59828
3.83546   3.59828
3.83678   3.5989
3.84   3.59722
3.84319   3.59754
3.84707   3.59645
3.85008   3.598
3.84571   3.60159
3.84291   3.60089
3.83868   3.60161
3.83257   3.60047
3.83501   3.5979
3.83711   3.59584
3.84   3.59652
3.84418   3.5965
3.84529   3.60047
3.8454   3.59905
3.84682   3.60049
3.84606   3.5997
3.84775   3.59864
3.84812   3.59748
3.85059   3.59652
3.853   3.59682
3.85288   3.60161
3.84927   3.60374
3.8479   3.60726
3.84433   3.60934
3.84327   3.59056
3.84208   3.5533
3.84332   3.54382
3.84138   3.5363
3.84438   3.52867
3.84576   3.5329
3.84928   3.53859
3.85236   3.54108
3.85344   3.53553
3.85624   3.52708
3.85905   3.52082
3.86123   3.51863
3.86062   3.51736
3.85573   3.51952
3.85355   3.52231
3.85004   3.52515
3.84606   3.52683
3.84678   3.52469
3.84606   3.52545
3.84612   3.52337
3.84459   3.52611
3.84571   3.5285
3.8449   3.53069
3.84425   3.5285
3.84346   3.52999
3.84072   3.52993
3.83726   3.53228
3.83431   3.5335
3.83146   3.53488
3.83223   3.5342
3.83191   3.53401
3.83161   3.53721
3.83146   3.5391
3.83431   3.53558
3.83715   3.53488
3.83857   3.53131
3.84   3.53065
3.84134   3.53069
3.84352   3.53212
3.84138   3.5335
3.84225   3.53575
3.8372   3.53936
3.83091   3.54144
3.82524   3.545
3.82174   3.54358
3.82198   3.54596
3.82488   3.54658
3.82652   3.5477
3.83081   3.54479
3.83678   3.54019
3.84709   3.53562
3.85486   3.53208
3.85777   3.52938
3.8507   3.5301
3.84255   3.52968
3.83654   3.52944
3.82739   3.53432
3.82877   3.53931
3.83074   3.54271
3.83573   3.54271
3.8421   3.54057
3.84698   3.53706
3.84775   3.53558
3.8489   3.53532
3.84983   3.53284
3.85136   3.52855
3.85055   3.52575
3.85008   3.52302
3.84509   3.52867
3.84647   3.53218
3.84576   3.53789
3.84709   3.5398
3.85026   3.54027
3.85346   3.53492
3.85486   3.53065
3.85981   3.52286
3.86123   3.51863
3.86053   3.51008
3.86047   3.50311
3.85807   3.49919
3.85355   3.50464
3.84983   3.50804
3.84928   3.51385
3.84785   3.51808
3.84983   3.5222
3.84932   3.52368
3.84779   3.5257
3.84647   3.52303
3.84612   3.52399
3.84459   3.52407
3.85146   3.52164
3.85696   3.5257
3.86514   3.52473
3.86546   3.52713
3.86338   3.52708
3.85909   3.5243
3.85569   3.52093
3.84785   3.5195
3.84779   3.51579
3.84641   3.51436
3.84714   3.51029
3.8456   3.50738
3.84534   3.50411
3.84138   3.50515
3.84083   3.50678
3.8383   3.51416
3.83571   3.51787
3.83654   3.5216
3.83711   3.52572
3.83857   3.52923
3.84138   3.53205
3.84369   3.52585
3.84361   3.51954
3.8421   3.51366
3.83728   3.50818
3.83047   3.51265
3.82511   3.51721
3.82441   3.51787
3.83212   3.5194
3.84425   3.52212
3.8507   3.52167
3.85421   3.52305
3.8521   3.52589
3.84291   3.52938
3.83673   3.53172
3.8386   3.52634
3.84101   3.52176
3.84635   3.51861
3.84919   3.51861
3.85127   3.51723
3.84919   3.52143
3.84463   3.52189
3.84173   3.52403
3.83715   3.52568
3.8354   3.52611
3.83641   3.52573
3.83433   3.5271
3.83402   3.52828
3.83373   3.52589
3.83021   3.52727
3.82695   3.52611
3.82367   3.5257
3.82301   3.52212
3.82577   3.51935
3.83004   3.51791
3.83189   3.51766
3.8347   3.51832
3.83303   3.52162
3.82732   3.52377
3.82144   3.5256
3.82334   3.52174
3.82652   3.51861
3.83365   3.51579
3.84072   3.52001
3.84851   3.52356
3.85342   3.52572
3.85138   3.52634
3.84459   3.52904
3.83399   3.53244
3.82484   3.53749
3.81913   3.54097
3.81804   3.54696
3.81942   3.54764
3.81944   3.55055
3.82087   3.55186
3.82301   3.55258
3.82367   3.55403
3.82724   3.55186
3.82903   3.55019
3.83008   3.55046
3.82903   3.54879
3.82934   3.54413
3.82724   3.54271
3.83047   3.54023
3.83512   3.54005
3.83686   3.54174
3.83433   3.54411
3.82947   3.54216
3.82467   3.5394
3.82472   3.53378
3.82227   3.53564
3.82194   3.5373
3.82367   3.53632
3.82616   3.53518
3.82724   3.53562
3.83898   3.53246
3.84   3.53632
3.84397   3.53533
3.84714   3.53583
3.84006   3.53575
3.83431   3.53632
3.83161   3.53366
3.82511   3.53772
3.82652   3.53702
3.83148   3.53422
3.83575   3.53347
3.84212   3.52991
3.84494   3.52927
3.84862   3.52797
3.84996   3.52733
3.851   3.52822
3.85214   3.52729
3.85342   3.52568
3.84535   3.52545
3.83686   3.52399
3.82735   3.52237
3.82098   3.52303
3.8224   3.52307
3.8267   3.52307
3.82454   3.52727
3.82397   3.5331
3.82073   3.5419
3.81572   3.54894
3.81491   3.55083
3.81629   3.54456
3.81917   3.53957
3.82445   3.53424
3.83021   3.52867
3.83161   3.53508
3.83329   3.54316
3.82802   3.55137
3.82484   3.54734
3.82198   3.54172
3.82059   3.53248
3.8248   3.52896
3.82911   3.5296
3.83336   3.5318
3.83684   3.53174
3.83399   3.53108
3.82973   3.52828
3.82518   3.53511
3.82125   3.54242
3.82062   3.54879
3.81847   3.53605
3.81913   3.51904
3.81913   3.51904
3.82484   3.52893
3.82975   3.53887
3.83478   3.54382
3.83584   3.54853
3.83614   3.54879
3.83291   3.54053
3.83647   3.52708
3.84063   3.52294
3.84494   3.52212
3.84779   3.52286
3.84792   3.52801
3.84647   3.53793
3.84291   3.54498
3.83868   3.55063
3.83853   3.54902
3.84446   3.54512
3.84769   3.54042
3.853   3.53516
3.85519   3.53248
3.85202   3.53205
3.85072   3.52798
3.84987   3.52643
3.84777   3.52785
3.84892   3.52896
3.84818   3.52968
3.84851   3.53135
3.84845   3.52997
3.84851   3.5285
3.84888   3.52685
3.85199   3.52288
3.84962   3.52259
3.8475   3.52329
3.84497   3.52381
3.84113   3.52397
3.83573   3.52568
3.83573   3.52218
3.83288   3.52785
3.83266   3.53533
3.83076   3.54269
3.83081   3.54479
3.83151   3.54269
3.83402   3.54097
3.83431   3.53916
3.8347   3.53176
3.83257   3.52685
3.83161   3.5209
3.82971   3.52757
3.82864   3.53418
3.82901   3.53817
3.82837   3.53465
3.82724   3.52991
3.82794   3.53207
3.82798   3.53492
3.82695   3.53955
3.82695   3.54025
3.82509   3.53912
3.82767   3.53458
3.82554   3.53393
3.82443   3.53135
3.82369   3.53065
3.8251   3.52568
3.82509   3.52569
3.82585   3.52852
3.82576   3.53
3.82585   3.52851
3.82793   3.5271
3.83548   3.5233
3.83613   3.52545
3.83728   3.52372
3.83586   3.52378
3.83326   3.52822
3.8329   3.52925
3.83474   3.52969
3.83725   3.52729
3.84206   3.525
3.84494   3.52637
3.84647   3.53152
3.84506   3.53369
3.83469   3.53673
3.82693   3.53525
3.81913   3.53539
3.81747   3.53504
3.81957   3.53651
3.82367   3.53632
3.8265   3.53772
3.82737   3.53859
3.82088   3.54062
3.81875   3.53982
3.81774   3.53956
3.8216   3.53698
3.82793   3.53633
3.83302   3.53437
3.83726   3.53651
3.83854   3.53842
3.83823   3.53681
3.83543   3.53883
3.83302   3.54073
3.83155   3.53932
3.83094   3.54
3.82663   3.54143
3.82508   3.54413
3.82239   3.54639
3.81889   3.54923
3.81663   3.55401
3.81879   3.5526
3.81802   3.5526
3.82159   3.54978
3.82271   3.54736
3.82301   3.54478
3.82337   3.54172
3.82485   3.53674
3.82478   3.53257
3.82725   3.52852
3.82793   3.52568
3.83431   3.52146
3.83973   3.52402
3.84494   3.5271
3.84844   3.53141
3.84744   3.52968
3.84532   3.52967
3.84104   3.52896
3.83756   3.53183
3.83302   3.53152
3.83093   3.53227
3.83108   3.53027
3.83713   3.52145
3.84343   3.51708
3.85448   3.50968
3.86099   3.50794
3.8571   3.51311
3.84969   3.51852
3.84337   3.52632
3.83572   3.53207
3.83786   3.52994
3.83752   3.529
3.83646   3.52852
3.83573   3.52925
3.83647   3.52568
3.83713   3.52568
3.8393   3.52495
3.84181   3.52328
3.84249   3.52112
3.84388   3.52053
3.84496   3.51929
3.84788   3.51808
3.84715   3.51882
3.84322   3.52328
3.83867   3.52513
3.83431   3.52926
3.83531   3.52669
3.83931   3.5221
3.83854   3.51938
3.8407   3.51507
3.83585   3.51598
3.83119   3.52046
3.82947   3.52445
3.83021   3.52728
3.83147   3.52926
3.83786   3.52637
3.84062   3.52503
3.83789   3.52353
3.83021   3.52729
3.82314   3.53152
3.81913   3.53607
3.82595   3.53859
3.8329   3.53916
3.84526   3.53235
3.85374   3.52461
3.85725   3.51465
3.85637   3.51525
3.85281   3.51881
3.84716   3.52587
3.84364   3.53081
3.84039   3.53465
3.83725   3.53861
3.83444   3.54424
3.83119   3.5467
3.83108   3.54579
3.83571   3.54056
3.84096   3.53375
3.84635   3.5271
3.85276   3.52211
3.85243   3.5198
3.85416   3.51932
3.85274   3.51864
3.85145   3.51599
3.84648   3.51948
3.84149   3.5209
3.8415   3.52163
3.84039   3.52397
3.84388   3.52194
3.84604   3.51972
3.84248   3.52188
3.84137   3.53
3.84038   3.53748
3.83996   3.53848
3.83898   3.53533
3.83725   3.53435
3.83235   3.53435
3.82767   3.53466
3.83161   3.53576
3.83301   3.5386
3.8418   3.53534
3.84818   3.53392
3.8482   3.5325
3.84494   3.53067
3.84212   3.53134
3.83683   3.53674
3.83548   3.5403
3.83291   3.54412
3.83059   3.54758
3.82239   3.55346
3.81601   3.55911
3.80894   3.56415
3.81164   3.56182
3.81654   3.55602
3.8226   3.54861
3.8261   3.54512
3.82899   3.54156
3.8304   3.53731
3.83821   3.53308
3.84346   3.52784
3.84635   3.52643
3.8496   3.52261
3.85281   3.51881
3.85416   3.51647
3.85557   3.51439
3.85526   3.51339
3.84918   3.52071
3.84568   3.52568
3.84379   3.52951
3.84594   3.52878
3.84984   3.52064
3.85557   3.51224
3.85654   3.50694
3.8493   3.50959
3.84309   3.51405
3.83697   3.52559
3.83498   3.53282
3.83788   3.53349
3.83854   3.52926
3.83897   3.52195
3.83714   3.51721
3.83659   3.51242
3.83585   3.51457
3.83646   3.52004
3.83688   3.52471
3.83727   3.53011
3.83646   3.53559
3.83585   3.5365
3.83788   3.53417
3.8407   3.53134
3.84253   3.52753
3.84494   3.5271
3.84426   3.52852
3.84985   3.52926
3.84918   3.53134
3.84746   3.53036
3.84716   3.52445
3.84433   3.51948
3.84225   3.5145
3.83936   3.51174
3.8417   3.52245
3.84493   3.52926
3.8452   3.5359
3.84279   3.54412
3.84138   3.54554
3.83714   3.5427
3.83714   3.53914
3.83541   3.53539
3.83149   3.53349
3.83082   3.52993
3.8337   3.52588
3.83505   3.52354
3.83585   3.52373
3.83517   3.53227
3.83302   3.55279
3.83234   3.55911
3.83302   3.52378
3.83364   3.51082
3.83302   3.5096
3.83332   3.51272
3.83573   3.51721
3.83756   3.52329
3.83573   3.52852
3.83474   3.52968
3.83014   3.53226
3.82552   3.53674
3.82381   3.53933
3.82436   3.53773
3.8251   3.53491
3.8251   3.52851
3.82227   3.5236
3.82018   3.5158
3.82061   3.51057
3.82411   3.51555
3.82725   3.52004
3.83148   3.52428
3.83431   3.52569
3.83364   3.52993
3.8339   3.53093
3.83431   3.52569
3.83505   3.5193
3.83606   3.51397
3.83788   3.508
3.83444   3.50604
3.83161   3.51027
3.8302   3.51666
3.83093   3.52232
3.82976   3.52685
3.83118   3.52753
3.82651   3.52784
3.81944   3.52852
3.83118   3.52968
3.84291   3.53294
3.83302   3.53085
3.82343   3.52968
3.81803   3.52145
3.81662   3.51224
3.81803   3.50376
3.8251   3.49454
3.82934   3.49811
3.83646   3.49878
3.83855   3.50026
3.84244   3.50194
3.84561   3.50376
3.84703   3.50235
3.84819   3.50277
3.84985   3.50235
3.8493   3.50389
3.84463   3.50775
3.8415   3.51169
3.83444   3.5174
3.83082   3.52071
3.82664   3.52163
3.82301   3.52569
3.81803   3.53067
3.81978   3.52952
3.82193   3.52743
3.82543   3.52319
3.82684   3.52104
3.83497   3.51209
3.84695   3.50154
3.85762   3.49148
3.86784   3.48292
3.85513   3.49704
3.84523   3.5105
3.83643   3.52301
3.83229   3.53435
3.82878   3.54001
3.83118   3.5481
3.8418   3.55517
3.85102   3.558
3.86232   3.55658
3.87435   3.55727
3.88357   3.55727
3.8942   3.55517
3.90367   3.55118
3.91928   3.54479
3.93057   3.53847
3.92351   3.52428
3.92623   3.5128
3.93092   3.50323
3.92697   3.51207
3.8632   3.55606
3.85033   3.55136
3.84461   3.55992
3.84059   3.57409
3.82709   3.59455
3.82557   3.61276
3.82498   3.62907
3.82639   3.64764
3.82498   3.67248
3.83342   3.67348
3.84762   3.6749
3.87212   3.65566
3.86571   3.62365
3.87917   3.67096
3.90133   3.71231
3.92185   3.73524
3.89787   3.74768
3.88496   3.74232
3.88496   3.73813
3.90094   3.72422
3.9066   3.72128
3.87043   3.70319
3.88069   3.69374
3.85023   3.72037
3.89252   3.70194
3.84349   3.7008
3.833   3.68893
3.86493   3.6692
3.89904   3.6692
3.89486   3.66799
3.85281   3.65186
3.80014   3.64987
3.79837   3.61856
3.7733   3.61991
3.75217   3.58937
3.77456   3.57592
3.81801   3.553
3.82998   3.55473
3.8601   3.5267
3.8392   3.49936
3.84273   3.46597
3.82515   3.45528
3.84091   3.42158
3.8423   3.39893
3.8655   3.46632
3.91617   3.49229
3.96962   3.51121
4.02108   3.51171
3.98807   3.51202
3.97179   3.51275
3.93071   3.51056
3.91648   3.50826
3.94794   3.50075
4.00477   3.50089
3.98582   3.50058
3.93859   3.55099
3.98469   3.54005
4.00923   3.49971
4.02398   3.44657
4.02404   3.48457
4.01471   3.48262
3.95991   3.4978
3.896   3.49895
3.89793   3.46283
3.86714   3.48564
3.94344   3.45243
3.98813   3.40367
4.07461   3.3788
4.06958   3.38948
4.04822   3.4485
4.01992   3.43221
4.01581   3.42082
3.99027   3.47778
3.94599   3.57462
3.88827   3.64084
3.87981   3.66634
3.89263   3.66074
3.89363   3.68412
3.90578   3.67867
3.89744   3.66096
3.87589   3.61667
3.80645   3.63272
3.74922   3.67675
3.76887   3.67363
3.78389   3.66195
3.84934   3.65238
3.87096   3.61824
3.91204   3.56118
3.91155   3.57593
3.90053   3.60118
3.89061   3.63561
3.89045   3.60903
3.87294   3.59194
3.84391   3.57463
3.79268   3.61791
3.79355   3.6222
3.77989   3.64966
3.74449   3.69285
3.69535   3.78161
3.67774   3.83683
3.70097   3.83362
3.74369   3.81116
3.75831   3.82253
3.80887   3.77966
3.83011   3.80934
3.81393   3.83475
3.81548   3.82769
3.82605   3.82826
3.85146   3.82901
3.84485   3.85788
3.82821   3.88567
3.77984   3.9258
3.72407   3.92981
3.73918   3.86305
3.7672   3.86966
3.76016   3.90556
3.69746   3.89101
3.66161   3.89632
3.60385   3.88408
3.5956   3.8878
3.65187   3.85036
3.72766   3.79415
3.71914   3.80489
3.71783   3.8003
3.71543   3.78602
3.73054   3.78015
3.73307   3.76545
3.73433   3.72906
3.73187   3.75027
3.75219   3.73508
3.76737   3.71829
3.8025   3.70009
3.78946   3.73323
3.80666   3.74152
3.81366   3.73866
3.80613   3.73112
3.76614   3.76414
3.77951   3.7404
3.78999   3.72389
3.80064   3.70114
3.7835   3.73513
3.80383   3.77666
3.81724   3.8164
3.77112   3.83574
3.71427   3.84513
3.72839   3.8412
3.74195   3.84218
3.73194   3.82587
3.65915   3.82166
3.57694   3.88671
3.52076   3.90578
3.45357   3.9539
3.48377   3.91111
3.56442   3.78771
3.65505   3.71058
3.70756   3.66237
3.71713   3.65407
3.73032   3.66414
3.74668   3.64827
3.76762   3.65885
3.73749   3.72049
3.74312   3.78343
3.69973   3.82683
3.73399   3.79114
3.72628   3.80115
3.7383   3.83454
3.70018   3.87442
3.63926   3.91693
3.6526   3.90169
3.68394   3.89457
3.70162   3.87221
3.70691   3.85759
3.75899   3.79223
3.76746   3.76393
3.77258   3.73715
3.76292   3.75374
3.7843   3.74166
3.8077   3.7068
3.82804   3.66859
3.81945   3.66779
3.80642   3.69503
3.8246   3.62955
3.83017   3.60881
3.8368   3.61131
3.83353   3.61801
3.83153   3.62522
3.81631   3.64839
3.82765   3.65261
3.81201   3.65398
3.82375   3.65246
3.8148   3.65962
3.81414   3.67675
3.80191   3.67305
3.79169   3.66852
3.79885   3.65362
3.79815   3.67392
3.80116   3.67041
3.81157   3.66222
3.80441   3.65862
3.79914   3.65492
3.79244   3.65647
3.79602   3.66734
3.79123   3.67159
3.80098   3.66924
3.79814   3.67491
3.78552   3.69044
3.75868   3.71453
3.75958   3.72293
3.75249   3.74348
3.74913   3.69639
3.74848   3.64119
3.73682   3.62521
3.7364   3.63559
3.73918   3.62505
3.7754   3.58264
3.78558   3.57345
3.78558   3.56638
3.77555   3.56308
3.77555   3.55303
3.76818   3.55604
3.76724   3.56017
3.75859   3.57589
3.75869   3.57101
3.75679   3.56594
3.77947   3.54705
3.81358   3.51504
3.81712   3.51253
3.81369   3.52007
3.80354   3.53101
3.79398   3.5406
3.7836   3.55038
3.77518   3.56199
3.76861   3.57536
3.75159   3.59943
3.73553   3.62349
3.73926   3.61925
3.74004   3.617
3.73881   3.61582
3.73966   3.60762
3.74381   3.5978
3.74783   3.5928
3.75383   3.5908
3.75983   3.5938
3.76583   3.5938
3.77185   3.5938
3.77767   3.59561
3.78385   3.6008
3.79066   3.60762
3.79065   3.60962
3.79049   3.61247
3.79165   3.61362
3.79166   3.61462
3.79365   3.61662
3.79366   3.61962
3.79365   3.62364
3.79466   3.62562
3.79465   3.62964
3.79465   3.63462
3.79366   3.63762
3.79765   3.63964
3.80166   3.64262
3.80866   3.64363
3.80766   3.64262
3.80064   3.64163
3.79566   3.64062
3.79649   3.63848
3.79749   3.63446
