5.28646612   15.47562695
5.28646612   15.47562695
5.28646612   15.47562695
5.28646612   15.47562695
5.28646612   15.47562695
5.28646612   15.47562695
5.28646612   15.47562695
5.28646612   15.47562695
5.28646612   15.47562695
5.28646612   15.47562695
5.28646612   15.47562695
5.28646612   15.47562695
5.28646612   15.47562695
5.28646612   15.47562695
5.28646612   15.47562695
5.28646612   15.47562695
5.28646612   15.47562695
5.28646612   15.47562695
5.28646612   15.47562695
5.28646612   15.47562695
5.28646612   15.47562695
5.28646612   15.47562695
5.28646612   15.47562695
5.28646612   15.47562695
5.28646612   15.47562695
5.28646612   15.47562695
5.28646612   15.47562695
5.28646612   15.47562695
5.28646612   15.47562695
5.28646612   15.47562695
5.28646612   15.47562695
5.28646612   15.47562695
5.28646612   15.47562695
5.28646612   15.47562695
5.28646612   15.47562695
5.28646612   15.47562695
5.28646612   15.47562695
5.28646612   15.47562695
5.28646612   15.47562695
5.28646612   15.47562695
5.28646612   15.47562695
5.28646612   15.47562695
5.28646612   15.47562695
5.20844889   15.58294582
5.20143700   15.59360027
5.19406986   15.60480881
5.18643665   15.61657333
5.17835999   15.62889194
5.16983938   15.64198780
5.16087484   15.65575027
5.15137768   15.67039967
5.14117050   15.68582630
5.13043118   15.70236206
5.09262037   15.75985050
5.07921791   15.78060436
5.06501675   15.80257893
5.04992819   15.82588482
5.03386307   15.85041142
5.01691055   15.87638187
4.99907017   15.90346146
4.98043108   15.93176174
4.96108198   15.96128273
4.94102287   15.99180222
4.90986919   16.03430748
4.88865614   16.06660461
4.86691093   16.10000992
4.84454393   16.13419151
4.82164478   16.16937256
4.79821253   16.20521927
4.77424812   16.24162292
4.74983978   16.27869034
4.72498798   16.31631279
4.69969225   16.35426903
4.64608288   16.43040276
4.61910057   16.47057724
4.59185219   16.51108551
4.56424856   16.55181694
4.53637886   16.59287834
4.50815392   16.63405418
4.47966290   16.67533875
4.45099449   16.71673393
4.42197084   16.75824165
4.39285851   16.79974937
4.33578730   16.87665939
4.30543232   16.91960907
4.27498865   16.96233749
4.24436760   17.00506592
4.21383524   17.04768181
4.18312502   17.09018898
4.15241480   17.13258362
4.12161636   17.17508888
4.09072876   17.21748352
4.05984116   17.25999069
4.00534439   17.32613564
3.97348046   17.36952972
3.94161654   17.41270065
3.90957522   17.45576096
3.87753391   17.49848938
3.84540391   17.54099655
3.81327367   17.58339119
3.78123236   17.62556458
3.74919105   17.66751480
3.71723843   17.70913315
3.66753435   17.76440239
3.63487172   17.80646324
3.60212040   17.84830475
3.56954646   17.88992310
3.53697252   17.93131828
3.50439858   17.97238159
3.47182465   18.01322365
3.43925095   18.05384254
3.40676570   18.09412766
3.37428069   18.13408279
3.31951737   18.19112587
3.28605604   18.23163414
3.25268316   18.27192116
3.21913290   18.31187439
3.18558288   18.35138321
3.15212131   18.39056015
3.11874866   18.42940331
3.08537602   18.46791458
3.05218077   18.50609207
3.01907420   18.54393768
2.96750641   18.59510040
2.93368983   18.63327789
2.89978456   18.67101097
2.86587954   18.70841217
2.83188534   18.74525833
2.79798007   18.78188133
2.76407504   18.81817245
2.73025846   18.85424232
2.69653082   18.88997841
2.66280293   18.92549324
2.60919380   18.97465706
2.57466722   19.01083755
2.54014063   19.04668427
2.50543666   19.08208847
2.50543666   19.08208847
2.43593979   19.15200615
2.40105820   19.18652153
2.36626530   19.22070312
2.33138371   19.25444221
2.29641342   19.28773689
2.24262667   19.33190727
2.20659113   19.36542320
2.17055583   19.39860725
2.13443160   19.43145752
2.09839630   19.46397591
2.06227207   19.49604988
2.02623653   19.52779007
1.99002373   19.55908775
1.95381081   19.59005165
1.91742039   19.62068176
1.86150336   19.66096878
1.82413661   19.69170952
1.78685856   19.72211838
1.74949181   19.75208473
1.71212506   19.78160477
1.67484713   19.81079292
1.63756907   19.83975983
1.60029113   19.86828232
1.56301308   19.89658165
1.52573514   19.92454910
1.46671164   19.96605682
1.42819095   19.99446869
1.38958168   20.02254677
1.35088348   20.05029106
1.31227422   20.07770348
1.27357602   20.10478401
1.23487794   20.13153076
1.19617987   20.15805435
1.15757048   20.18424606
1.11913860   20.21010590
1.11913860   20.21010590
1.02035189   20.27258873
0.98085499   20.29833603
0.94144684   20.32386208
0.90203869   20.34916496
0.86263049   20.37402534
0.82339984   20.39866257
0.78425795   20.42307854
0.74529356   20.44727325
0.70624048   20.47113419
0.63958383   20.50975609
0.59919935   20.53428268
0.55890363   20.55847740
0.51860785   20.58222771
0.47848967   20.60575485
0.43854895   20.62895012
0.39851949   20.65170097
0.35857877   20.67411995
0.31872684   20.69642830
0.27896363   20.71829033
0.21834253   20.75091934
0.17742549   20.77300453
0.13668597   20.79486847
0.09594645   20.81639862
0.05538445   20.83748436
0.01482244   20.85823822
-0.02582832   20.87877083
-0.06639033   20.89885902
-0.10686357   20.91861343
-0.14733683   20.93814468
-0.21106443   20.96578026
-0.25286904   20.98542404
-0.29449612   21.00473404
-0.33621198   21.02393532
-0.41919988   21.06122398
-0.46047193   21.07909203
-0.50183272   21.09662819
-0.54292727   21.11371803
-0.58393306   21.13047791
-0.64961332   21.15378380
-0.69177300   21.17076302
-0.73393261   21.18774414
-0.73393261   21.18774414
-0.81780809   21.22070503
-0.85970145   21.23646545
-0.90150607   21.25177956
-0.94313312   21.26687431
-0.98467147   21.28163338
-1.09100246   21.31648254
-1.09100246   21.31648254
-1.17612052   21.34522629
-1.21854639   21.35910034
-1.26079488   21.37263870
-1.30286574   21.38595772
-1.34484780   21.39894104
-1.38674116   21.41159439
-1.42845702   21.42380142
-1.47008407   21.43578720
-1.53798330   21.45409966
-1.58103049   21.46630859
-1.62398899   21.47829437
-1.66685855   21.49005699
-1.70946205   21.50148964
-1.75206542   21.51247597
-1.79440260   21.52324104
-1.83665097   21.53356361
-1.87872183   21.54366302
-1.92061520   21.55353928
-1.98540783   21.56774521
-2.02854395   21.57751083
-2.07167983   21.58683395
-2.11454940   21.59582329
-2.15724158   21.60459137
-2.19966745   21.61302567
-2.24200463   21.62145996
-2.28425312   21.62956238
-2.32632399   21.63733101
-2.36821723   21.64476585
-2.43469644   21.65641975
-2.47765470   21.66385460
-2.52043581   21.67095757
-2.56303906   21.67761803
-2.60555387   21.68394279
-2.64789104   21.69015884
-2.69005060   21.69604111
-2.73194385   21.70181084
-2.77374864   21.70736122
-2.81546426   21.71279907
-2.87741685   21.72067833
-2.91984272   21.72578430
-2.96217990   21.73066711
-3.00425076   21.73521614
-3.04605532   21.73954582
-3.08777118   21.74365234
-3.12922072   21.74742508
-3.17040396   21.75097656
-3.21149850   21.75430679
-3.25232697   21.75741386
-3.34019637   21.76695824
-3.38333225   21.76995468
-3.42629075   21.77272987
-3.46898293   21.77517128
-3.51158643   21.77750206
-3.55401230   21.77938843
-3.59634948   21.78105354
-3.63842034   21.78260612
-3.68022490   21.78382683
-3.72194076   21.78482628
-3.77981043   21.78349495
-3.82205868   21.78427124
-3.86412954   21.78493690
-3.90602303   21.78538132
-3.94773889   21.78571320
-3.98927712   21.78604698
-4.03063774   21.78604698
-4.07190990   21.78604698
-4.07190990   21.78604698
-4.15374422   21.78527069
-4.24294519   21.78516006
-4.28608084   21.78438187
-4.32903957   21.78360558
-4.37173176   21.78282928
-4.41424608   21.78182983
-4.45649481   21.78060913
-4.49856567   21.77916718
-4.54054737   21.77761269
-4.58244085   21.77583694
-4.62424564   21.77406120
-4.68282509   21.77106476
-4.72542858   21.76895523
-4.76785469   21.76662636
-4.81010294   21.76407242
-4.85226250   21.76140976
-4.89424467   21.75852394
-4.93613815   21.75552750
-4.97785378   21.75230980
-5.01930332   21.74909019
-5.06057549   21.74564934
-5.19371128   21.73688316
-5.23711348   21.73277664
-5.28033829   21.72844887
-5.32347393   21.72389793
-5.36625481   21.71934700
-5.40894699   21.71457481
-5.45146179   21.70980263
-5.49379921   21.70491982
-5.53604746   21.69981575
-5.59267426   21.68860626
-5.63536644   21.68327904
-5.72021818   21.67218018
-5.76246691   21.66641045
-5.80453777   21.66041756
-5.84643126   21.65420151
-5.88823557   21.64787674
-5.92986250   21.64132881
-5.97122335   21.63466835
-6.05660772   21.62057495
-6.14341259   21.60603523
-6.14341259   21.60603523
-6.18654823   21.59848976
-6.22941780   21.59083176
-6.27210999   21.58306313
-6.31444740   21.57496071
-6.35660696   21.56663704
-6.39858913   21.55820274
-6.44039392   21.54965782
-6.49737597   21.53633881
-6.53971291   21.52734947
-6.58187246   21.51813889
-6.62394333   21.50892639
-6.66574812   21.49938202
-6.70737505   21.48972702
-6.74882460   21.47985077
-6.74882460   21.47985077
-6.83092499   21.45954132
-6.87157583   21.44910812
-6.95332098   21.42913246
-6.99601316   21.41814423
-7.03861666   21.40693474
-7.08095407   21.39572716
-7.12320232   21.38429451
-7.16536188   21.37264252
-7.20725536   21.36087799
-7.24914885   21.34900284
-7.29095316   21.33701706
-7.33258057   21.32503128
-7.38698864   21.30216980
-7.42897081   21.28951645
-7.47077513   21.27675438
-7.51240253   21.26387978
-7.55385208   21.25089645
-7.59512424   21.23780060
-7.63621855   21.22459221
-7.67704678   21.21116447
-7.71769762   21.19762421
-7.75808239   21.18397331
-7.84089279   21.15456390
-7.88322973   21.13991356
-7.92538929   21.12504196
-7.96746016   21.11017036
-8.00917625   21.09529877
-8.05080318   21.08020592
-8.09216404   21.06500244
-8.13334751   21.04957581
-8.17426491   21.03403854
-8.21500397   21.01850128
-8.27766609   20.99097633
-8.31947136   20.97477341
-8.36109829   20.95834923
-8.40245914   20.94203377
-8.44364262   20.92549706
-8.48455906   20.90873909
-8.52529907   20.89187050
-8.56577206   20.87500191
-8.60615635   20.85791016
-8.64618587   20.84059715
-8.70742893   20.81118774
-8.74861240   20.79320717
-8.78970623   20.77500725
-8.83062363   20.75669479
-8.87136269   20.73838234
-8.91192532   20.71996117
-8.95239830   20.70153809
-8.99278259   20.68300438
-9.03298950   20.66435814
-9.07310867   20.64560318
-9.12964630   20.61585999
-9.17029762   20.59666061
-9.21077061   20.57734871
-9.25106621   20.55792809
-9.29127312   20.53850555
-9.33139133   20.51908302
-9.37124348   20.49955177
-9.41091824   20.47990799
-9.45041466   20.46015358
-9.48973465   20.44017601
-9.55221939   20.40610504
-9.59278107   20.38535118
-9.63316631   20.36459732
-9.67346191   20.34373283
-9.71349144   20.32275772
-9.75325489   20.30178261
-9.79284000   20.28058434
-9.83216000   20.25916481
-9.87112427   20.23774529
-9.90991116   20.21610451
-9.96795845   20.18081284
-10.00763226   20.15861511
-10.04712963   20.13619804
-10.08635998   20.11355782
-10.12541294   20.09080696
-10.16419983   20.06794357
-10.20280933   20.04497147
-10.24124146   20.02188683
-10.27949619   19.99880219
-10.31748390   19.97560692
-10.37854862   19.93665314
-10.41769123   19.91245842
-10.45665550   19.88815308
-10.49535370   19.86384964
-10.53369617   19.83943367
-10.57186222   19.81479454
-10.60967255   19.79004669
-10.64721680   19.76507568
-10.68449497   19.74010468
-10.72168446   19.71502304
-10.77893257   19.67307091
-10.81709862   19.64710236
-10.85490894   19.62124252
-10.89245319   19.59516335
-10.92973137   19.56908226
-10.96683121   19.54289055
-11.00366592   19.51669884
-11.04032230   19.49039650
-11.07680225   19.46409416
-11.11310387   19.43779182
-11.16742325   19.39472961
-11.20443439   19.36742783
-11.24118042   19.34012794
-11.27757072   19.31282616
-11.31378365   19.28552437
-11.34973049   19.25822258
-11.38549900   19.23092079
-11.42100239   19.20350838
-11.45632744   19.17598534
-11.49138641   19.14835167
-11.54641628   19.10207176
-11.58254051   19.07365990
-11.61830997   19.04524994
-11.65381241   19.01672745
-11.68904877   18.98820496
-11.68904877   18.98820496
-11.75854588   18.93127060
-11.79289532   18.90274811
-11.82697773   18.87411499
-11.86088371   18.84559441
-11.91369343   18.79986954
-11.94848633   18.77023697
-11.98310184   18.74049377
-12.01745129   18.71075058
-12.05162239   18.68100739
-12.08561707   18.65115356
-12.11943340   18.62129974
-12.15307236   18.59133530
-12.18653393   18.56148148
-12.21955109   18.53151512
-12.26827908   18.48468208
-12.30209541   18.45382881
-12.33564568   18.42286491
-12.36901855   18.39190102
-12.40212536   18.36104774
-12.46762753   18.29911995
-12.50002384   18.26815605
-12.53224277   18.23697090
-12.56419563   18.20578575
-12.61354446   18.15306854
-12.64620781   18.12077332
-12.67878151   18.08847809
-12.71108913   18.05629349
-12.74313068   18.02410889
-12.77490520   17.99192429
-12.80632591   17.95962715
-12.83756828   17.92744255
-12.86854458   17.89525795
-12.89934349   17.86307335
-12.94514179   17.80969238
-12.97665119   17.77639771
-13.00798225   17.74299240
-13.03904724   17.70969772
-13.06984615   17.67617989
-13.10029030   17.64277458
-13.13055611   17.60925865
-13.16064453   17.57574272
-13.19055557   17.54233742
-13.22037888   17.50893211
-13.26466846   17.45577049
-13.29502296   17.42125702
-13.32520103   17.38674164
-13.35502338   17.35200310
-13.38466835   17.31737709
-13.41413593   17.28264046
-13.44342518   17.24801445
-13.47253799   17.21338844
-13.50147247   17.17887306
-13.54230118   17.12515640
-13.57185745   17.08964348
-13.60105896   17.05412865
-13.62990475   17.01861572
-13.65857315   16.98310089
-13.65857315   16.98310089
-13.71520042   16.91229439
-13.74324799   16.87711334
-13.77102852   16.84193230
-13.79863262   16.80675125
-13.82605839   16.77157021
-13.82605839   16.77157021
-13.89795208   16.67579269
-13.92573261   16.63939095
-13.95315933   16.60309982
-13.98040771   16.56680870
-14.00730133   16.53051758
-14.03401661   16.49422646
-14.06037807   16.45782471
-14.08664989   16.42142296
-14.14904690   16.32653427
-14.17523003   16.28924370
-14.20114708   16.25206566
-14.22697544   16.21488571
-14.25244904   16.17781830
-14.27774525   16.14075089
-14.30268574   16.10379410
-14.32736015   16.06672668
-14.35176849   16.02976990
-14.37599945   15.99281216
-14.43892860   15.88749027
-14.46369171   15.84920216
-14.48810005   15.81091309
-14.51233101   15.77273560
-14.55981541   15.69704628
-14.58315945   15.65953445
-14.60605812   15.62213326
-14.63730145   15.56142616
-14.66073322   15.52258301
-14.68389893   15.48362827
-14.70688725   15.44478512
-14.75224209   15.36720848
-14.77460861   15.32869816
-14.79670906   15.29018784
-14.84002304   15.21361065
-14.86114788   15.17532158
-14.86114788   15.17532158
-14.91520119   15.07077694
-14.93667984   15.03115654
-14.97875118   14.95213795
-14.99943161   14.91273880
-15.01984596   14.87345123
-15.04008293   14.83416367
-15.06005287   14.79487610
-15.11020088   14.68933296
-15.13043785   14.64882469
-15.13043785   14.64882469
-15.15031910   14.60842705
-15.18919468   14.52807713
-15.22718334   14.44805908
-15.26410675   14.36848545
-15.28221321   14.32864285
-15.28221321   14.32864285
-15.32650280   14.22187805
-15.34505367   14.18059349
-15.38135529   14.09879971
-15.39910698   14.05806923
-15.39910698   14.05806923
-15.43363380   13.97694206
-15.45032024   13.93632221
-15.46673965   13.89570332
-15.48821926   13.83188915
-15.50490570   13.79027081
-15.52141476   13.74876404
-15.52141476   13.74876404
-15.55416584   13.66630459
-15.57014275   13.62512970
-15.58576393   13.58395576
-15.61629677   13.50194073
-15.63990593   13.43268776
-15.65534973   13.39018154
-15.67052746   13.34767628
-15.68561649   13.30539227
-15.71508408   13.22093487
-15.71508408   13.22093487
-15.74339771   13.13681030
-15.74339771   13.13681030
-15.77020264   13.05335236
-15.78316116   13.01173401
-15.80304241   12.94248199
-15.81644535   12.89942074
-15.82975864   12.85658169
-15.84289551   12.81385422
-15.86827946   12.72884178
-15.88052845   12.68633652
-15.90449333   12.60143566
-15.91629791   12.55892944
-15.93094254   12.48989868
-15.95401955   12.40288925
-15.97585392   12.31654549
-15.99697876   12.23108959
-16.00727463   12.18847275
-16.01739311   12.14607716
-16.01739311   12.14607716
-16.02724457   12.10368252
-16.04073715   12.03454113
-16.05058861   11.99070263
-16.05058861   11.99070263
-16.07854652   11.86018848
-16.08742332   11.81679440
-16.09612083   11.77362251
-16.10455322   11.73056221
-16.11280823   11.68750095
-16.12088394   11.64477348
-16.12976074   11.58306694
-16.13757133   11.53967381
-16.14502716   11.49639034
-16.15230560   11.45344067
-16.15931702   11.41049099
-16.16615105   11.36787415
-16.17280769   11.32525635
-16.17937660   11.28286171
-16.18576622   11.24046707
-16.19189072   11.19829369
-16.20618248   11.10018635
-16.21248436   11.05545998
-16.21834183   11.01073456
-16.22402191   10.96611977
-16.22952461   10.92161655
-16.23476219   10.87722397
-16.23973274   10.83305264
-16.24434853   10.78899288
-16.24869728   10.74504471
-16.25277901   10.70120716
-16.25402260   10.63972282
-16.25783920   10.59544086
-16.26147842   10.55138111
-16.26485062   10.50754356
-16.26786995   10.46403885
-16.27062035   10.42053413
-16.27301788   10.37725067
-16.27514839   10.33419037
-16.27701187   10.29112911
-16.27860832   10.24829006
-16.28375816   10.14563179
-16.28686333   10.05418301
-16.28792953   10.00879192
-16.28872871   9.96351147
-16.28934860   9.91845226
-16.28952789   9.87372684
-16.28943825   9.82911205
-16.28899384   9.78460884
-16.28837395   9.74032688
-16.28384781   9.67185116
-16.28136253   9.58095741
-16.28136253   9.58095741
-16.27958679   9.53589821
-16.27763367   9.49095058
-16.27523804   9.44611454
-16.27257538   9.40149975
-16.26955795   9.35710716
-16.26618576   9.31293678
-16.26263428   9.26887703
-16.25349236   9.20927906
-16.24949837   9.16466427
-16.24541664   9.12027168
-16.24106789   9.07599068
-16.23653984   9.03193092
-16.22668839   8.94447708
-16.22668839   8.94447708
-16.22136307   8.90108299
-16.21586037   8.85791111
-16.21000290   8.81484985
-16.20041656   8.71696472
-16.19411469   8.67135048
-16.18772507   8.62595940
-16.18106842   8.58078957
-16.17423439   8.53584194
-16.16713333   8.49122715
-16.15985489   8.44672394
-16.15231133   8.40244198
-16.14458847   8.35827160
-16.13660049   8.31443310
-16.12390900   8.26094055
-16.11574364   8.21721363
-16.10748863   8.17370892
-16.09923553   8.13031483
-16.09080315   8.08714294
-16.08210564   8.04419327
-16.07322884   8.00135422
-16.06426430   7.95862579
-16.05503464   7.91612005
-16.04562569   7.87383604
-16.02725410   7.77972317
-16.01713562   7.73488665
-16.00701714   7.69027185
-15.99680996   7.64587927
-15.98642540   7.60159779
-15.97586346   7.55753756
-15.96512413   7.51381111
-15.95420647   7.47041702
-15.94293499   7.42724514
-15.92447281   7.37419605
-15.91275692   7.33102417
-15.90086365   7.28796291
-15.88870430   7.24512386
-15.87645626   7.20228529
-15.86402988   7.15966797
-15.85160446   7.11716223
-15.83900070   7.07487822
-15.82613087   7.03281593
-15.81290627   6.99108696
-15.79950333   6.94957972
-15.77216625   6.86112690
-15.75778770   6.81717825
-15.74314308   6.77334070
-15.72832108   6.72972441
-15.71332073   6.68621969
-15.69823265   6.64293671
-15.68305492   6.59987593
-15.66778851   6.55703688
-15.65225601   6.51442003
-15.63645744   6.47224665
-15.61400223   6.42208290
-15.59767056   6.37990999
-15.58125114   6.33795881
-15.56474209   6.29622984
-15.54805565   6.25461149
-15.53119183   6.21332645
-15.51423931   6.17204094
-15.49702072   6.13119984
-15.47962379   6.09046936
-15.46205044   6.04996109
-15.42743492   5.96772337
-15.40888500   5.92521763
-15.38997936   5.88304424
-15.37098598   5.84109306
-15.35181427   5.79936409
-15.33273125   5.75774574
-15.31364918   5.71634960
-15.29438877   5.67517567
-15.27495098   5.63411236
-15.25533581   5.59315968
-15.20208168   5.49349833
-15.18157864   5.45199108
-15.16089821   5.41070557
-15.14012909   5.36964226
-15.11927128   5.32891226
-15.09823513   5.28851461
-15.07711124   5.24845028
-15.05580997   5.20860767
-15.03433037   5.16898727
-14.99989319   5.11072206
-14.97779274   5.07010269
-14.95551395   5.02970505
-14.93314743   4.98964071
-14.91078091   4.94968700
-14.88823700   4.91017771
-14.86551476   4.87089014
-14.84261513   4.83182430
-14.81971645   4.79298067
-14.79663944   4.75447035
-14.75687599   4.69465113
-14.73282337   4.65491962
-14.70859241   4.61540985
-14.68436146   4.57612228
-14.65995312   4.53716755
-14.63554478   4.49843502
-14.61104870   4.46003532
-14.58655167   4.42185736
-14.56214333   4.38379097
-14.53764629   4.34572411
-14.49814892   4.29034424
-14.47285366   4.25138950
-14.44746876   4.21254587
-14.42199612   4.17414618
-14.39643383   4.13596821
-14.37096024   4.09823465
-14.34522057   4.06061172
-14.31939220   4.02321053
-14.29347515   3.98603177
-14.26746941   3.94885278
-14.22806168   3.89713526
-14.20143414   3.85940146
-14.17463017   3.82188964
-14.14773655   3.78471065
-14.12075424   3.74775386
-14.09386063   3.71090770
-14.06687832   3.67439485
-14.03998566   3.63810372
-14.01300335   3.60203457
-13.98602104   3.56629848
-13.94128704   3.51158428
-13.91315174   3.47496033
-13.88492680   3.43855834
-13.85661316   3.40237808
-13.82821083   3.36642003
-13.79971981   3.33068395
-13.77114010   3.29528069
-13.74264908   3.26009941
-13.71406937   3.22514009
-13.68531132   3.19040275
-13.63889217   3.13646555
-13.60924721   3.10072947
-13.57960224   3.06521535
-13.55013466   3.03014493
-13.52040100   2.99529672
-13.49048996   2.96078134
-13.46049023   2.92659879
-13.43040085   2.89274931
-13.40031242   2.85923290
-13.37022400   2.82593822
-13.31998730   2.77699518
-13.28892231   2.74292397
-13.25785732   2.70918536
-13.22679234   2.67566872
-13.19581604   2.64248514
-13.16475105   2.60963464
-13.13359737   2.57700586
-13.10235500   2.54459929
-13.07111263   2.51252556
-13.03995895   2.48067355
-12.98705959   2.42917800
-12.95475197   2.39621639
-12.92244434   2.36369872
-12.89013672   2.33151388
-12.85774040   2.29955125
-12.82525444   2.26781034
-12.79268074   2.23629141
-12.76010704   2.20488358
-12.72735596   2.17369771
-12.69451523   2.14273381
-12.64294720   2.09401274
-12.60886478   2.06238294
-12.57478237   2.03097510
-12.54069901   1.99978912
-12.50670528   1.96882510
-12.47262287   1.93797219
-12.43845081   1.90745211
-12.40427971   1.87726510
-12.37010765   1.84741092
-12.33584785   1.81800067
-12.28197193   1.77604949
-12.24655819   1.74619544
-12.21105480   1.71656322
-12.17564106   1.68726397
-12.14013767   1.65818667
-12.10472393   1.62933147
-12.06922054   1.60080910
-12.03380680   1.57250869
-11.99830437   1.54454124
-11.96288967   1.51668477
-11.90608501   1.47584343
-11.86951733   1.44754303
-11.83312702   1.41968656
-11.79664803   1.39194107
-11.76025677   1.36452854
-11.72386646   1.33722699
-11.68747616   1.31025839
-11.65117455   1.28340077
-11.65117455   1.28340077
-11.57839394   1.23012936
-11.52070141   1.19195163
-11.48315716   1.16476107
-11.44561291   1.13768148
-11.40815735   1.11093485
-11.40815735   1.11093485
-11.33324623   1.05832934
-11.29579067   1.03235960
-11.25824642   1.00661182
-11.22070217   0.98108596
-11.18324661   0.95578206
-11.12395668   0.91860312
-11.08552456   0.89274430
-11.04726982   0.86721843
-11.00892735   0.84191459
-10.97067261   0.81705463
-10.93250656   0.79252762
-10.89434147   0.76822257
-10.85635281   0.74402851
-10.81845379   0.72016740
-10.78064346   0.69663918
-10.71576214   0.65757358
-10.67644215   0.63326854
-10.63712311   0.60940737
-10.59789181   0.58576822
-10.51969719   0.53926677
-10.48064423   0.51640451
-10.44159031   0.49354222
-10.40262604   0.47112387
-10.36375046   0.44892746
-10.29611778   0.41352421
-10.25573254   0.39077291
-10.21543694   0.36835456
-10.17523003   0.34615815
-10.05460930   0.28101173
-10.01449013   0.25959224
-9.97437191   0.23850565
-9.93434238   0.21741907
-9.87159157   0.18856375
-9.83049679   0.16736619
-9.78949070   0.14627962
-9.74839592   0.12563697
-9.70747948   0.10510530
-9.66656208   0.08490658
-9.62573338   0.06504080
-9.58490562   0.04528601
-9.54416561   0.02586416
-9.50342560   0.00677526
-9.43641472   -0.02163614
-9.39434338   -0.04116897
-9.35227203   -0.06036885
-9.31020164   -0.07934678
-9.26830769   -0.09810273
-9.22650337   -0.11663673
-9.18487644   -0.13483778
-9.18487644   -0.13483778
-9.06052685   -0.18788718
-8.94807148   -0.23105919
-8.86242104   -0.26557460
-8.86242104   -0.26557460
-8.77712536   -0.29875821
-8.73478794   -0.31496161
-8.69253922   -0.33072105
-8.60848618   -0.36168504
-8.49691868   -0.39853108
-8.45387077   -0.41351366
-8.41100121   -0.42805231
-8.32552814   -0.45635274
-8.28292465   -0.47022548
-8.28292465   -0.47022548
-8.24040985   -0.48376530
-8.19798374   -0.49719414
-8.15573502   -0.51040101
-8.08286572   -0.53137660
-8.03884125   -0.54491645
-7.95070553   -0.57099724
-7.90677071   -0.58364916
-7.81907845   -0.60817623
-7.77549887   -0.61994034
-7.73200750   -0.63159347
-7.68860531   -0.64291364
-7.62026215   -0.65989387
-7.53132725   -0.68275619
-7.48703718   -0.69385439
-7.48703718   -0.69385439
-7.44292498   -0.70473069
-7.39881277   -0.71538496
-7.31094265   -0.73602760
-7.22360563   -0.75567144
-7.11532164   -0.77487141
-7.02718544   -0.79351640
-6.93975973   -0.81116259
-6.85304356   -0.82792085
-6.76694918   -0.84379137
-6.63035154   -0.86942822
-6.58490801   -0.87764090
-6.53955269   -0.88563162
-6.53955269   -0.88563162
-6.44946432   -0.90083617
-6.40446424   -0.90793908
-6.35964155   -0.91481996
-6.27026320   -0.92824882
-6.15594339   -0.94167769
-6.15594339   -0.94167769
-6.10996723   -0.94767076
-6.06407976   -0.95333081
-5.97292614   -0.96431810
-5.88230467   -0.97452849
-5.83730459   -0.97930074
-5.79239368   -0.98374003
-5.67558908   -0.99117589
-5.62925768   -0.99528223
-5.58310366   -0.99916661
-5.49124002   -1.00626945
-5.49124002   -1.00626945
-5.44552994   -1.00948799
-5.35455370   -1.01514816
-5.30937624   -1.01758981
-5.30937624   -1.01758981
-5.19780827   -1.01792276
-5.15218687   -1.01992047
-5.10674286   -1.02158523
-5.01629925   -1.02435982
-4.97129917   -1.02546966
-4.92638826   -1.02635753
-4.88156557   -1.02702343
-4.83709812   -1.02735639
-4.70041180   -1.02735651
-4.65372562   -1.02735651
-4.60730553   -1.02713466
-4.51473141   -1.02602482
-4.42286777   -1.02391624
-4.37715769   -1.02236247
-4.33144760   -1.02069783
-4.33144760   -1.02069783
-4.22005701   -1.01370597
-4.12792683   -1.00937784
-4.03632927   -1.00416172
-3.99079680   -1.00127614
-3.94535303   -0.99805772
-3.90008688   -0.99472833
-3.85499811   -0.99117690
-3.72132945   -0.97941291
-3.67455435   -0.97530657
-3.62795687   -0.97108930
-3.58153677   -0.96665007
-3.53529406   -0.96198887
-3.48922896   -0.95699471
-3.44351888   -0.95188957
-3.39798641   -0.94645149
-3.35272026   -0.94090241
-3.24354863   -0.92414421
-3.19774985   -0.91792923
-3.15212846   -0.91149235
-3.10677361   -0.90505540
-3.06159616   -0.89839649
-3.01650739   -0.89151567
-2.97177362   -0.88441283
-2.92703986   -0.87708807
-2.88257241   -0.86954135
-2.74854898   -0.84545833
-2.70212889   -0.83713472
-2.65570879   -0.82870013
-2.60946608   -0.82004356
-2.51742482   -0.80206454
-2.47180343   -0.79285306
-2.42644835   -0.78353065
-2.38135958   -0.77398622
-2.32419991   -0.75733900
-2.27875614   -0.74735063
-2.23340130   -0.73714030
-2.18840122   -0.72670805
-2.18840122   -0.72670805
-2.09893370   -0.70528859
-2.05455518   -0.69430143
-2.01053143   -0.68320328
-1.96668530   -0.67199409
-1.92310548   -0.66056299
-1.87961435   -0.64890993
-1.79147828   -0.62527084
-1.74594581   -0.61272991
-1.70067954   -0.59985608
-1.65576828   -0.58687121
-1.65576828   -0.58687121
-1.56656718   -0.56034660
-1.52227724   -0.54691780
-1.47825360   -0.53337806
-1.43431878   -0.51950532
-1.43431878   -0.51950532
-1.32763243   -0.48188254
-1.28307617   -0.46712199
-1.23869753   -0.45225045
-1.23869753   -0.45225045
-1.15056145   -0.42184147
-1.10671532   -0.40641502
-1.06304669   -0.39087757
-1.01955557   -0.37522915
-0.97624207   -0.35946974
-0.86840189   -0.31585395
-0.82446694   -0.29920670
-0.78079838   -0.28244844
-0.73739600   -0.26546824
-0.69417119   -0.24837707
-0.65121263   -0.23095295
-0.60843158   -0.21363980
-0.56591684   -0.19610469
-0.52366835   -0.17856959
-0.45967427   -0.14927040
-0.41618317   -0.13106941
-0.37295836   -0.11264644
-0.32991105   -0.09400152
-0.24470399   -0.05615675
-0.20245549   -0.03706789
-0.16038452   -0.01786806
-0.07695261   0.02086456
-0.07695261   0.02086456
0.02618342   0.07158321
0.06852067   0.09167091
0.06852067   0.09167091
0.11068041   0.11186958
0.19428982   0.15304381
0.23573950   0.17379738
0.27710041   0.19466195
0.31828383   0.21563751
0.35920095   0.23661305
0.41902339   0.27190524
0.46091685   0.29365766
0.50263280   0.31563205
0.54417121   0.33782840
0.58544338   0.36002475
0.62644929   0.38233206
0.66718888   0.40486136
0.70766222   0.42739066
0.74786931   0.45014191
0.78772134   0.47300416
0.88375682   0.53404409
0.92405260   0.55757225
0.96417093   0.58121133
1.04360878   0.62915546
1.08292830   0.65334952
1.12189269   0.67754352
1.16059089   0.70184851
1.19911158   0.72637546
1.29709971   0.79129982
1.33615291   0.81671464
1.37502861   0.84224045
1.41346049   0.86787719
1.45171487   0.89362496
1.45171487   0.89362496
1.52751362   0.94545346
1.56496930   0.97142321
1.60233605   0.99739289
1.69189227   1.06620157
1.72979164   1.09305918
1.76733601   1.12013876
1.80461407   1.14732933
1.84171462   1.17451978
1.84171462   1.17451978
1.91502810   1.22923386
1.95150733   1.25675726
1.98763156   1.28450274
2.04061961   1.32922840
2.07763147   1.35797262
2.11446571   1.38671696
2.15103388   1.41557217
2.18751311   1.44453847
2.22363734   1.47350466
2.25940657   1.50258183
2.29490948   1.53177011
2.33014607   1.56118023
2.36511636   1.59036851
2.45254230   1.66772270
2.48795652   1.69813180
2.48795652   1.69813180
2.52319312   1.72865176
2.59286761   1.78969169
2.62712789   1.82043362
2.66112208   1.85128653
2.69493866   1.88213956
2.72857761   1.91299248
2.81520462   1.99412012
2.84928751   2.02597189
2.88301516   2.05782366
2.94976068   2.12186003
3.01561856   2.18645144
3.04837012   2.21908021
3.08085537   2.25204182
3.12976050   2.30498004
3.16295576   2.33905149
3.19597340   2.37290096
3.22872496   2.40663934
3.26129889   2.44026685
3.29360652   2.47367239
3.32564783   2.50696683
3.35733414   2.54026151
3.38884306   2.57355595
3.41999674   2.60696149
3.46322155   2.66211939
3.49473047   2.69663477
3.52597308   2.73114991
3.55677176   2.76566529
3.58739305   2.80018067
3.61765933   2.83469605
3.64783669   2.86921144
3.67783666   2.90361571
3.67783666   2.90361571
3.73730397   2.97220254
3.78549933   3.02713847
3.81585431   3.06276345
3.84585428   3.09827781
3.87558794   3.13368082
3.93443394   3.20459819
3.96345758   3.24011230
3.99212623   3.27584863
4.02061701   3.31136274
4.04866457   3.34676600
4.09038019   3.40414357
4.11904907   3.44065642
4.14736271   3.47705841
4.17549849   3.51346040
4.20327950   3.54997349
4.23079443   3.58648658
4.25813150   3.62299943
4.28529119   3.65962362
4.31218481   3.69635844
4.33890057   3.73287153
4.33890057   3.73287153
4.41008425   3.83386493
4.41008425   3.83386493
4.46493578   3.90966535
4.49209547   3.94739914
4.51872301   3.98513293
4.54508400   4.02297783
4.57100105   4.06082249
4.59665155   4.09866714
4.62203646   4.13651228
4.62203646   4.13651228
4.67946243   4.23528576
4.70511293   4.27401876
4.73058653   4.31264019
4.75579357   4.35126209
4.78073406   4.38999462
4.80540848   4.42861605
4.82981682   4.46723795
4.85404778   4.50563765
4.87801218   4.54403734
4.91023111   4.60552120
4.93446159   4.64514160
4.95833731   4.68465090
4.98194695   4.72416067
5.00529003   4.76355934
5.02854443   4.80284691
5.05162096   4.84213400
5.07443190   4.88142157
5.09697628   4.92059851
5.11925411   4.95977497
5.15315962   5.02469921
5.17605877   5.06531858
5.19869184   5.10593796
5.22114754   5.14644623
5.24342537   5.18684340
5.26534843   5.22735214
5.28700542   5.26774931
5.30839586   5.30803585
5.32943106   5.34821129
5.35028934   5.38838625
5.37824774   5.44942665
5.39937162   5.49060059
5.42022991   5.53188610
5.44091034   5.57294893
5.46141291   5.61412334
5.48156118   5.65507555
5.50153112   5.69602776
5.52123547   5.73686934
5.54058456   5.77771044
5.55975580   5.81844091
5.57875013   5.85917091
5.60786247   5.92831278
5.62730026   5.97037458
5.64647198   6.01232576
5.66546583   6.05416584
5.68410492   6.09600639
5.70247746   6.13784647
5.72067261   6.17957544
5.73860168   6.22108269
5.75617552   6.26247883
5.78031731   6.32729197
5.79824638   6.37001991
5.81599808   6.41274834
5.83357191   6.45547628
5.86800957   6.54048824
5.88487339   6.58277225
5.90147114   6.62505627
5.91780233   6.66722918
5.93386745   6.70929146
5.93386745   6.70929146
5.97318649   6.82215977
5.98925161   6.86555386
6.00505066   6.90894747
6.02076054   6.95223045
6.03620434   6.99551344
6.05138159   7.03857422
6.06629276   7.08163500
6.08102655   7.12458515
6.09540510   7.16742420
6.11635208   7.23756456
6.13117456   7.28173542
6.14573050   7.32579517
6.15993166   7.36974382
6.17395544   7.41358137
6.18771267   7.45741940
6.20129251   7.50092411
6.21460581   7.54442883
6.22756433   7.58782291
6.24034548   7.63110590
6.27007914   7.74652672
6.28286028   7.79103041
6.29546356   7.83531237
6.30780077   7.87948275
6.31978321   7.92354250
6.33167648   7.96760225
6.34321499   8.01144028
6.35466433   8.05505562
6.36593676   8.09867191
6.38191271   8.17080975
6.39327383   8.21609020
6.40436840   8.26126003
6.41510820   8.30620766
6.42567015   8.35104465
6.43605471   8.39565945
6.44617319   8.44016266
6.45602512   8.48455524
6.46552181   8.52905941
6.47475290   8.57345200
6.48637962   8.64303780
6.49552202   8.68853951
6.50457525   8.73382092
6.51336193   8.77898979
6.52188253   8.82393742
6.53022575   8.86877441
6.53821373   8.91361046
6.54611301   8.95822525
6.55374622   9.00284004
6.56120205   9.04723263
6.56120205   9.04723263
6.57460403   9.15555096
6.58143854   9.20016575
6.58791780   9.24466896
6.59430838   9.28895092
6.60043240   9.33312225
6.60637903   9.37707043
6.61214828   9.42101955
6.61765099   9.46474648
6.62297678   9.50847340
6.64055061   9.65241623
6.64578724   9.69847393
6.65075731   9.74442005
6.65555048   9.79014492
6.66016579   9.83564758
6.66016579   9.83564758
6.66859770   9.92654133
6.67250252   9.97171116
6.67614174   10.01676941
6.67614174   10.01676941
6.67827177   10.12142467
6.68137836   10.16659451
6.68421841   10.21165371
6.68688107   10.25648975
6.68945503   10.30110455
6.69176292   10.34560776
6.69380426   10.38977909
6.69566822   10.43394947
6.69726562   10.47778702
6.70117092   10.57389736
6.70276833   10.62039852
6.70409966   10.66678905
6.70525360   10.71295738
6.70605230   10.75912571
6.70667362   10.80507278
6.70711756   10.85079670
6.70729494   10.89629936
6.70729494   10.94146919
6.70702839   10.98663902
6.70321178   11.04157448
6.70267916   11.08685493
6.70196915   11.13202477
6.70099306   11.17697239
6.69983912   11.22180939
6.69859648   11.26642323
6.69699860   11.31070518
6.69522333   11.35487652
6.69327068   11.39893627
6.69114065   11.44277382
6.69114065   11.44277382
6.68324089   11.58649445
6.68066692   11.63288498
6.67791557   11.67894268
6.67791557   11.67894268
6.67196894   11.77061367
6.66868496   11.81622696
6.66513443   11.86161900
6.66140652   11.90689945
6.65750122   11.95195770
6.64827061   12.02021122
6.64401007   12.06649113
6.63957214   12.11265945
6.63486814   12.15860558
6.62989759   12.20433044
6.62474966   12.24994373
6.61933517   12.29522419
6.61383247   12.34039402
6.60806322   12.38534164
6.60211611   12.43017769
6.60211611   12.43017769
6.58658361   12.53261375
6.58658361   12.53261375
6.57380247   12.62151051
6.56031132   12.70885277
6.55338860   12.75191402
6.54637671   12.79453087
6.53936481   12.83659267
6.53226423   12.87810040
6.51735258   12.96721840
6.50945330   13.01039028
6.50146532   13.05311871
6.49329948   13.09529114
6.48513365   13.13713169
6.47687912   13.17852783
6.47687912   13.17852783
6.46019268   13.25987720
6.45158339   13.29994202
6.44297409   13.33967304
6.41927576   13.42912388
6.41022253   13.46819019
6.40099144   13.50703335
6.40099144   13.50703335
6.38235283   13.58383274
6.37285566   13.62167740
6.36335850   13.65930080
6.35368395   13.69636822
6.34383202   13.73321438
6.32288504   13.81622887
6.31241179   13.85496140
6.30176067   13.89324951
6.29102135   13.93109417
6.28019285   13.96860600
6.26918697   14.00556374
6.25800323   14.04218769
6.24673128   14.07847786
6.23537016   14.11443615
6.22392082   14.14995003
6.22392082   14.14995003
6.19241190   14.23829174
6.18060684   14.27369499
6.16862488   14.30887604
6.16862488   14.30887604
6.14448261   14.37801743
6.13232279   14.41208935
6.12007427   14.44582748
6.10764837   14.47912216
6.09522247   14.51208401
6.07267809   14.56369019
6.05998564   14.59709549
6.04738235   14.62994671
6.03495598   14.66190910
6.02261877   14.69320583
6.01037025   14.72394753
5.99821043   14.75380230
5.98622847   14.78287888
5.97451258   14.81129074
5.96297407   14.83881378
5.93004513   14.91106319
5.91877270   14.93714333
5.90785551   14.96233654
5.89720488   14.98664188
5.88690901   15.01005840
5.87687922   15.03269863
5.86711597   15.05445099
5.86711597   15.05445099
5.84829950   15.09551430
5.83001566   15.13391399
5.82078457   15.15411282
5.81173134   15.17386723
5.80285597   15.19317818
5.78519297   15.23057938
5.77649498   15.24889088
5.76779652   15.26709270
5.75927591   15.28484917
5.75075531   15.30249500
5.74232340   15.31980896
5.71960163   15.36786366
5.71081448   15.38562107
5.70211601   15.40293407
5.69368410   15.41980267
5.68551874   15.43611717
5.67788553   15.45154381
5.67042971   15.46597099
5.66341782   15.47962189
5.65338850   15.49471569
