0.3185   -0.4217
0.6459   -0.8768
0.9468   -1.299
1.256   -1.742
1.761   -2.475
2.097   -2.952
2.389   -3.385
2.681   -3.818
2.991   -4.284
3.327   -4.761
3.672   -5.283
4.035   -5.827
4.389   -6.36
4.663   -6.781
5.044   -7.369
5.344   -7.836
5.636   -8.291
5.937   -8.779
6.256   -9.278
6.565   -9.778
6.999   -10.48
7.335   -11
7.672   -11.53
8.008   -12.08
8.344   -12.63
8.698   -13.21
9.061   -13.8
9.432   -14.37
9.777   -14.91
10.41   -15.92
10.82   -16.54
11.22   -17.17
11.76   -18.01
12.04   -18.45
12.46   -19.1
12.75   -19.54
13.18   -20.2
13.47   -20.64
13.77   -21.1
14.06   -21.55
14.37   -22.01
14.83   -22.71
15.28   -23.41
15.59   -23.87
15.91   -24.35
16.22   -24.82
16.53   -25.29
16.85   -25.76
17.17   -26.24
17.48   -26.71
17.96   -27.41
18.26   -27.87
18.75   -28.58
19.07   -29.06
19.4   -29.52
19.71   -29.99
20.06   -30.45
20.39   -30.91
20.72   -31.38
21.06   -31.84
21.4   -32.31
21.74   -32.79
22.09   -33.25
22.43   -33.71
22.78   -34.17
23.14   -34.63
23.48   -35.05
23.85   -35.49
24.21   -35.95
24.77   -36.63
25.31   -37.26
25.69   -37.7
26.25   -38.35
26.84   -38.98
27.24   -39.42
28.03   -40.24
28.64   -40.87
29.08   -41.3
29.5   -41.7
29.93   -42.1
30.35   -42.5
30.77   -42.87
31.23   -43.28
31.68   -43.66
32.13   -44.04
32.59   -44.42
33.27   -44.96
33.76   -45.36
34.23   -45.72
34.71   -46.08
35.19   -46.44
35.9   -47
36.88   -47.72
37.37   -48.09
37.86   -48.45
38.33   -48.79
38.83   -49.13
39.33   -49.48
39.83   -49.82
40.58   -50.32
41.09   -50.65
41.85   -51.14
43.11   -51.93
43.87   -52.39
44.37   -52.7
44.88   -53
45.38   -53.3
45.87   -53.6
46.37   -53.88
46.87   -54.17
47.37   -54.46
47.87   -54.75
48.32   -55
48.8   -55.28
49.28   -55.55
49.75   -55.83
50.21   -56.08
50.71   -56.34
51.17   -56.59
51.62   -56.85
52.08   -57.09
52.53   -57.34
53.19   -57.68
53.63   -57.91
54.28   -58.26
54.92   -58.59
55.55   -58.92
56.16   -59.24
56.93   -59.64
57.51   -59.92
58.03   -60.2
58.51   -60.44
59   -60.69
59.57   -60.98
60.06   -61.23
60.54   -61.46
61.01   -61.7
61.46   -61.92
