0.5404   1.752e-08
1.045   -0.0111
1.639   -0.0222
2.233   -0.0222
2.959   -0.03329
3.606   -0.04439
4.129   -0.05549
4.696   -0.05549
5.289   -0.06659
5.909   -0.07769
6.565   -0.07769
7.265   -0.08878
8.248   -0.09988
9.037   -0.09988
9.87   -0.111
10.45   -0.1221
11.35   -0.1221
11.98   -0.1221
12.94   -0.1332
14.32   -0.1332
15.01   -0.1332
16.43   -0.1221
17.15   -0.1221
18.25   -0.111
19.75   -0.08876
20.51   -0.09986
21.67   -0.08876
22.46   -0.07766
23.66   -0.05546
24.46   -0.04436
25.68   -0.03326
26.92   -0.02215
28.17   4.744e-05
29.42   0.01115
30.26   0.01115
31.53   0.03335
32.39   0.03336
33.68   0.04446
34.53   0.05556
37.18   0.07777
38.52   0.08888
40.34   0.09998
41.26   0.09999
42.18   0.09999
44.06   0.1111
45.96   0.1111
47.43   0.1222
48.41   0.1222
49.4   0.1333
51.39   0.1222
52.4   0.1222
53.43   0.1223
53.95   0.1223
54.47   0.1223
55.51   0.1223
56.04   0.1223
57.62   0.1223
58.69   0.1334
59.77   0.1334
60.31   0.1334
61.4   0.1334
62.49   0.1445
63.04   0.1556
64.14   0.1556
64.69   0.1667
66.36   0.1778
67.48   0.1889
68.59   0.2001
69.16   0.2001
70.27   0.2112
70.84   0.2223
71.98   0.2334
73.69   0.2334
75.4   0.2445
76.55   0.2556
77.12   0.2556
77.71   0.2556
78.28   0.2667
80.04   0.2889
81.22   0.3001
81.8   0.3001
82.99   0.3112
85.95   0.3112
86.55   0.3223
87.15   0.3223
87.75   0.3223
89.59   0.3334
90.2   0.3334
90.84   0.3445
92.08   0.3446
92.7   0.3446
93.32   0.3446
93.94   0.3557
96.45   0.3557
97.07   0.3557
97.7   0.3557
98.32   0.3557
99.57   0.3557
100.2   0.3557
101.5   0.3558
102.1   0.3558
103.4   0.3558
105.2   0.3558
106.5   0.3558
108.4   0.367
110.3   0.3559
113.5   0.3559
114.1   0.3559
116.1   0.3782
116.7   0.3782
118.6   0.3782
119.3   0.3893
120.6   0.3893
121.2   0.3893
121.9   0.4004
122.5   0.3893
123.9   0.4005
125.2   0.4005
125.8   0.4005
127.2   0.4116
127.8   0.4116
129.2   0.4227
129.8   0.4227
131.2   0.4339
132.5   0.4339
133.2   0.445
136   0.445
136.7   0.4451
138.7   0.4562
139.4   0.4562
140.1   0.4451
140.8   0.4451
142.2   0.4451
143.6   0.4563
144.3   0.4563
145   0.4563
145.7   0.4563
146.5   0.4563
147.9   0.4452
148.6   0.4453
149.3   0.4453
150   0.4564
150.8   0.4564
152.9   0.4564
154.3   0.4565
155.1   0.4565
156.5   0.4565
157.2   0.4343
158.7   0.4343
160.1   0.4344
161.5   0.4344
162.2   0.4344
163.7   0.4344
164.4   0.4234
167.3   0.4345
168   0.4345
169.4   0.4346
170.1   0.4346
171.5   0.4346
172.9   0.4346
173.6   0.4346
175.1   0.4347
175.8   0.4347
177.9   0.4458
178.6   0.4458
179.3   0.4459
181.4   0.4459
182.9   0.457
185   0.4571
185.7   0.4571
187.1   0.4682
189.2   0.4794
190.7   0.4905
192.8   0.5127
194.9   0.5239
195.6   0.5239
197   0.535
199.9   0.5573
200.6   0.5573
202   0.5685
202.7   0.5685
204.1   0.5685
204.8   0.5685
206.3   0.5797
207.7   0.5908
208.4   0.6019
209.1   0.6019
209.8   0.6019
210.5   0.6131
211.2   0.6131
212.6   0.6242
215.5   0.6354
216.9   0.6465
217.6   0.6576
218.3   0.6688
219.7   0.6799
221.2   0.691
221.9   0.7021
223.3   0.7244
224   0.7355
224.7   0.7466
225.4   0.7577
226.1   0.7688
227.6   0.8022
229   0.8133
229.7   0.8244
231.1   0.8467
231.8   0.8578
233.2   0.88
234   0.8911
234.7   0.9023
235.4   0.9134
238.2   0.9468
238.9   0.9579
239.6   0.969
241.1   0.9912
242.5   1.002
243.2   1.002
244.6   1.025
248.9   1.069
249.6   1.08
250.3   1.08
253.2   1.114
254.6   1.125
255.3   1.125
256   1.136
256.7   1.147
258.8   1.169
260.3   1.18
264.5   1.203
266.7   1.225
267.4   1.225
268.1   1.236
269.5   1.236
270.3   1.247
271.7   1.247
273.8   1.259
274.5   1.259
277.4   1.27
278.1   1.27
279.5   1.281
280.9   1.281
281.7   1.281
283.1   1.281
285.2   1.27
286.7   1.27
287.4   1.281
289.5   1.281
290.9   1.292
292.4   1.281
293.1   1.281
295.2   1.293
295.9   1.293
296.7   1.293
297.4   1.293
298.1   1.293
298.8   1.304
299.5   1.315
304.5   1.337
305.2   1.337
306.6   1.349
307.3   1.349
308   1.36
309.4   1.36
310.2   1.36
312.3   1.371
313.7   1.382
314.4   1.382
320.1   1.416
320.8   1.416
321.5   1.416
322.2   1.427
323.7   1.427
324.4   1.438
325.1   1.438
325.8   1.438
326.5   1.438
327.9   1.449
328.6   1.46
329.3   1.46
331.4   1.483
332.1   1.483
332.9   1.494
333.6   1.494
335.7   1.516
337.1   1.516
338.5   1.527
339.2   1.527
341.3   1.539
342.1   1.55
344.2   1.561
344.9   1.561
345.6   1.561
346.3   1.561
347.1   1.55
349.2   1.539
350.6   1.539
351.3   1.528
352   1.528
352.7   1.528
357   1.495
358.5   1.495
362   1.473
362.8   1.473
364.2   1.473
364.9   1.473
366.3   1.473
367.1   1.473
367.8   1.473
368.5   1.484
369.2   1.484
370.7   1.484
372.1   1.462
372.8   1.462
375   1.473
375.7   1.473
376.5   1.473
378.6   1.496
380.1   1.496
381.5   1.507
382.2   1.518
384.4   1.529
385.2   1.529
387.4   1.541
388.1   1.541
391.7   1.552
392.5   1.563
393.9   1.563
396.1   1.574
397.6   1.585
398.3   1.585
400.6   1.586
403.5   1.597
404.2   1.597
405.7   1.597
406.5   1.608
407.2   1.608
410.1   1.608
410.9   1.619
413.8   1.62
416.1   1.62
418.3   1.62
419.8   1.62
420.5   1.631
422.8   1.631
424.2   1.642
425.7   1.642
426.5   1.642
430.2   1.631
432.5   1.643
434.7   1.643
436.2   1.654
437   1.665
437.7   1.665
438.5   1.676
440   1.676
440.7   1.687
441.5   1.688
442.2   1.699
449   1.755
450.5   1.766
452   1.766
452.8   1.766
454.3   1.777
455   1.777
455.8   1.788
456.6   1.788
458.1   1.799
458.8   1.799
459.6   1.822
462.6   1.833
464.9   1.844
465.6   1.855
467.2   1.855
468.7   1.855
469.5   1.867
470.2   1.867
471   1.878
474.8   1.9
476.3   1.911
477.1   1.911
477.8   1.923
479.4   1.923
482.4   1.934
483.2   1.934
484.7   1.945
486.2   1.945
488.5   1.956
490   1.968
491.6   1.968
492.3   1.968
496.2   1.979
497.7   1.99
498.5   1.99
500   1.99
500.8   1.991
501.5   1.991
502.3   2.002
505.4   2.013
508.4   2.046
509.2   2.047
509.9   2.058
510.7   2.058
512.2   2.08
513   2.102
515.3   2.125
516.1   2.136
516.8   2.147
519.9   2.18
520.6   2.18
521.4   2.192
522.9   2.203
526   2.225
527.5   2.236
528.2   2.247
529   2.259
530.5   2.27
531.3   2.281
532.1   2.281
532.8   2.281
533.6   2.292
535.1   2.303
535.9   2.303
536.6   2.303
537.4   2.315
539.6   2.315
541.9   2.326
544.2   2.326
546.4   2.326
547.2   2.337
547.9   2.338
549.4   2.338
550.2   2.338
550.9   2.338
551.7   2.338
553.9   2.338
554.6   2.338
556.1   2.338
557.6   2.338
559.8   2.327
560.5   2.327
561.2   2.327
562.7   2.316
563.4   2.316
564.9   2.316
567   2.317
567.8   2.317
569.2   2.317
569.9   2.306
570.6   2.306
573.5   2.295
575.6   2.306
576.4   2.306
577.1   2.306
578.5   2.306
579.2   2.306
580.6   2.318
581.3   2.318
583.4   2.329
584.8   2.329
585.5   2.329
586.9   2.329
587.6   2.307
589   2.307
590.4   2.307
591.1   2.307
592.5   2.307
593.2   2.307
594.6   2.307
595.3   2.307
596   2.308
596.7   2.308
598.1   2.308
598.8   2.308
600.2   2.308
600.9   2.297
601.6   2.297
602.3   2.297
603.7   2.297
604.4   2.297
606.5   2.297
607.2   2.297
607.9   2.319
608.6   2.32
609.3   2.32
610   2.32
610.7   2.32
612.1   2.32
613.5   2.32
614.2   2.32
615.6   2.342
617   2.342
617.7   2.342
618.4   2.342
621.2   2.354
621.9   2.354
622.6   2.354
623.3   2.365
624.8   2.365
625.5   2.376
626.2   2.376
627.6   2.388
628.3   2.388
629   2.388
630.4   2.399
631.8   2.41
632.5   2.41
633.2   2.421
636   2.444
636.7   2.444
638.1   2.455
639.6   2.466
640.3   2.466
641.7   2.477
642.4   2.477
643.8   2.489
645.2   2.5
646.6   2.511
647.3   2.511
648.1   2.511
649.5   2.522
650.2   2.511
651.6   2.511
653.7   2.523
654.4   2.523
656.5   2.534
657.2   2.545
659.4   2.568
660.1   2.568
660.8   2.579
661.5   2.579
662.9   2.59
663.6   2.601
664.4   2.601
665.1   2.612
665.8   2.612
667.2   2.624
667.9   2.635
669.3   2.646
670.1   2.646
670.8   2.657
671.5   2.668
672.9   2.68
674.3   2.691
675.1   2.691
675.8   2.702
676.5   2.702
677.2   2.713
678.6   2.713
679.3   2.713
680.8   2.714
682.2   2.725
682.9   2.725
683.6   2.725
685.1   2.725
687.2   2.736
688.6   2.736
690.1   2.736
690.8   2.748
691.5   2.748
692.2   2.748
692.9   2.748
693.7   2.748
695.1   2.748
698   2.759
698.7   2.759
700.1   2.76
702.3   2.76
703   2.76
703.7   2.76
705.9   2.76
706.6   2.771
708.1   2.76
708.8   2.76
709.5   2.76
711   2.76
711.7   2.76
712.4   2.761
713.8   2.761
714.6   2.761
716   2.761
717.5   2.772
718.2   2.772
720.4   2.772
723.3   2.75
726.2   2.751
726.9   2.751
727.6   2.751
728.4   2.751
729.8   2.751
730.5   2.751
732   2.751
734.2   2.751
735.7   2.751
736.4   2.74
737.8   2.741
738.6   2.741
739.3   2.741
740.8   2.73
741.5   2.73
743.7   2.741
745.9   2.741
746.6   2.741
747.4   2.741
748.1   2.741
748.8   2.753
749.6   2.753
752.5   2.786
753.2   2.786
754.7   2.809
759.1   2.842
759.8   2.842
761.3   2.865
762.1   2.876
763.5   2.887
764.3   2.898
765   2.909
765.8   2.921
766.5   2.921
768   2.943
768.7   2.954
769.4   2.965
770.2   2.977
770.9   2.977
771.7   2.988
772.4   2.999
773.9   3.032
775.4   3.055
776.1   3.066
777.6   3.088
778.3   3.099
779.1   3.111
779.8   3.122
780.6   3.144
782.8   3.177
785   3.222
786.5   3.244
787.2   3.256
788   3.267
789.5   3.289
790.2   3.3
791   3.311
791.7   3.323
793.9   3.345
795.4   3.356
796.2   3.367
797.7   3.379
798.4   3.379
799.9   3.39
800.7   3.39
801.4   3.401
802.2   3.401
802.9   3.424
803.7   3.435
805.9   3.435
808.9   3.446
809.7   3.457
811.1   3.458
811.9   3.458
812.7   3.469
814.9   3.48
815.7   3.48
816.4   3.48
818.7   3.503
820.2   3.514
820.9   3.514
822.4   3.525
823.9   3.525
824.7   3.526
825.4   3.515
826.2   3.526
826.9   3.526
828.4   3.526
830   3.526
830.7   3.537
831.5   3.537
832.2   3.537
833   3.526
834.5   3.527
835.3   3.527
836   3.527
836.8   3.527
838.3   3.527
839.1   3.538
839.8   3.538
840.5   3.527
841.3   3.527
842.8   3.527
844.3   3.528
845.1   3.539
846.6   3.539
848.1   3.539
849.6   3.55
850.4   3.55
851.2   3.55
852.7   3.551
853.4   3.551
854.2   3.551
855   3.551
856.5   3.562
857.2   3.562
859.5   3.562
860.3   3.562
861.1   3.563
861.8   3.563
863.3   3.552
864.1   3.552
864.9   3.552
865.6   3.552
866.4   3.552
867.1   3.552
869.4   3.552
870.2   3.552
871   3.564
872.5   3.564
873.3   3.564
874   3.553
875.6   3.553
876.3   3.553
877.1   3.553
877.9   3.553
879.4   3.542
880.2   3.542
880.9   3.542
881.7   3.542
882.5   3.543
884.8   3.532
885.5   3.532
886.3   3.554
887.9   3.554
888.6   3.554
890.1   3.554
890.9   3.555
892.5   3.555
894   3.544
894.8   3.544
895.6   3.544
896.3   3.544
897.1   3.555
898.6   3.555
899.4   3.555
901   3.567
901.7   3.589
902.5   3.589
903.3   3.6
904   3.611
905.6   3.623
906.4   3.623
907.9   3.645
908.7   3.656
909.4   3.645
911   3.657
911.8   3.657
912.5   3.668
914.1   3.679
917.2   3.713
918   3.713
918.7   3.724
919.5   3.724
920.3   3.735
921.8   3.747
922.6   3.758
923.4   3.758
924.2   3.769
924.9   3.78
925.7   3.78
927.3   3.792
928   3.803
929.6   3.825
930.4   3.825
931.1   3.836
931.9   3.848
932.7   3.859
933.5   3.859
934.3   3.87
935.8   3.892
936.6   3.904
938.2   3.915
938.9   3.926
939.7   3.926
940.5   3.948
942.1   3.96
942.8   3.971
943.6   3.971
947.5   4.005
949.1   4.016
950.6   4.027
951.4   4.027
952.2   4.039
953   4.039
953.8   4.05
954.5   4.05
956.1   4.039
956.9   4.039
957.7   4.05
959.3   4.05
960   4.062
961.6   4.062
963.2   4.062
964.7   4.084
965.5   4.084
966.3   4.096
967.9   4.096
968.6   4.096
969.4   4.107
971   4.107
972.6   4.096
973.3   4.096
974.9   4.097
975.7   4.097
978   4.097
978.8   4.097
979.6   4.097
981.2   4.097
982   4.097
982.8   4.098
983.6   4.109
985.1   4.109
985.9   4.109
987.5   4.12
988.3   4.12
990.7   4.132
991.4   4.132
992.2   4.143
994.6   4.154
995.4   4.155
997.8   4.166
998.5   4.166
999.3   4.177
1000   4.177
1002   4.178
1004   4.2
1005   4.2
1006   4.2
1007   4.2
1009   4.201
1010   4.212
1011   4.19
1012   4.19
1013   4.201
1014   4.201
1016   4.201
1017   4.213
1018   4.213
1019   4.224
1020   4.224
1020   4.224
1021   4.224
1022   4.224
1023   4.224
1023   4.225
1026   4.225
1026   4.236
1029   4.225
1029   4.225
1030   4.225
1032   4.226
1033   4.226
1034   4.215
1035   4.215
1037   4.215
1038   4.215
1039   4.215
1039   4.215
1042   4.205
1044   4.205
1045   4.205
1046   4.205
1047   4.205
1048   4.205
1049   4.206
1050   4.206
1051   4.206
1051   4.206
1052   4.206
1053   4.206
1055   4.206
1055   4.206
1056   4.206
1057   4.218
1059   4.229
1060   4.229
1061   4.229
1063   4.241
1064   4.241
1065   4.252
1068   4.263
1069   4.275
1071   4.297
1071   4.297
1072   4.308
1073   4.32
1074   4.32
1075   4.331
1075   4.342
1076   4.353
1077   4.353
1078   4.364
1079   4.387
1080   4.376
1082   4.398
1082   4.409
1083   4.421
1084   4.432
1085   4.443
1085   4.454
1086   4.465
1087   4.466
1088   4.466
1089   4.488
1091   4.51
1092   4.522
1093   4.522
1093   4.533
1094   4.544
1095   4.555
1096   4.633
1098   4.656
1099   4.667
1101   4.689
1103   4.712
1104   4.701
1106   4.734
1107   4.735
1107   4.746
1108   4.757
1109   4.757
1111   4.78
1115   4.802
1115   4.813
1117   4.825
1118   4.836
1119   4.836
1119   4.847
1120   4.847
1121   4.847
1122   4.859
1123   4.859
1124   4.87
1125   4.87
1126   4.881
1126   4.881
1128   4.915
1129   4.915
1130   4.926
1131   4.926
1133   4.938
1134   4.938
1135   4.938
1136   4.949
1137   4.949
1138   4.95
1138   4.95
1139   4.961
1140   4.961
1142   4.972
1143   4.973
1144   4.973
1146   4.984
1147   4.984
1148   4.995
1149   4.995
1149   4.996
1150   5.007
1151   5.007
1152   5.018
1153   5.018
1153   5.018
1154   5.03
1155   5.03
1156   5.03
1157   5.041
1158   5.052
1160   5.064
1161   5.064
1162   5.075
1163   5.075
1164   5.086
1165   5.098
1166   5.098
1167   5.098
1169   5.12
1170   5.132
1171   5.132
1172   5.154
1174   5.165
1175   5.177
1178   5.21
1179   5.222
1180   5.222
1182   5.233
1183   5.244
1184   5.267
1187   5.3
1189   5.323
1189   5.334
1190   5.312
1191   5.323
1192   5.323
1192   5.335
1193   5.346
1194   5.346
1195   5.357
1196   5.368
1196   5.368
1197   5.38
1198   5.369
1198   5.38
1201   5.391
1202   5.403
1203   5.403
