-0.5253   0.0111
-1.032   0.02219
-1.567   0.03329
-2.228   0.04438
-3.052   0.05548
-3.641   0.07767
-4.157   0.07767
-4.855   0.07767
-5.461   0.08876
-6.276   0.07767
-6.784   0.08876
-7.318   0.08876
-7.852   0.111
-8.604   0.1221
-9.184   0.1331
-9.772   0.1664
-10.38   0.1775
-11   0.1886
-11.62   0.1997
-12.28   0.233
-12.92   0.2441
-13.58   0.2663
-14.22   0.2663
-14.88   0.2885
-15.55   0.2996
-16.24   0.3218
-17.15   0.344
-17.85   0.3662
-18.58   0.3884
-19.28   0.3994
-20.46   0.4327
-21.17   0.4549
-21.89   0.466
-22.62   0.4882
-23.38   0.5104
-24.38   0.5326
-24.89   0.5548
-25.64   0.5659
-26.46   0.6214
-27.24   0.6436
-28.02   0.6658
-28.85   0.6769
-29.37   0.688
-30.17   0.7212
-30.7   0.7323
-31.57   0.7767
-32.39   0.81
-32.94   0.8211
-33.48   0.8433
-34.07   0.8877
-34.62   0.8988
-35.19   0.921
-35.75   0.9432
-36.31   0.9654
-36.92   0.9876
-37.78   1.01
-38.35   1.032
-38.93   1.054
-39.51   1.076
-41   1.154
-41.59   1.176
-42.19   1.198
-42.82   1.232
-43.43   1.254
-44.03   1.276
-44.63   1.298
-45.24   1.332
-45.9   1.354
-46.52   1.376
-47.45   1.409
-48.38   1.454
-49.04   1.476
-49.67   1.509
-50.3   1.531
-50.93   1.565
-51.55   1.587
-52.19   1.62
-52.81   1.642
-53.44   1.664
-54.06   1.698
-54.98   1.731
-55.65   1.764
-56.26   1.787
-56.88   1.82
-57.49   1.842
-58.78   1.897
-59.4   1.931
-61.24   1.997
-61.89   2.008
-62.49   2.031
-63.41   2.064
-64.31   2.097
-64.95   2.131
-65.55   2.153
-66.15   2.164
-67.05   2.197
-67.7   2.23
-68.3   2.253
-68.91   2.275
-69.5   2.286
-70.09   2.308
-70.72   2.33
-71.31   2.352
-71.89   2.375
-72.48   2.397
-73.37   2.419
-74.3   2.452
-74.89   2.475
-75.49   2.486
-76.08   2.508
-76.72   2.541
-77.32   2.563
-78.22   2.586
-78.82   2.608
-79.43   2.619
-80.08   2.641
-80.7   2.663
-81.32   2.685
-81.94   2.697
-82.9   2.73
-83.84   2.763
-84.47   2.774
-85.11   2.796
-85.75   2.819
-86.44   2.83
-87.08   2.852
-87.73   2.874
-88.4   2.885
-89.05   2.907
-89.75   2.93
-90.41   2.952
-91.08   2.974
-92.41   3.018
-93.1   3.041
-94.11   3.074
-94.78   3.096
-95.45   3.118
-96.17   3.14
-96.85   3.163
-97.52   3.185
-98.2   3.207
-98.87   3.218
-99.91   3.263
-100.6   3.274
-101.2   3.296
-101.9   3.318
-102.6   3.34
-103.3   3.362
-104.3   3.396
-105   3.418
-105.6   3.44
-106.3   3.462
-107   3.485
-108   3.529
-108.6   3.551
