0.312    -0.177    -0.000
-0.993    0.562    -0.000
-2.257    1.368    -0.000
-3.499    2.209    -0.000
-4.482    3.290    -0.000
-5.201    4.600    -0.000
-5.421    6.084    -0.000
-5.508    7.563    -0.000
-5.205    9.032    -0.000
-4.903    10.501    -0.000
-4.785    11.073    -0.000
-4.117    12.416    -0.000
-3.438    13.753    -0.000
-2.759    15.089    -0.000
-2.063    16.418    -0.000
-1.367    17.746    -0.000
-0.671    19.075    -0.000
0.025    20.404    -0.000
0.721    21.732    -0.000
1.418    23.061    -0.000
2.114    24.390    -0.000
2.809    25.718    -0.000
3.505    27.047    -0.000
4.201    28.375    -0.000
4.899    29.703    -0.000
5.597    31.031    -0.000
6.295    32.358    -0.000
6.993    33.686    -0.000
7.691    35.014    -0.000
8.389    36.341    -0.000
9.087    37.669    -0.000
9.785    38.996    -0.000
10.483    40.323    -0.000
11.180    41.652    -0.000
11.877    42.980    -0.000
12.575    44.307    -0.000
13.273    45.635    -0.000
13.971    46.963    -0.000
14.669    48.291    -0.000
15.367    49.618    -0.000
16.065    50.946    -0.000
16.763    52.274    -0.000
17.461    53.600    -0.000
18.159    54.928    -0.000
18.856    56.256    -0.000
19.554    57.583    -0.000
20.252    58.911    -0.000
20.950    60.239    -0.000
21.648    61.566    -0.000
22.346    62.894    -0.000
23.042    64.223    -0.000
23.740    65.550    -0.000
24.436    66.879    -0.000
25.133    68.208    -0.000
25.828    69.535    -0.000
26.525    70.864    -0.000
27.221    72.192    -0.000
27.919    73.520    -0.000
28.615    74.849    -0.001
29.313    76.176    -0.001
30.007    77.506    -0.001
30.709    78.831    -0.001
31.418    80.153    -0.001
32.127    81.475    -0.001
32.835    82.797    -0.001
33.544    84.119    -0.001
34.253    85.440    -0.001
34.961    86.762    -0.001
35.670    88.084    -0.001
36.379    89.406    -0.001
37.088    90.728    -0.001
37.797    92.050    -0.001
38.505    93.371    -0.001
39.214    94.693    -0.001
39.923    96.015    -0.001
40.632    97.337    -0.001
41.340    98.659    -0.001
42.049    99.981    -0.001
42.758    101.303    -0.001
43.463    102.627    -0.001
44.161    103.954    -0.001
44.858    105.282    -0.001
45.556    106.610    -0.001
46.249    107.940    -0.001
46.935    109.274    -0.001
47.621    110.608    -0.001
48.308    111.941    -0.001
49.007    113.268    -0.001
49.707    114.595    -0.001
50.405    115.921    -0.001
51.102    117.250    -0.001
51.798    118.579    -0.001
52.476    119.917    -0.001
53.144    121.260    -0.001
53.812    122.603    -0.001
54.480    123.945    -0.001
55.142    125.292    -0.001
55.792    126.642    -0.002
56.442    127.995    -0.002
57.091    129.347    -0.002
57.738    130.700    -0.002
58.384    132.053    -0.002
59.032    133.407    -0.002
59.657    134.770    -0.002
60.280    136.135    -0.002
60.898    137.501    -0.002
61.515    138.868    -0.002
62.127    140.237    -0.002
62.736    141.608    -0.002
63.343    142.979    -0.002
63.941    144.355    -0.002
64.537    145.732    -0.002
65.131    147.108    -0.002
65.711    148.492    -0.002
66.282    149.879    -0.002
66.839    151.271    -0.002
67.388    152.667    -0.002
67.933    154.064    -0.002
68.477    155.462    -0.002
68.997    156.869    -0.002
69.504    158.280    -0.002
70.016    159.690    -0.002
70.528    161.100    -0.002
71.042    162.509    -0.002
71.530    163.927    -0.003
72.002    165.351    -0.003
72.459    166.779    -0.003
72.908    168.211    -0.003
73.352    169.643    -0.003
73.775    171.082    -0.003
74.196    172.521    -0.003
74.585    173.970    -0.003
74.971    175.420    -0.003
75.357    176.869    -0.003
75.733    178.320    -0.003
76.099    179.775    -0.003
76.442    181.235    -0.003
76.714    182.710    -0.003
76.982    184.186    -0.003
77.194    185.670    -0.003
77.384    187.158    -0.003
77.547    188.649    -0.003
77.692    190.142    -0.003
77.812    191.637    -0.003
77.913    193.133    -0.003
77.989    194.631    -0.003
78.059    196.130    -0.004
78.112    197.628    -0.004
78.155    199.128    -0.004
78.196    200.627    -0.004
78.232    202.126    -0.004
78.263    203.626    -0.004
78.273    205.125    -0.004
78.280    206.626    -0.004
78.287    208.125    -0.004
78.294    209.625    -0.004
78.301    211.125    -0.004
78.309    212.625    -0.004
78.317    214.125    -0.004
78.323    215.625    -0.004
78.330    217.124    -0.004
78.338    218.625    -0.004
78.344    220.124    -0.004
78.352    221.625    -0.004
78.360    223.124    -0.004
78.367    224.624    -0.004
78.374    226.124    -0.005
78.381    227.623    -0.005
78.506    229.118    -0.005
78.645    230.611    -0.005
78.798    232.103    -0.005
78.951    233.595    -0.005
79.097    235.088    -0.005
79.240    236.581    -0.005
79.384    238.074    -0.005
79.528    239.567    -0.005
79.677    241.060    -0.005
79.825    242.552    -0.005
79.973    244.044    -0.005
80.122    245.537    -0.005
80.267    247.030    -0.005
80.412    248.523    -0.005
80.557    250.016    -0.005
80.703    251.509    -0.005
80.833    253.002    -0.006
80.909    254.500    -0.006
80.907    256.000    -0.006
80.902    257.500    -0.006
80.873    258.999    -0.006
80.836    260.499    -0.006
80.802    261.998    -0.006
80.770    263.498    -0.006
80.738    264.997    -0.006
80.706    266.497    -0.006
80.674    267.996    -0.006
80.641    269.496    -0.006
80.610    270.995    -0.006
80.578    272.495    -0.006
80.546    273.994    -0.006
80.513    275.494    -0.006
80.479    276.994    -0.007
80.441    278.493    -0.007
80.404    279.992    -0.007
80.363    281.492    -0.007
80.323    282.991    -0.007
80.283    284.490    -0.007
80.242    285.990    -0.007
80.202    287.489    -0.007
80.161    288.988    -0.007
80.120    290.488    -0.007
80.078    291.987    -0.007
80.037    293.486    -0.007
79.994    294.986    -0.007
79.951    296.485    -0.007
79.908    297.984    -0.007
79.865    299.483    -0.008
79.822    300.983    -0.008
79.778    302.482    -0.008
79.736    303.981    -0.008
79.693    305.481    -0.008
79.650    306.980    -0.008
79.606    308.479    -0.008
79.568    309.979    -0.008
79.531    311.478    -0.008
79.493    312.977    -0.008
79.457    314.477    -0.008
79.420    315.976    -0.008
79.383    317.476    -0.008
79.345    318.975    -0.008
79.308    320.475    -0.009
79.271    321.974    -0.009
79.233    323.473    -0.009
79.196    324.973    -0.009
79.160    326.472    -0.009
79.123    327.972    -0.009
79.085    329.471    -0.009
79.048    330.970    -0.009
79.011    332.470    -0.009
78.974    333.969    -0.009
78.937    335.469    -0.009
78.900    336.968    -0.009
78.863    338.468    -0.009
78.825    339.967    -0.010
78.788    341.466    -0.010
78.751    342.966    -0.010
78.714    344.465    -0.010
78.676    345.965    -0.010
78.640    347.464    -0.010
78.603    348.964    -0.010
78.565    350.463    -0.010
78.528    351.962    -0.010
78.491    353.462    -0.010
78.454    354.961    -0.010
78.417    356.461    -0.010
78.380    357.960    -0.011
78.343    359.459    -0.011
78.305    360.959    -0.011
78.268    362.458    -0.011
78.231    363.958    -0.011
78.195    365.457    -0.011
78.158    366.957    -0.011
78.124    368.456    -0.011
78.083    369.955    -0.011
78.042    371.455    -0.011
78.001    372.954    -0.011
77.960    374.453    -0.012
77.919    375.953    -0.012
77.878    377.452    -0.012
77.838    378.951    -0.012
77.798    380.451    -0.012
77.758    381.950    -0.012
77.716    383.449    -0.012
77.676    384.949    -0.012
77.636    386.448    -0.012
77.596    387.948    -0.012
77.556    389.447    -0.012
77.516    390.946    -0.012
77.476    392.446    -0.013
77.435    393.945    -0.013
77.395    395.444    -0.013
77.355    396.944    -0.013
77.315    398.443    -0.013
77.274    399.942    -0.013
77.234    401.442    -0.013
77.194    402.941    -0.013
77.153    404.440    -0.013
77.114    405.940    -0.013
77.039    407.437    -0.014
76.958    408.935    -0.014
76.877    410.433    -0.014
76.797    411.930    -0.014
76.716    413.428    -0.014
76.636    414.926    -0.014
76.555    416.424    -0.014
76.475    417.921    -0.014
76.394    419.419    -0.014
76.314    420.917    -0.014
76.232    422.414    -0.014
76.152    423.913    -0.015
76.072    425.410    -0.015
75.966    426.906    -0.015
75.878    428.403    -0.015
75.796    429.901    -0.015
75.715    431.399    -0.015
75.633    432.896    -0.015
75.551    434.394    -0.015
75.469    435.892    -0.015
75.387    437.389    -0.015
75.306    438.887    -0.016
75.224    440.384    -0.016
75.142    441.882    -0.016
75.060    443.380    -0.016
74.979    444.877    -0.016
74.896    446.376    -0.016
74.818    447.873    -0.016
74.743    449.370    -0.016
74.667    450.869    -0.016
74.590    452.366    -0.017
74.515    453.865    -0.017
74.439    455.363    -0.017
74.364    456.861    -0.017
74.287    458.359    -0.017
74.212    459.857    -0.017
74.136    461.355    -0.017
74.061    462.852    -0.017
73.984    464.351    -0.017
73.908    465.848    -0.017
73.845    467.347    -0.018
73.772    468.844    -0.018
73.672    470.341    -0.018
73.588    471.839    -0.018
73.498    473.336    -0.018
73.414    474.833    -0.018
73.294    476.329    -0.018
73.176    477.823    -0.018
73.050    479.319    -0.018
72.903    480.810    -0.019
72.746    482.302    -0.019
72.551    483.790    -0.019
72.318    485.270    -0.019
72.107    486.756    -0.019
71.829    488.230    -0.019
71.529    489.699    -0.019
71.195    491.161    -0.019
70.820    492.613    -0.019
70.426    494.060    -0.020
69.993    495.496    -0.020
69.544    496.928    -0.020
69.062    498.347    -0.020
68.544    499.755    -0.020
67.967    501.138    -0.020
67.368    502.513    -0.020
66.729    503.871    -0.020
66.061    505.213    -0.020
65.356    506.537    -0.021
64.633    507.851    -0.021
63.875    509.145    -0.021
63.117    510.439    -0.021
62.336    511.720    -0.021
61.550    512.997    -0.021
60.742    514.260    -0.021
59.914    515.511    -0.021
59.074    516.753    -0.021
58.200    517.972    -0.021
57.319    519.186    -0.021
56.403    520.374    -0.022
55.462    521.541    -0.022
54.493    522.686    -0.022
53.507    523.817    -0.022
52.523    524.948    -0.022
51.487    526.032    -0.022
50.445    527.111    -0.022
49.381    528.168    -0.022
48.292    529.199    -0.022
47.198    530.225    -0.022
46.078    531.222    -0.022
44.952    532.214    -0.022
43.795    533.166    -0.023
42.628    534.110    -0.023
41.445    535.031    -0.023
40.234    535.917    -0.023
39.015    536.791    -0.023
37.792    537.658    -0.023
36.554    538.504    -0.023
35.302    539.330    -0.023
34.027    540.119    -0.023
32.744    540.896    -0.023
31.443    541.642    -0.023
30.127    542.361    -0.023
28.794    543.051    -0.023
27.455    543.727    -0.023
26.095    544.357    -0.023
24.721    544.960    -0.023
23.334    545.528    -0.023
21.929    546.055    -0.023
20.522    546.572    -0.024
19.114    547.089    -0.024
17.695    547.574    -0.024
16.268    548.038    -0.024
14.841    548.499    -0.024
13.411    548.953    -0.024
11.977    549.390    -0.024
10.538    549.815    -0.024
9.104    550.253    -0.024
7.667    550.683    -0.024
6.237    551.132    -0.024
4.820    551.624    -0.024
3.409    552.134    -0.024
2.025    552.709    -0.024
0.660    553.331    -0.024
-0.692    553.980    -0.024
-2.024    554.670    -0.024
-3.332    555.403    -0.024
-4.622    556.168    -0.024
-5.900    556.954    -0.024
-7.148    557.784    -0.024
-8.360    558.667    -0.025
-9.546    559.584    -0.025
-10.727    560.509    -0.025
-11.889    561.458    -0.025
-12.978    562.487    -0.025
-14.077    563.507    -0.025
-15.141    564.565    -0.025
-16.182    565.643    -0.025
-17.204    566.742    -0.025
-18.165    567.892    -0.025
-19.114    569.055    -0.025
-20.036    570.238    -0.026
-20.917    571.451    -0.026
-21.787    572.672    -0.026
-22.594    573.936    -0.026
-23.376    575.216    -0.026
-24.144    576.503    -0.026
-24.850    577.826    -0.026
-25.540    579.158    -0.026
-26.192    580.509    -0.027
-26.815    581.873    -0.027
-27.388    583.259    -0.027
-27.934    584.656    -0.027
-28.465    586.058    -0.027
-28.950    587.477    -0.027
-29.376    588.916    -0.027
-29.805    590.353    -0.027
-30.194    591.801    -0.028
-30.545    593.259    -0.028
-30.834    594.730    -0.028
-31.073    596.211    -0.028
-31.284    597.695    -0.028
-31.439    599.187    -0.028
-31.569    600.681    -0.028
-31.677    602.177    -0.029
-31.757    603.674    -0.029
-31.811    605.173    -0.029
-31.863    606.672    -0.029
-31.907    608.172    -0.029
-31.957    609.671    -0.029
-32.001    611.170    -0.029
-32.044    612.669    -0.030
-32.087    614.169    -0.030
-32.129    615.668    -0.030
-32.171    617.167    -0.030
-32.214    618.667    -0.030
-32.257    620.166    -0.030
-32.299    621.665    -0.030
-32.341    623.164    -0.031
-32.383    624.664    -0.031
-32.425    626.163    -0.031
-32.468    627.662    -0.031
-32.511    629.162    -0.031
-32.553    630.661    -0.031
-32.595    632.160    -0.032
-32.638    633.660    -0.032
-32.680    635.159    -0.032
-32.722    636.658    -0.032
-32.764    638.157    -0.032
-32.807    639.657    -0.032
-32.849    641.156    -0.032
-32.891    642.655    -0.033
-32.933    644.155    -0.033
-32.976    645.654    -0.033
-33.018    647.153    -0.033
-33.060    648.653    -0.033
-33.103    650.152    -0.033
-33.144    651.651    -0.033
-33.186    653.150    -0.034
-33.228    654.650    -0.034
-33.271    656.149    -0.034
-33.313    657.647    -0.034
-33.355    659.147    -0.034
-33.398    660.646    -0.034
-33.440    662.145    -0.035
-33.483    663.645    -0.035
-33.510    665.144    -0.035
-33.554    666.643    -0.035
-33.604    668.143    -0.035
-33.656    669.642    -0.035
-33.708    671.141    -0.036
-33.760    672.640    -0.036
-33.811    674.139    -0.036
-33.555    675.605    -0.036
-33.191    677.060    -0.036
-32.688    678.467    -0.036
-32.084    679.841    -0.036
-31.159    681.019    -0.037
-30.215    682.183    -0.037
-29.151    683.241    -0.037
-28.066    684.275    -0.037
-26.916    685.237    -0.037
-25.790    686.225    -0.037
-24.792    687.345    -0.037
-23.794    688.464    -0.037
-22.883    689.654    -0.037
-22.004    690.870    -0.038
-21.127    692.086    -0.038
-20.447    693.422    -0.038
-19.777    694.764    -0.038
-19.086    696.088    -0.038
-17.876    696.975    -0.038
-16.546    697.641    -0.038
-15.141    698.161    -0.038
-13.660    698.397    -0.038
-12.178    698.634    -0.038
-10.697    698.873    -0.038
-9.208    699.030    -0.038
-7.710    699.104    -0.038
-6.212    699.172    -0.038
-4.713    699.241    -0.038
-3.217    699.326    -0.038
-1.723    699.466    -0.038
-0.232    699.629    -0.038
1.262    699.768    -0.039
2.755    699.908    -0.039
4.248    700.047    -0.039
5.742    700.188    -0.039
7.235    700.328    -0.039
8.728    700.467    -0.039
10.222    700.607    -0.039
11.715    700.746    -0.039
13.208    700.886    -0.039
14.702    701.025    -0.039
16.195    701.165    -0.039
17.688    701.305    -0.039
19.182    701.444    -0.039
20.675    701.589    -0.039
22.165    701.758    -0.039
23.655    701.928    -0.039
25.146    702.096    -0.039
26.636    702.265    -0.039
28.126    702.436    -0.039
29.617    702.605    -0.039
31.107    702.774    -0.039
32.597    702.943    -0.039
34.088    703.112    -0.039
35.578    703.282    -0.039
37.068    703.450    -0.039
38.559    703.619    -0.039
40.049    703.789    -0.039
41.539    703.958    -0.039
43.034    704.040    -0.039
44.533    704.073    -0.039
46.033    704.092    -0.039
47.532    704.133    -0.039
49.031    704.199    -0.039
50.530    704.257    -0.039
52.029    704.307    -0.039
53.527    704.358    -0.039
55.026    704.418    -0.039
56.525    704.467    -0.039
58.024    704.527    -0.039
59.523    704.578    -0.039
61.023    704.619    -0.039
62.522    704.652    -0.039
64.022    704.684    -0.039
65.521    704.701    -0.039
67.021    704.701    -0.039
68.521    704.703    -0.039
70.020    704.663    -0.039
71.517    704.584    -0.039
73.013    704.473    -0.039
74.507    704.337    -0.039
75.996    704.160    -0.039
77.478    703.932    -0.039
78.951    703.648    -0.039
80.415    703.324    -0.039
81.872    702.971    -0.039
83.319    702.573    -0.039
84.751    702.129    -0.039
86.164    701.625    -0.039
87.566    701.092    -0.039
88.951    700.515    -0.039
90.303    699.868    -0.039
91.652    699.212    -0.039
92.979    698.515    -0.039
94.288    697.782    -0.039
95.573    697.009    -0.039
96.851    696.224    -0.039
98.092    695.382    -0.039
99.313    694.511    -0.039
100.505    693.602    -0.039
101.685    692.676    -0.039
102.826    691.702    -0.038
103.949    690.709    -0.038
105.034    689.672    -0.038
106.096    688.613    -0.038
107.116    687.514    -0.038
108.118    686.398    -0.038
109.094    685.260    -0.038
110.036    684.093    -0.038
110.936    682.893    -0.038
111.822    681.682    -0.038
112.677    680.450    -0.037
113.515    679.206    -0.037
114.324    677.943    -0.037
115.123    676.673    -0.037
115.895    675.388    -0.037
116.629    674.080    -0.037
117.359    672.770    -0.037
118.026    671.427    -0.037
118.661    670.069    -0.036
119.262    668.695    -0.036
119.860    667.320    -0.036
120.408    665.923    -0.036
120.944    664.523    -0.036
121.459    663.115    -0.036
121.966    661.703    -0.036
122.435    660.278    -0.035
122.880    658.846    -0.035
123.318    657.412    -0.035
123.725    655.968    -0.035
124.123    654.523    -0.035
124.501    653.070    -0.035
124.864    651.615    -0.035
125.196    650.153    -0.034
125.525    648.689    -0.034
125.822    647.220    -0.034
126.088    645.744    -0.034
126.353    644.267    -0.034
126.597    642.787    -0.034
126.815    641.303    -0.034
127.021    639.818    -0.033
127.226    638.332    -0.033
127.417    636.845    -0.033
127.598    635.356    -0.033
127.769    633.865    -0.033
127.923    632.374    -0.033
128.061    630.881    -0.033
128.190    629.386    -0.032
128.311    627.891    -0.032
128.429    626.395    -0.032
128.534    624.899    -0.032
128.635    623.403    -0.032
128.737    621.907    -0.032
128.839    620.410    -0.032
128.940    618.914    -0.031
129.028    617.417    -0.031
129.082    615.918    -0.031
129.136    614.419    -0.031
129.185    612.919    -0.031
129.230    611.420    -0.031
129.274    609.921    -0.031
129.317    608.422    -0.030
129.360    606.922    -0.030
129.404    605.423    -0.030
129.447    603.924    -0.030
129.489    602.425    -0.030
129.532    600.925    -0.030
129.576    599.426    -0.030
129.620    597.928    -0.029
129.661    596.428    -0.029
129.703    594.929    -0.029
129.745    593.430    -0.029
129.786    591.930    -0.029
129.828    590.431    -0.029
129.870    588.932    -0.029
129.912    587.433    -0.028
129.953    585.933    -0.028
129.995    584.434    -0.028
130.037    582.935    -0.028
130.079    581.435    -0.028
130.121    579.936    -0.028
130.165    578.437    -0.028
130.207    576.937    -0.028
130.250    575.438    -0.027
130.292    573.939    -0.027
130.336    572.440    -0.027
130.379    570.940    -0.027
130.421    569.441    -0.027
130.465    567.942    -0.027
130.508    566.442    -0.027
130.550    564.943    -0.026
130.593    563.444    -0.026
130.637    561.945    -0.026
130.679    560.445    -0.026
130.723    558.946    -0.026
130.766    557.447    -0.026
130.810    555.947    -0.026
130.852    554.448    -0.026
130.895    552.949    -0.025
130.938    551.450    -0.025
130.981    549.950    -0.025
131.023    548.451    -0.025
131.067    546.952    -0.025
131.110    545.452    -0.025
131.153    543.953    -0.025
131.195    542.454    -0.024
131.239    540.955    -0.024
131.282    539.455    -0.024
131.325    537.956    -0.024
131.368    536.457    -0.024
131.419    534.958    -0.024
131.470    533.459    -0.024
131.507    531.959    -0.024
131.539    530.460    -0.023
131.578    528.960    -0.023
131.620    527.462    -0.023
131.663    525.963    -0.023
131.710    524.463    -0.023
131.752    522.964    -0.023
131.786    521.465    -0.023
131.831    519.965    -0.023
131.895    518.467    -0.022
131.954    516.968    -0.022
132.004    515.469    -0.022
132.083    513.971    -0.022
132.160    512.473    -0.022
132.238    510.975    -0.022
132.331    509.478    -0.022
132.422    507.981    -0.022
132.509    506.484    -0.022
132.586    504.986    -0.021
132.650    503.487    -0.021
132.733    501.990    -0.021
132.824    500.493    -0.021
132.914    498.996    -0.021
133.004    497.499    -0.021
133.096    496.001    -0.021
133.188    494.504    -0.021
133.280    493.007    -0.021
133.372    491.510    -0.020
133.464    490.013    -0.020
133.558    488.516    -0.020
133.650    487.019    -0.020
133.742    485.523    -0.020
133.834    484.025    -0.020
133.939    482.529    -0.020
134.063    481.034    -0.020
134.187    479.540    -0.019
134.322    478.046    -0.019
134.464    476.553    -0.019
134.616    475.060    -0.019
134.790    473.571    -0.019
134.965    472.081    -0.019
135.142    470.592    -0.019
135.360    469.107    -0.019
135.578    467.623    -0.019
135.795    466.140    -0.019
136.013    464.656    -0.018
136.231    463.172    -0.018
136.449    461.688    -0.018
136.667    460.204    -0.018
136.885    458.720    -0.018
137.103    457.236    -0.018
137.320    455.752    -0.018
137.494    454.263    -0.018
137.572    452.765    -0.018
137.655    451.268    -0.017
137.721    449.770    -0.017
137.812    448.273    -0.017
137.860    446.774    -0.017
137.920    445.276    -0.017
137.969    443.777    -0.017
138.035    442.278    -0.017
138.088    440.779    -0.017
138.143    439.281    -0.017
138.174    437.781    -0.017
138.212    436.282    -0.016
138.247    434.783    -0.016
138.291    433.283    -0.016
138.338    431.784    -0.016
138.375    430.285    -0.016
138.410    428.785    -0.016
138.451    427.286    -0.016
138.489    425.786    -0.016
138.531    424.287    -0.016
138.565    422.788    -0.016
138.605    421.288    -0.015
138.654    419.789    -0.015
138.703    418.290    -0.015
138.754    416.791    -0.015
138.814    415.292    -0.015
138.868    413.793    -0.015
138.888    412.293    -0.015
138.935    410.794    -0.015
138.980    409.296    -0.015
139.028    407.797    -0.015
139.076    406.297    -0.014
139.119    404.798    -0.014
139.157    403.299    -0.014
139.199    401.799    -0.014
139.237    400.300    -0.014
139.278    398.801    -0.014
139.311    397.301    -0.014
139.351    395.802    -0.014
139.386    394.302    -0.014
139.424    392.803    -0.014
139.462    391.304    -0.014
139.501    389.804    -0.013
139.541    388.305    -0.013
139.579    386.805    -0.013
139.618    385.306    -0.013
139.655    383.807    -0.013
139.694    382.307    -0.013
139.749    380.808    -0.013
139.804    379.309    -0.013
139.848    377.810    -0.013
139.891    376.311    -0.013
139.935    374.811    -0.013
139.972    373.312    -0.012
140.007    371.813    -0.012
140.045    370.313    -0.012
140.082    368.814    -0.012
140.123    367.314    -0.012
140.159    365.815    -0.012
140.201    364.316    -0.012
140.210    362.817    -0.012
140.247    361.317    -0.012
140.215    359.819    -0.012
140.195    358.319    -0.012
140.236    356.820    -0.012
140.196    355.321    -0.011
140.229    353.821    -0.011
140.194    352.323    -0.011
140.119    350.825    -0.011
140.045    349.327    -0.011
139.971    347.829    -0.011
139.898    346.330    -0.011
139.823    344.832    -0.011
139.749    343.334    -0.011
139.674    341.836    -0.011
139.601    340.338    -0.011
139.527    338.840    -0.011
139.452    337.342    -0.010
139.378    335.844    -0.010
139.305    334.346    -0.010
139.231    332.848    -0.010
139.156    331.350    -0.010
139.082    329.851    -0.010
139.008    328.353    -0.010
138.958    326.855    -0.010
138.920    325.356    -0.010
138.882    323.856    -0.010
138.843    322.356    -0.010
138.806    320.857    -0.010
138.768    319.358    -0.010
138.730    317.859    -0.009
138.693    316.359    -0.009
138.655    314.859    -0.009
138.616    313.360    -0.009
138.578    311.861    -0.009
138.541    310.362    -0.009
138.503    308.862    -0.009
138.465    307.363    -0.009
138.427    305.863    -0.009
138.390    304.364    -0.009
138.352    302.864    -0.009
138.313    301.365    -0.009
138.275    299.866    -0.009
138.238    298.366    -0.008
138.200    296.867    -0.008
138.161    295.367    -0.008
138.187    293.868    -0.008
138.234    292.369    -0.008
138.279    290.870    -0.008
138.323    289.371    -0.008
138.368    287.871    -0.008
138.412    286.372    -0.008
138.455    284.873    -0.008
138.500    283.374    -0.008
138.545    281.874    -0.008
138.586    280.375    -0.008
138.630    278.876    -0.008
138.674    277.377    -0.008
138.715    275.877    -0.007
138.759    274.378    -0.007
138.801    272.879    -0.007
138.841    271.379    -0.007
138.880    269.880    -0.007
138.922    268.381    -0.007
138.963    266.881    -0.007
139.007    265.382    -0.007
139.049    263.883    -0.007
139.090    262.383    -0.007
139.132    260.884    -0.007
139.173    259.385    -0.007
139.215    257.885    -0.007
139.256    256.386    -0.007
139.298    254.887    -0.007
139.339    253.387    -0.007
139.382    251.888    -0.007
139.432    250.389    -0.006
139.479    248.891    -0.006
139.520    247.392    -0.006
139.557    245.892    -0.006
139.598    244.393    -0.006
139.640    242.893    -0.006
139.681    241.394    -0.006
139.722    239.895    -0.006
139.766    238.396    -0.006
139.810    236.896    -0.006
139.854    235.397    -0.006
139.897    233.898    -0.006
139.939    232.398    -0.006
139.985    230.899    -0.006
140.028    229.400    -0.006
140.069    227.901    -0.006
140.112    226.401    -0.006
140.157    224.902    -0.006
140.199    223.403    -0.005
140.240    221.903    -0.005
140.281    220.404    -0.005
140.321    218.905    -0.005
140.364    217.405    -0.005
140.411    215.906    -0.005
140.453    214.407    -0.005
140.493    212.908    -0.005
140.535    211.408    -0.005
140.576    209.909    -0.005
140.617    208.410    -0.005
140.665    206.910    -0.005
140.711    205.411    -0.005
140.754    203.912    -0.005
140.797    202.413    -0.005
140.842    200.913    -0.005
140.885    199.414    -0.005
140.928    197.915    -0.005
140.967    196.416    -0.005
141.004    194.916    -0.005
141.046    193.417    -0.004
141.082    191.917    -0.004
141.116    190.418    -0.004
141.158    188.919    -0.004
141.199    187.419    -0.004
141.247    185.920    -0.004
141.295    184.421    -0.004
141.336    182.922    -0.004
141.377    181.422    -0.004
141.420    179.923    -0.004
141.461    178.424    -0.004
141.503    176.924    -0.004
141.545    175.425    -0.004
141.587    173.926    -0.004
141.629    172.427    -0.004
141.672    170.928    -0.004
141.714    169.429    -0.004
141.757    167.930    -0.004
141.795    166.430    -0.004
141.836    164.931    -0.004
141.880    163.432    -0.004
141.921    161.932    -0.004
141.962    160.433    -0.004
142.005    158.934    -0.004
142.048    157.434    -0.004
142.087    155.935    -0.003
142.127    154.436    -0.003
142.169    152.936    -0.003
142.215    151.437    -0.003
142.265    149.938    -0.003
142.312    148.439    -0.003
142.352    146.939    -0.003
142.390    145.440    -0.003
142.434    143.941    -0.003
142.478    142.441    -0.003
142.523    140.942    -0.003
142.567    139.443    -0.003
142.612    137.944    -0.003
142.660    136.445    -0.003
142.705    134.945    -0.003
142.749    133.446    -0.003
142.790    131.947    -0.003
142.829    130.447    -0.003
142.872    128.948    -0.003
142.916    127.449    -0.003
142.958    125.950    -0.003
143.001    124.450    -0.003
143.043    122.951    -0.003
143.086    121.452    -0.003
143.131    119.952    -0.003
143.175    118.453    -0.003
143.219    116.954    -0.003
143.264    115.455    -0.003
143.309    113.955    -0.003
143.351    112.456    -0.003
143.395    110.957    -0.003
143.437    109.458    -0.003
143.481    107.958    -0.003
143.524    106.459    -0.003
143.567    104.961    -0.002
143.611    103.461    -0.002
143.653    101.962    -0.002
143.695    100.463    -0.002
143.738    98.964    -0.002
143.780    97.464    -0.002
143.823    95.965    -0.002
143.865    94.466    -0.002
143.907    92.966    -0.002
143.954    91.467    -0.002
143.998    89.968    -0.002
144.040    88.469    -0.002
144.082    86.969    -0.002
144.122    85.470    -0.002
144.162    83.971    -0.002
144.203    82.471    -0.002
144.246    80.972    -0.002
144.289    79.473    -0.002
144.332    77.973    -0.002
144.375    76.474    -0.002
144.416    74.975    -0.002
144.457    73.475    -0.002
144.497    71.976    -0.002
144.538    70.477    -0.002
144.578    68.977    -0.002
144.617    67.478    -0.002
144.658    65.979    -0.002
144.702    64.479    -0.002
144.743    62.980    -0.002
144.774    61.481    -0.002
144.813    59.981    -0.002
144.852    58.482    -0.002
144.884    56.982    -0.002
144.913    55.483    -0.002
144.940    53.983    -0.002
144.966    52.483    -0.002
144.994    50.984    -0.002
145.019    49.484    -0.002
145.029    47.984    -0.002
145.042    46.485    -0.002
145.053    44.985    -0.002
145.056    43.485    -0.002
145.059    41.984    -0.002
145.061    40.485    -0.002
145.057    38.985    -0.002
145.040    37.485    -0.002
145.023    35.985    -0.002
144.991    34.486    -0.002
144.955    32.986    -0.002
144.896    31.487    -0.002
144.816    29.990    -0.002
144.716    28.494    -0.002
144.607    26.998    -0.002
144.488    25.503    -0.002
144.332    24.011    -0.002
144.168    22.521    -0.002
143.993    21.030    -0.002
143.804    19.542    -0.002
143.602    18.056    -0.002
143.385    16.572    -0.002
143.146    15.092    -0.002
142.893    13.614    -0.002
142.630    12.137    -0.002
142.339    10.665    -0.002
142.046    9.194    -0.002
141.741    7.726    -0.002
141.399    6.265    -0.002
141.040    4.810    -0.002
140.652    3.361    -0.002
140.222    1.924    -0.002
139.785    0.489    -0.002
139.335    -0.942    -0.002
138.859    -2.364    -0.002
138.338    -3.771    -0.001
137.799    -5.171    -0.001
137.228    -6.557    -0.001
136.634    -7.935    -0.001
136.028    -9.306    -0.001
135.359    -10.648    -0.001
134.680    -11.986    -0.001
133.974    -13.309    -0.001
133.254    -14.625    -0.001
132.500    -15.921    -0.001
131.723    -17.204    -0.001
130.904    -18.460    -0.001
130.046    -19.691    -0.001
129.166    -20.906    -0.001
128.253    -22.095    -0.001
127.302    -23.254    -0.001
126.324    -24.391    -0.001
125.334    -25.518    -0.001
124.315    -26.618    -0.001
123.257    -27.682    -0.001
122.176    -28.721    -0.001
121.070    -29.733    -0.001
119.933    -30.712    -0.001
118.757    -31.642    -0.001
117.552    -32.535    -0.001
116.347    -33.428    -0.001
115.105    -34.268    -0.001
113.848    -35.085    -0.001
112.568    -35.867    -0.001
111.261    -36.604    -0.001
109.928    -37.291    -0.001
108.569    -37.927    -0.001
107.204    -38.545    -0.001
105.809    -39.098    -0.001
104.407    -39.628    -0.001
102.990    -40.119    -0.001
101.558    -40.569    -0.001
100.111    -40.962    -0.001
98.658    -41.328    -0.001
97.194    -41.655    -0.001
95.720    -41.939    -0.001
94.238    -42.166    -0.001
92.752    -42.365    -0.001
91.260    -42.524    -0.001
89.764    -42.624    -0.001
88.264    -42.633    -0.001
86.765    -42.638    -0.001
85.265    -42.600    -0.001
83.768    -42.518    -0.001
82.272    -42.414    -0.001
80.780    -42.260    -0.001
79.291    -42.080    -0.001
77.806    -41.872    -0.001
76.334    -41.583    -0.001
74.869    -41.272    -0.001
73.415    -40.897    -0.001
71.977    -40.474    -0.001
70.554    -40.000    -0.001
69.142    -39.496    -0.000
67.752    -38.933    -0.000
66.368    -38.354    -0.000
64.998    -37.746    -0.000
63.639    -37.110    -0.000
62.290    -36.456    -0.000
60.947    -35.787    -0.000
59.605    -35.119    -0.000
58.264    -34.446    -0.000
56.928    -33.763    -0.000
55.596    -33.077    -0.000
54.266    -32.382    -0.000
52.936    -31.690    -0.000
51.606    -30.995    -0.000
50.279    -30.299    -0.000
48.949    -29.604    -0.000
47.620    -28.909    -0.000
46.291    -28.214    -0.000
44.961    -27.520    -0.000
43.634    -26.823    -0.000
42.308    -26.121    -0.000
40.984    -25.416    -0.000
39.745    -24.576    -0.000
38.531    -23.694    -0.000
37.318    -22.813    -0.000
36.104    -21.931    -0.000
34.891    -21.049    -0.000
33.677    -20.169    -0.000
32.463    -19.287    -0.000
31.249    -18.406    -0.000
30.036    -17.524    -0.000
28.823    -16.642    -0.000
27.609    -15.762    -0.000
26.395    -14.880    -0.000
25.181    -13.998    -0.000
23.968    -13.118    -0.000
22.754    -12.236    -0.000
21.541    -11.355    -0.000
20.251    -10.599    -0.000
18.916    -9.915    -0.000
17.582    -9.229    -0.000
16.251    -8.537    -0.000
14.921    -7.844    -0.000
13.593    -7.149    -0.000
12.264    -6.452    -0.000
10.936    -5.756    -0.000
9.607    -5.060    -0.000
8.278    -4.364    -0.000
6.949    -3.669    -0.000
5.619    -2.975    -0.000
4.289    -2.283    -0.000
2.959    -1.589    -0.000
1.630    -0.892    -0.000
