7.526   0.181   -0
7.601   -2.318   -0
7.674   -4.717   -0
7.746   -7.315   -0
7.813   -9.714   -0
7.883   -12.213   -0
7.956   -14.812   -0
8.022   -17.211   -0
8.095   -19.81   -0
8.165   -22.309   -0
8.234   -24.807   -0
8.306   -27.306   -0
8.379   -29.705   -0
8.453   -32.204   -0
8.526   -34.803   -0
8.594   -37.2   -0
8.663   -39.699   -0
8.734   -42.198   -0
8.812   -44.797   -0
8.885   -47.196   -0
8.951   -49.694   -0
9.02   -52.293   -0
9.094   -54.792   -0
9.165   -57.191   -0
9.238   -59.79   -0
9.307   -62.289   -0
9.377   -64.787   -0
9.448   -67.286   -0
9.518   -69.785   -0
9.585   -72.184   -0
9.658   -74.783   -0
9.732   -77.282   -0
9.796   -79.781   -0.001
9.857   -82.28   -0.001
9.921   -84.779   -0.001
9.993   -87.277   -0.001
10.061   -89.676   -0.001
10.132   -92.175   -0.001
10.205   -94.774   -0.001
10.274   -97.273   -0.001
10.345   -99.672   -0.001
10.433   -102.17   -0.001
10.518   -104.667   -0.001
10.598   -107.166   -0.001
10.668   -109.665   -0.001
10.738   -112.164   -0.001
10.821   -114.762   -0.001
10.891   -117.261   -0.001
10.961   -119.76   -0.001
11.031   -122.259   -0.001
11.099   -124.758   -0.001
11.168   -127.257   -0.001
11.235   -129.656   -0.001
11.305   -132.154   -0.001
11.376   -134.753   -0.001
11.446   -137.252   -0.001
11.512   -139.651   -0.002
11.585   -142.25   -0.002
11.651   -144.649   -0.002
11.722   -147.248   -0.002
11.791   -149.746   -0.002
11.858   -152.145   -0.002
11.931   -154.744   -0.002
11.999   -157.143   -0.002
12.073   -159.742   -0.002
12.142   -162.241   -0.002
12.21   -164.74   -0.002
12.276   -167.138   -0.002
12.347   -169.737   -0.002
12.416   -172.236   -0.002
12.485   -174.635   -0.002
12.559   -177.234   -0.002
12.634   -179.632   -0.003
12.715   -182.23   -0.003
12.789   -184.629   -0.003
12.871   -187.227   -0.003
12.948   -189.726   -0.003
13.026   -192.225   -0.003
13.1   -194.623   -0.003
13.178   -197.122   -0.003
13.253   -199.621   -0.003
13.326   -202.22   -0.003
13.396   -204.719   -0.003
13.463   -207.117   -0.003
13.531   -209.616   -0.003
13.602   -212.215   -0.004
13.67   -214.714   -0.004
13.738   -217.213   -0.004
13.804   -219.612   -0.004
13.872   -222.111   -0.004
13.94   -224.61   -0.004
14.011   -227.208   -0.004
14.08   -229.707   -0.004
14.148   -232.206   -0.004
14.215   -234.705   -0.004
14.282   -237.104   -0.004
14.351   -239.603   -0.005
14.423   -242.202   -0.005
14.493   -244.701   -0.005
14.564   -247.199   -0.005
14.634   -249.698   -0.005
14.703   -252.196   -0.005
14.77   -254.595   -0.005
14.842   -257.194   -0.005
14.912   -259.693   -0.005
14.983   -262.192   -0.005
15.051   -264.59   -0.006
15.121   -267.089   -0.006
15.194   -269.688   -0.006
15.263   -272.087   -0.006
15.336   -274.686   -0.006
15.406   -277.185   -0.006
15.474   -279.583   -0.006
15.545   -282.082   -0.006
15.614   -284.581   -0.006
15.685   -287.08   -0.006
15.759   -289.679   -0.007
15.828   -292.078   -0.007
15.899   -294.576   -0.007
15.972   -297.175   -0.007
16.04   -299.574   -0.007
16.113   -302.173   -0.007
16.179   -304.572   -0.007
16.25   -307.171   -0.007
16.319   -309.669   -0.008
16.388   -312.168   -0.008
16.457   -314.667   -0.008
16.522   -317.066   -0.008
16.59   -319.565   -0.008
16.661   -322.164   -0.008
16.735   -324.663   -0.008
16.806   -327.061   -0.008
16.876   -329.56   -0.009
16.95   -332.159   -0.009
17.019   -334.558   -0.009
17.093   -337.157   -0.009
17.165   -339.655   -0.009
17.229   -342.053   -0.009
17.298   -344.652   -0.009
17.361   -347.051   -0.009
17.425   -349.55   -0.01
17.492   -352.049   -0.01
17.566   -354.648   -0.01
17.637   -357.147   -0.01
17.705   -359.546   -0.01
17.78   -362.144   -0.01
17.846   -364.443   -0.01
17.958   -367.041   -0.011
18.074   -369.538   -0.011
18.191   -372.135   -0.011
18.289   -374.632   -0.011
18.367   -377.131   -0.011
18.436   -379.629   -0.011
18.505   -382.128   -0.012
18.574   -384.627   -0.012
18.642   -387.026   -0.012
18.712   -389.525   -0.012
18.785   -392.124   -0.012
18.854   -394.623   -0.012
18.922   -397.022   -0.012
18.994   -399.62   -0.013
19.064   -402.119   -0.013
19.131   -404.518   -0.013
19.204   -407.117   -0.013
19.271   -409.516   -0.013
19.341   -412.015   -0.013
19.411   -414.513   -0.014
19.484   -417.112   -0.014
19.554   -419.611   -0.014
19.621   -422.11   -0.014
19.69   -424.609   -0.014
19.759   -427.108   -0.014
19.82   -429.607   -0.015
19.882   -432.106   -0.015
19.943   -434.605   -0.015
20.005   -437.104   -0.015
20.065   -439.603   -0.015
20.127   -442.102   -0.015
20.189   -444.601   -0.016
20.249   -447.1   -0.016
20.311   -449.599   -0.016
20.373   -452.098   -0.016
20.434   -454.597   -0.016
20.495   -457.096   -0.016
20.542   -459.596   -0.017
20.594   -462.095   -0.017
20.644   -464.693   -0.017
20.692   -467.193   -0.017
20.735   -469.592   -0.017
20.777   -472.192   -0.018
20.813   -474.691   -0.018
20.851   -477.191   -0.018
20.887   -479.691   -0.018
20.924   -482.19   -0.018
20.959   -484.59   -0.018
20.998   -487.189   -0.019
21.035   -489.689   -0.019
21.072   -492.189   -0.019
21.109   -494.687   -0.019
21.145   -497.187   -0.019
21.166   -499.787   -0.02
21.172   -502.186   -0.02
21.209   -504.686   -0.02
21.234   -507.286   -0.02
21.233   -509.785   -0.02
21.238   -512.186   -0.021
21.273   -514.685   -0.021
21.217   -517.583   -0.021
21.177   -519.783   -0.021
21.17   -522.282   -0.021
21.164   -524.782   -0.022
21.172   -527.282   -0.022
21.181   -529.782   -0.022
21.19   -532.282   -0.022
21.194   -534.781   -0.023
21.186   -537.281   -0.023
21.148   -539.881   -0.023
21.104   -542.38   -0.023
21.091   -544.78   -0.023
21.085   -547.28   -0.024
21.079   -549.78   -0.024
21.045   -552.379   -0.024
20.985   -554.978   -0.024
20.931   -557.277   -0.024
20.907   -559.777   -0.025
20.846   -562.476   -0.025
20.775   -564.975   -0.025
20.72   -567.474   -0.025
20.666   -569.974   -0.026
20.573   -572.571   -0.026
20.485   -575.07   -0.026
20.403   -577.568   -0.026
20.286   -580.265   -0.027
20.145   -582.66   -0.027
19.999   -585.256   -0.027
19.857   -587.652   -0.027
19.673   -590.345   -0.027
19.485   -592.838   -0.028
19.299   -595.331   -0.028
19.12   -597.724   -0.028
18.941   -600.217   -0.028
18.784   -602.712   -0.029
18.588   -605.405   -0.029
18.388   -607.796   -0.029
18.168   -610.387   -0.029
17.939   -612.976   -0.03
17.727   -615.266   -0.03
17.493   -617.957   -0.03
17.231   -620.542   -0.03
16.995   -622.93   -0.031
16.736   -625.518   -0.031
16.403   -628.196   -0.031
16.077   -630.675   -0.031
15.748   -633.153   -0.032
15.422   -635.632   -0.032
15.046   -638.204   -0.032
14.682   -640.677   -0.032
14.318   -643.15   -0.033
13.953   -645.623   -0.033
13.582   -648.095   -0.033
13.135   -650.859   -0.033
12.747   -653.126   -0.034
12.287   -655.786   -0.034
11.858   -658.249   -0.034
11.449   -660.614   -0.034
10.928   -663.364   -0.035
10.424   -665.812   -0.035
9.92   -668.261   -0.035
9.399   -670.808   -0.035
8.919   -673.159   -0.036
8.396   -675.706   -0.036
7.816   -678.343   -0.036
7.219   -680.872   -0.036
6.665   -683.208   -0.037
6.059   -685.735   -0.037
5.423   -688.257   -0.037
4.762   -690.771   -0.038
4.125   -693.188   -0.038
3.484   -695.604   -0.038
2.717   -698.296   -0.038
2.009   -700.694   -0.039
1.301   -703.092   -0.039
0.617   -705.391   -0.039
-0.095   -707.787   -0.039
-0.837   -710.279   -0.04
-1.533   -712.681   -0.04
-2.202   -714.985   -0.04
-3.215   -717.915   -0.041
-4.044   -720.273   -0.041
-4.983   -722.91   -0.041
-5.859   -725.25   -0.041
-6.688   -727.395   -0.042
-7.593   -729.725   -0.042
-8.585   -732.344   -0.042
-9.533   -734.656   -0.042
-10.431   -736.882   -0.043
-11.382   -739.194   -0.043
-12.369   -741.598   -0.043
-13.319   -743.911   -0.044
-14.303   -746.318   -0.044
-15.425   -748.883   -0.044
-16.426   -751.063   -0.044
-17.511   -753.425   -0.045
-18.514   -755.605   -0.045
-19.64   -758.059   -0.045
-20.68   -760.332   -0.045
-21.978   -762.924   -0.046
-23.119   -765.149   -0.046
-24.168   -767.196   -0.046
-25.316   -769.416   -0.047
-26.463   -771.636   -0.047
-27.708   -774.032   -0.047
-28.9   -776.229   -0.047
-30.322   -778.756   -0.048
-31.552   -780.933   -0.048
-32.781   -783.109   -0.048
-34.125   -785.334   -0.049
-35.517   -787.646   -0.049
-36.792   -789.797   -0.049
-38.186   -791.991   -0.049
-39.472   -794.017   -0.05
-40.871   -796.208   -0.05
-42.354   -798.464   -0.05
-43.721   -800.556   -0.051
-45.144   -802.732   -0.051
-46.463   -804.737   -0.051
-47.943   -806.874   -0.051
-49.416   -809.016   -0.052
-50.929   -811.13   -0.052
-52.391   -813.158   -0.052
-53.795   -815.104   -0.052
-55.366   -817.299   -0.053
-56.877   -819.29   -0.053
-58.388   -821.281   -0.053
-60.071   -823.518   -0.054
-61.817   -825.706   -0.054
-63.387   -827.652   -0.054
-65.056   -829.644   -0.054
-66.658   -831.563   -0.055
-68.26   -833.482   -0.055
-69.8   -835.324   -0.055
-71.7   -837.513   -0.056
-73.349   -839.392   -0.056
-75.027   -841.245   -0.056
-76.704   -843.099   -0.056
-78.449   -845.026   -0.057
-80.337   -847.093   -0.057
-82.065   -848.898   -0.057
-83.794   -850.704   -0.057
-85.318   -852.29   -0.058
-87.192   -854.233   -0.058
-89.238   -856.288   -0.058
-91.013   -858.048   -0.059
-92.817   -859.777   -0.059
-94.615   -861.513   -0.059
-96.3   -863.079   -0.059
-98.417   -865.06   -0.06
-100.261   -866.749   -0.06
-102.104   -868.436   -0.06
-103.948   -870.125   -0.06
-106.145   -872.017   -0.061
-108.04   -873.647   -0.061
-109.936   -875.277   -0.061
-111.759   -876.837   -0.061
-113.603   -878.372   -0.062
-115.842   -880.213   -0.062
-117.792   -881.778   -0.062
-119.743   -883.342   -0.062
-121.7   -884.896   -0.063
-123.764   -886.477   -0.063
-125.9   -888.126   -0.063
-128.146   -889.798   -0.064
-130.161   -891.277   -0.064
-132.02   -892.631   -0.064
-133.961   -894.043   -0.064
-136.477   -895.852   -0.065
-138.529   -897.28   -0.065
-140.602   -898.675   -0.065
-142.69   -900.051   -0.065
-144.69   -901.375   -0.066
-146.946   -902.858   -0.066
-149.228   -904.301   -0.066
-151.353   -905.616   -0.066
-153.555   -906.998   -0.067
-155.512   -908.206   -0.067
-157.921   -909.633   -0.067
-159.993   -910.842   -0.067
-161.965   -912.026   -0.067
-164.535   -913.573   -0.068
-166.648   -914.711   -0.068
-169.197   -916.092   -0.068
-171.219   -917.188   -0.068
-173.508   -918.418   -0.069
-175.795   -919.654   -0.069
-177.925   -920.761   -0.069
-180.136   -921.927   -0.069
-182.445   -923.121   -0.07
-185.055   -924.384   -0.07
-187.229   -925.401   -0.07
-189.577   -926.517   -0.07
-191.743   -927.549   -0.071
-194.368   -928.781   -0.071
-196.763   -929.791   -0.071
-199.066   -930.765   -0.071
-201.275   -931.7   -0.071
-203.488   -932.63   -0.072
-206.075   -933.698   -0.072
-208.489   -934.664   -0.072
-210.715   -935.562   -0.072
-213.053   -936.445   -0.073
-215.571   -937.418   -0.073
-217.921   -938.27   -0.073
-220.367   -939.15   -0.073
-222.91   -940.055   -0.073
-225.172   -940.859   -0.074
-227.633   -941.698   -0.074
-230.29   -942.578   -0.074
-232.665   -943.356   -0.074
-235.156   -944.103   -0.074
-237.65   -944.834   -0.075
-239.952   -945.513   -0.075
-242.348   -946.223   -0.075
-244.745   -946.935   -0.075
-247.145   -947.634   -0.075
-250.048   -948.39   -0.076
-252.478   -948.975   -0.076
-254.806   -949.556   -0.076
-257.335   -950.163   -0.076
-259.661   -950.748   -0.076
-262.092   -951.334   -0.077
-264.718   -951.96   -0.077
-267.364   -952.497   -0.077
-269.915   -952.998   -0.077
-272.37   -953.469   -0.077
-274.827   -953.931   -0.077
-277.382   -954.41   -0.078
-279.84   -954.866   -0.078
-282.501   -955.317   -0.078
-284.969   -955.716   -0.078
-287.437   -956.112   -0.078
-289.905   -956.505   -0.079
-292.58   -956.865   -0.079
-295.158   -957.207   -0.079
-297.64   -957.506   -0.079
-300.224   -957.788   -0.079
-302.809   -958.064   -0.079
-305.196   -958.313   -0.08
-308.083   -958.578   -0.08
-310.576   -958.764   -0.08
-312.867   -958.965   -0.08
-315.558   -959.176   -0.08
-318.253   -959.343   -0.08
-320.851   -959.449   -0.08
-323.348   -959.566   -0.081
-325.945   -959.68   -0.081
-328.343   -959.784   -0.081
-331.141   -959.873   -0.081
-333.439   -959.928   -0.081
-336.238   -959.992   -0.081
-338.738   -960.009   -0.081
-341.238   -959.998   -0.082
-343.738   -959.986   -0.082
-346.438   -959.979   -0.082
-349.135   -959.895   -0.082
-351.733   -959.788   -0.082
-354.231   -959.69   -0.082
-356.729   -959.591   -0.082
-359.424   -959.455   -0.082
-361.918   -959.279   -0.083
-364.512   -959.096   -0.083
-366.905   -958.927   -0.083
-369.596   -958.711   -0.083
-372.088   -958.507   -0.083
-374.474   -958.262   -0.083
-377.161   -957.995   -0.083
-379.645   -957.713   -0.083
-382.229   -957.419   -0.084
-384.811   -957.121   -0.084
-387.387   -956.769   -0.084
-389.863   -956.432   -0.084
-392.34   -956.092   -0.084
-394.712   -955.728   -0.084
-397.577   -955.281   -0.084
-400.042   -954.869   -0.084
-402.796   -954.367   -0.084
-405.256   -953.923   -0.084
-407.706   -953.427   -0.084
-410.155   -952.925   -0.085
-412.702   -952.406   -0.085
-415.246   -951.871   -0.085
-417.78   -951.285   -0.085
-420.313   -950.7   -0.085
-422.75   -950.147   -0.085
-425.175   -949.539   -0.085
-427.796   -948.891   -0.085
-430.222   -948.293   -0.085
-432.731   -947.61   -0.085
-435.235   -946.911   -0.085
-437.449   -946.288   -0.085
-439.952   -945.586   -0.085
-442.456   -944.887   -0.086
-445.123   -944.036   -0.086
-447.502   -943.268   -0.086
-449.88   -942.499   -0.086
-452.164   -941.76   -0.086
-454.819   -940.875   -0.086
-457.189   -940.081   -0.086
-459.546   -939.246   -0.086
-461.898   -938.399   -0.086
-464.622   -937.405   -0.086
-466.772   -936.592   -0.086
-469.109   -935.702   -0.086
-471.809   -934.646   -0.086
-474.023   -933.72   -0.086
-476.421   -932.716   -0.086
-478.727   -931.752   -0.086
-481.036   -930.795   -0.086
-483.506   -929.706   -0.086
-485.889   -928.666   -0.086
-488.161   -927.624   -0.086
-490.608   -926.483   -0.086
-492.777   -925.456   -0.086
-495.199   -924.264   -0.086
-497.44   -923.156   -0.086
-499.683   -922.051   -0.086
-502.016   -920.904   -0.086
-504.4   -919.639   -0.086
-506.777   -918.361   -0.086
-508.973   -917.166   -0.086
-511.078   -916.014   -0.086
-513.181   -914.858   -0.086
-515.506   -913.488   -0.086
-518.008   -912.024   -0.086
-519.76   -911.06   -0.086
-522.402   -909.438   -0.086
-524.435   -908.164   -0.086
-526.645   -906.794   -0.086
-528.847   -905.411   -0.086
-530.954   -904.068   -0.086
-532.981   -902.784   -0.086
-535.01   -901.501   -0.086
-537.261   -900.204   -0.086
-539.595   -898.656   -0.086
-541.878   -897.038   -0.086
-544.004   -895.541   -0.086
-545.967   -894.163   -0.086
-548.001   -892.71   -0.086
-550.066   -891.132   -0.086
-552.295   -889.437   -0.086
-554.29   -887.932   -0.086
-556.286   -886.427   -0.086
-558.263   -884.898   -0.086
-560.365   -883.203   -0.086
-562.16   -881.765   -0.086
-564.123   -880.218   -0.086
-566.288   -878.443   -0.086
-568.202   -876.835   -0.086
-570.264   -875.094   -0.086
-572.212   -873.372   -0.086
-574.148   -871.637   -0.086
-575.929   -870.029   -0.085
-577.715   -868.426   -0.085
-579.663   -866.705   -0.085
-581.68   -864.909   -0.085
-583.513   -863.209   -0.085
-585.347   -861.511   -0.085
-587.348   -859.554   -0.085
-589.049   -857.859   -0.085
-591.013   -855.866   -0.085
-592.611   -854.211   -0.085
-594.381   -852.447   -0.085
-596.323   -850.431   -0.085
-597.847   -848.843   -0.085
-599.97   -846.588   -0.085
-601.572   -844.8   -0.084
-603.192   -843.03   -0.084
-604.999   -841.025   -0.084
-606.654   -839.151   -0.084
-608.439   -837.126   -0.084
-610.075   -835.236   -0.084
-611.646   -833.421   -0.084
-613.506   -831.197   -0.084
-615.009   -829.327   -0.084
-616.696   -827.219   -0.084
-618.244   -825.256   -0.083
-619.792   -823.293   -0.083
-621.216   -821.487   -0.083
-623.005   -819.081   -0.083
-624.484   -817.065   -0.083
-626.011   -814.961   -0.083
-627.478   -812.936   -0.083
-628.888   -810.995   -0.083
-630.366   -808.979   -0.083
-631.955   -806.796   -0.082
-633.384   -804.745   -0.082
-634.813   -802.694   -0.082
-636.197   -800.734   -0.082
-637.887   -798.136   -0.082
-639.209   -796.015   -0.082
-640.532   -793.894   -0.082
-641.854   -791.772   -0.082
-643.25   -789.461   -0.081
-644.484   -787.404   -0.081
-645.772   -785.261   -0.081
-647.063   -783.12   -0.081
-648.455   -780.691   -0.081
-649.682   -778.513   -0.081
-650.91   -776.336   -0.081
-652.268   -773.888   -0.08
-653.432   -771.675   -0.08
-654.641   -769.374   -0.08
-655.758   -767.25   -0.08
-656.967   -764.949   -0.08
-658.203   -762.436   -0.08
-659.288   -760.185   -0.079
-660.374   -757.934   -0.079
-661.532   -755.494   -0.079
-662.559   -753.215   -0.079
-663.586   -750.937   -0.079
-664.613   -748.657   -0.079
-665.639   -746.378   -0.078
-666.663   -744.098   -0.078
-667.716   -741.611   -0.078
-668.748   -739.117   -0.078
-669.69   -736.801   -0.078
-670.626   -734.483   -0.078
-671.615   -731.972   -0.077
-672.524   -729.536   -0.077
-673.354   -727.285   -0.077
-674.235   -724.838   -0.077
-675.084   -722.487   -0.077
-675.935   -720.137   -0.077
-676.835   -717.592   -0.076
-677.623   -715.219   -0.076
-678.409   -712.847   -0.076
-679.235   -710.38   -0.076
-679.961   -708.199   -0.076
-680.854   -705.336   -0.075
-681.57   -703.045   -0.075
-682.333   -700.56   -0.075
-683.032   -698.056   -0.075
-683.673   -695.744   -0.075
-684.378   -693.242   -0.074
-685.056   -690.835   -0.074
-685.77   -688.233   -0.074
-686.37   -685.805   -0.074
-686.97   -683.379   -0.074
-687.619   -680.759   -0.073
-688.171   -678.423   -0.073
-688.769   -675.893   -0.073
-689.32   -673.557   -0.073
-689.931   -670.928   -0.073
-690.433   -668.684   -0.072
-690.99   -666.144   -0.072
-691.521   -663.701   -0.072
-692.149   -660.871   -0.072
-692.614   -658.313   -0.072
-693.082   -655.756   -0.071
-693.515   -653.395   -0.071
-693.956   -650.935   -0.071
-694.388   -648.372   -0.071
-694.829   -645.911   -0.071
-695.268   -643.45   -0.07
-695.706   -640.888   -0.07
-696.102   -638.42   -0.07
-696.477   -635.948   -0.07
-696.85   -633.476   -0.07
-697.229   -631.005   -0.069
-697.645   -628.338   -0.069
-697.947   -625.756   -0.069
-698.226   -623.372   -0.069
-698.526   -620.991   -0.069
-698.876   -618.415   -0.068
-699.2   -616.037   -0.068
-699.56   -613.362   -0.068
-699.85   -610.779   -0.068
-700.173   -608.199   -0.067
-700.408   -606.012   -0.067
-700.662   -603.525   -0.067
-700.944   -600.74   -0.067
-701.18   -598.251   -0.067
-701.409   -595.662   -0.066
-701.627   -593.272   -0.066
-701.859   -590.683   -0.066
-702.054   -588.191   -0.066
-702.268   -585.801   -0.066
-702.499   -583.21   -0.065
-702.684   -580.718   -0.065
-702.889   -578.227   -0.065
-703.089   -575.835   -0.065
-703.31   -573.245   -0.065
-703.508   -570.753   -0.064
-703.727   -568.262   -0.064
-703.922   -565.571   -0.064
-704.064   -563.275   -0.064
-704.235   -560.781   -0.064
-704.413   -558.288   -0.063
-704.528   -555.691   -0.063
-704.659   -552.994   -0.063
-704.779   -550.497   -0.063
-704.894   -548.1   -0.063
-705.033   -545.705   -0.062
-705.191   -543.21   -0.062
-705.318   -540.713   -0.062
-705.443   -538.217   -0.062
-705.595   -535.521   -0.062
-705.724   -533.025   -0.061
-705.832   -530.628   -0.061
-705.942   -528.13   -0.061
-706.058   -525.533   -0.061
-706.174   -522.936   -0.061
-706.284   -520.538   -0.06
-706.392   -518.141   -0.06
-706.503   -515.643   -0.06
-706.615   -513.047   -0.06
-706.728   -510.549   -0.06
-706.84   -508.052   -0.059
-706.947   -505.655   -0.059
-707.06   -502.957   -0.059
-707.154   -500.559   -0.059
-707.25   -498.062   -0.059
-707.346   -495.563   -0.058
-707.446   -492.965   -0.058
-707.543   -490.468   -0.058
-707.64   -487.97   -0.058
-707.731   -485.572   -0.058
-707.824   -483.073   -0.058
-707.921   -480.476   -0.057
-708.011   -478.078   -0.057
-708.108   -475.479   -0.057
-708.202   -472.981   -0.057
-708.293   -470.584   -0.057
-708.387   -467.986   -0.057
-708.478   -465.487   -0.056
-708.563   -463.089   -0.056
-708.654   -460.49   -0.056
-708.736   -458.093   -0.056
-708.826   -455.494   -0.056
-708.917   -452.996   -0.055
-709.007   -450.498   -0.055
-709.097   -447.999   -0.055
-709.164   -445.5   -0.055
-709.218   -442.901   -0.055
-709.269   -440.502   -0.055
-709.32   -438.003   -0.054
-709.372   -435.503   -0.054
-709.426   -432.904   -0.054
-709.49   -430.506   -0.054
-709.565   -428.008   -0.054
-709.642   -425.509   -0.054
-709.717   -423.01   -0.054
-709.793   -420.511   -0.053
-709.869   -418.013   -0.053
-709.945   -415.514   -0.053
-710.02   -413.015   -0.053
-710.094   -410.517   -0.053
-710.169   -408.018   -0.053
-710.244   -405.519   -0.052
-710.318   -403.02   -0.052
-710.394   -400.522   -0.052
-710.468   -398.023   -0.052
-710.529   -395.524   -0.052
-710.587   -393.025   -0.052
-710.646   -390.526   -0.052
-710.705   -388.027   -0.051
-710.764   -385.527   -0.051
-710.826   -383.028   -0.051
-710.901   -380.53   -0.051
-710.976   -378.031   -0.051
-711.05   -375.532   -0.051
-711.125   -373.034   -0.051
-711.2   -370.536   -0.05
-711.275   -368.037   -0.05
-711.349   -365.538   -0.05
-711.427   -363.04   -0.05
-711.503   -360.541   -0.05
-711.58   -358.042   -0.05
-711.656   -355.544   -0.05
-711.734   -353.045   -0.049
-711.811   -350.546   -0.049
-711.881   -348.047   -0.049
-711.95   -345.549   -0.049
-712.02   -343.05   -0.049
-712.088   -340.551   -0.049
-712.158   -338.052   -0.049
-712.232   -335.553   -0.049
-712.31   -333.055   -0.048
-712.387   -330.556   -0.048
-712.465   -328.057   -0.048
-712.543   -325.559   -0.048
-712.62   -323.061   -0.048
-712.693   -320.562   -0.048
-712.761   -318.063   -0.048
-712.83   -315.565   -0.048
-712.899   -313.066   -0.047
-712.968   -310.567   -0.047
-713.036   -308.068   -0.047
-713.106   -305.569   -0.047
-713.175   -303.07   -0.047
-713.244   -300.571   -0.047
-713.314   -298.073   -0.047
-713.382   -295.574   -0.047
-713.46   -293.075   -0.047
-713.544   -290.576   -0.047
-713.628   -288.078   -0.046
-713.71   -285.579   -0.046
-713.793   -283.081   -0.046
-713.869   -280.582   -0.046
-713.944   -278.083   -0.046
-714.018   -275.586   -0.046
-714.084   -273.087   -0.046
-714.151   -270.588   -0.046
-714.216   -268.089   -0.046
-714.283   -265.59   -0.045
-714.349   -263.091   -0.045
-714.416   -260.592   -0.045
-714.488   -258.093   -0.045
-714.566   -255.595   -0.045
-714.643   -253.096   -0.045
-714.72   -250.597   -0.045
-714.798   -248.099   -0.045
-714.875   -245.6   -0.045
-714.952   -243.101   -0.045
-715.029   -240.603   -0.045
-715.1   -238.104   -0.044
-715.165   -235.605   -0.044
-715.231   -233.106   -0.044
-715.296   -230.607   -0.044
-715.362   -228.108   -0.044
-715.432   -225.609   -0.044
-715.503   -223.11   -0.044
-715.573   -220.612   -0.044
-715.644   -218.113   -0.044
-715.715   -215.614   -0.044
-715.785   -213.115   -0.044
-715.857   -210.616   -0.044
-715.928   -208.118   -0.044
-715.998   -205.619   -0.043
-716.07   -203.12   -0.043
-716.142   -200.622   -0.043
-716.214   -198.123   -0.043
-716.285   -195.625   -0.043
-716.358   -193.126   -0.043
-716.43   -190.627   -0.043
-716.506   -188.128   -0.043
-716.585   -185.63   -0.043
-716.663   -183.131   -0.043
-716.742   -180.632   -0.043
-716.82   -178.134   -0.043
-716.893   -175.635   -0.043
-716.965   -173.136   -0.043
-717.037   -170.637   -0.043
-717.108   -168.139   -0.042
-717.18   -165.64   -0.042
-717.235   -163.041   -0.042
-717.284   -160.641   -0.042
-717.336   -158.142   -0.042
-717.388   -155.643   -0.042
-717.447   -153.144   -0.042
-717.513   -150.645   -0.042
-717.581   -148.146   -0.042
-717.648   -145.647   -0.042
-717.726   -143.148   -0.042
-717.805   -140.65   -0.042
-717.885   -138.152   -0.042
-717.965   -135.653   -0.042
-718.04   -133.155   -0.042
-718.106   -130.656   -0.042
-718.172   -128.157   -0.042
-718.237   -125.658   -0.042
-718.302   -123.159   -0.042
-718.37   -120.66   -0.042
-718.444   -118.161   -0.042
-718.517   -115.663   -0.041
-718.591   -113.164   -0.041
-718.665   -110.665   -0.041
-718.754   -108.167   -0.041
-718.838   -105.768   -0.041
-718.93   -103.171   -0.041
-718.984   -100.572   -0.041
-719.029   -98.072   -0.041
-719.093   -95.673   -0.041
-719.175   -93.175   -0.041
-719.258   -90.676   -0.041
-719.328   -88.177   -0.041
-719.397   -85.678   -0.041
-719.467   -83.18   -0.041
-719.54   -80.681   -0.041
-719.614   -78.182   -0.041
-719.689   -75.683   -0.041
-719.763   -73.185   -0.041
-719.823   -70.586   -0.041
-719.871   -68.186   -0.041
-719.922   -65.687   -0.041
-719.973   -63.188   -0.041
-720.05   -60.789   -0.041
-720.146   -58.192   -0.041
-720.237   -55.693   -0.041
-720.329   -53.195   -0.041
-720.398   -50.696   -0.041
-720.465   -48.197   -0.041
-720.532   -45.698   -0.041
-720.598   -43.199   -0.041
-720.665   -40.701   -0.041
-720.731   -38.202   -0.041
-720.797   -35.703   -0.041
-720.863   -33.204   -0.041
-720.932   -30.705   -0.041
-721.006   -28.206   -0.041
-721.078   -25.707   -0.041
-721.151   -23.209   -0.041
-721.224   -20.71   -0.041
-721.302   -18.211   -0.041
-721.378   -15.713   -0.041
-721.454   -13.215   -0.041
-721.527   -10.716   -0.041
-721.595   -8.217   -0.041
-721.663   -5.718   -0.041
-721.731   -3.219   -0.041
-721.79   -0.72   -0.041
-721.848   1.779   -0.041
-721.907   4.278   -0.041
-721.966   6.777   -0.041
-722.025   9.276   -0.041
-722.083   11.775   -0.041
-722.154   14.174   -0.041
-722.248   16.772   -0.041
-722.334   19.171   -0.041
-722.424   21.769   -0.041
-722.504   24.268   -0.041
-722.584   26.766   -0.041
-722.664   29.264   -0.041
-722.745   31.763   -0.041
-722.828   34.261   -0.041
-722.91   36.76   -0.041
-722.992   39.258   -0.041
-723.075   41.757   -0.041
-723.157   44.255   -0.041
-723.222   46.854   -0.041
-723.272   49.254   -0.041
-723.324   51.753   -0.041
-723.377   54.252   -0.041
-723.429   56.751   -0.041
-723.49   59.25   -0.041
-723.555   61.749   -0.041
-723.621   64.248   -0.041
-723.686   66.747   -0.041
-723.751   69.246   -0.041
-723.817   71.745   -0.041
-723.882   74.244   -0.041
-723.946   76.743   -0.041
-724.011   79.242   -0.042
-724.076   81.741   -0.042
-724.157   84.239   -0.042
-724.242   86.737   -0.042
-724.323   89.136   -0.042
-724.413   91.734   -0.042
-724.498   94.232   -0.042
-724.565   96.731   -0.042
-724.63   99.23   -0.042
-724.694   101.729   -0.042
-724.76   104.228   -0.042
-724.828   106.727   -0.042
-724.902   109.226   -0.042
-724.976   111.725   -0.042
-725.05   114.223   -0.042
-725.124   116.722   -0.042
-725.196   119.221   -0.042
-725.266   121.72   -0.042
-725.337   124.219   -0.042
-725.408   126.717   -0.042
-725.478   129.216   -0.043
-725.552   131.714   -0.043
-725.625   134.213   -0.043
-725.699   136.711   -0.043
-725.772   139.21   -0.043
-725.849   141.709   -0.043
-725.93   144.207   -0.043
-726.01   146.706   -0.043
-726.09   149.205   -0.043
-726.17   151.703   -0.043
-726.247   154.202   -0.043
-726.323   156.701   -0.043
-726.401   159.199   -0.043
-726.478   161.698   -0.043
-726.555   164.197   -0.043
-726.622   166.696   -0.044
-726.688   169.194   -0.044
-726.754   171.693   -0.044
-726.82   174.192   -0.044
-726.883   176.691   -0.044
-726.942   179.19   -0.044
-727.001   181.69   -0.044
-727.059   184.189   -0.044
-727.118   186.688   -0.044
-727.18   189.187   -0.044
-727.246   191.686   -0.044
-727.31   194.185   -0.044
-727.377   196.683   -0.044
-727.443   199.182   -0.045
-727.523   201.68   -0.045
-727.605   204.179   -0.045
-727.689   206.677   -0.045
-727.773   209.176   -0.045
-727.856   211.674   -0.045
-727.933   214.173   -0.045
-728.007   216.672   -0.045
-728.081   219.17   -0.045
-728.154   221.669   -0.045
-728.227   224.168   -0.045
-728.3   226.667   -0.046
-728.373   229.165   -0.046
-728.445   231.664   -0.046
-728.518   234.162   -0.046
-728.63   236.359   -0.046
-728.783   238.955   -0.046
-728.867   241.653   -0.046
-728.937   244.152   -0.046
-729.004   246.651   -0.046
-729.074   249.15   -0.046
-729.144   251.649   -0.047
-729.213   254.148   -0.047
-729.283   256.646   -0.047
-729.351   259.144   -0.047
-729.421   261.643   -0.047
-729.49   264.142   -0.047
-729.559   266.641   -0.047
-729.63   269.14   -0.047
-729.699   271.639   -0.047
-729.767   274.137   -0.048
-729.836   276.636   -0.048
-729.906   279.135   -0.048
-729.976   281.634   -0.048
-730.044   284.133   -0.048
-730.115   286.632   -0.048
-730.183   289.131   -0.048
-730.253   291.629   -0.048
-730.321   294.128   -0.049
-730.391   296.627   -0.049
-730.461   299.126   -0.049
-730.531   301.625   -0.049
-730.599   304.124   -0.049
-730.668   306.623   -0.049
-730.738   309.121   -0.049
-730.806   311.62   -0.049
-730.877   314.119   -0.05
-730.946   316.618   -0.05
-731.015   319.117   -0.05
-731.083   321.616   -0.05
-731.153   324.114   -0.05
-731.223   326.613   -0.05
-731.293   329.112   -0.05
-731.362   331.611   -0.051
-731.431   334.11   -0.051
-731.5   336.609   -0.051
-731.569   339.108   -0.051
-731.638   341.606   -0.051
-731.709   344.105   -0.051
-731.778   346.604   -0.051
-731.846   349.103   -0.052
-731.916   351.602   -0.052
-731.985   354.101   -0.052
-732.055   356.6   -0.052
-732.124   359.098   -0.052
-732.194   361.597   -0.052
-732.262   364.096   -0.052
-732.331   366.594   -0.053
-732.4   369.093   -0.053
-732.47   371.592   -0.053
-732.54   374.091   -0.053
-732.609   376.589   -0.053
-732.678   379.088   -0.053
-732.747   381.587   -0.053
-732.817   384.086   -0.054
-732.886   386.585   -0.054
-732.955   389.084   -0.054
-733.026   391.583   -0.054
-733.095   394.081   -0.054
-733.163   396.58   -0.054
-733.232   399.079   -0.055
-733.302   401.578   -0.055
-733.371   404.077   -0.055
-733.441   406.576   -0.055
-733.51   409.075   -0.055
-733.579   411.573   -0.055
-733.648   414.072   -0.056
-733.717   416.571   -0.056
-733.788   419.07   -0.056
-733.857   421.569   -0.056
-733.925   424.068   -0.056
-733.994   426.567   -0.056
-734.064   429.065   -0.057
-734.134   431.564   -0.057
-734.202   434.063   -0.057
-734.272   436.562   -0.057
-734.341   439.061   -0.057
-734.41   441.56   -0.058
-734.48   444.058   -0.058
-734.55   446.557   -0.058
-734.62   449.056   -0.058
-734.689   451.555   -0.058
-734.758   454.054   -0.058
-734.827   456.553   -0.059
-734.897   459.052   -0.059
-734.965   461.55   -0.059
-735.035   464.049   -0.059
-735.105   466.548   -0.059
-735.174   469.047   -0.06
-735.244   471.546   -0.06
-735.313   474.044   -0.06
-735.382   476.543   -0.06
-735.452   479.041   -0.06
-735.523   481.54   -0.061
-735.593   484.039   -0.061
-735.663   486.538   -0.061
-735.732   489.037   -0.061
-735.802   491.536   -0.061
-735.869   494.035   -0.062
-735.939   496.533   -0.062
-736.007   499.032   -0.062
-736.077   501.531   -0.062
-736.148   504.03   -0.062
-736.217   506.529   -0.063
-736.286   509.028   -0.063
-736.355   511.526   -0.063
-736.424   514.025   -0.063
-736.496   516.524   -0.063
-736.567   519.023   -0.064
-736.637   521.522   -0.064
-736.708   524.021   -0.064
-736.78   526.519   -0.064
-736.85   529.018   -0.065
-736.922   531.517   -0.065
-736.991   534.016   -0.065
-737.063   536.515   -0.065
-737.135   539.013   -0.065
-737.206   541.512   -0.066
-737.275   544.011   -0.066
-737.345   546.51   -0.066
-737.419   549.009   -0.066
-737.491   551.507   -0.067
-737.558   554.006   -0.067
-737.632   556.505   -0.067
-737.707   558.903   -0.067
-737.786   561.501   -0.067
-737.86   564   -0.068
-737.94   566.499   -0.068
-738.021   568.997   -0.068
-738.1   571.496   -0.068
-738.18   573.995   -0.069
-738.258   576.493   -0.069
-738.337   578.992   -0.069
-738.415   581.491   -0.069
-738.496   583.989   -0.07
-738.576   586.487   -0.07
-738.656   588.985   -0.07
-738.724   591.484   -0.07
-738.789   593.983   -0.07
-738.851   596.482   -0.071
-738.911   598.981   -0.071
-738.973   601.48   -0.071
-739.039   603.979   -0.071
-739.104   606.478   -0.072
-739.169   608.977   -0.072
-739.23   611.476   -0.072
-739.29   613.975   -0.072
-739.345   616.474   -0.073
-739.399   618.974   -0.073
-739.454   621.473   -0.073
-739.509   623.972   -0.073
-739.564   626.471   -0.074
-739.618   628.97   -0.074
-739.674   631.57   -0.074
-739.729   634.069   -0.074
-739.784   636.568   -0.075
-739.836   638.967   -0.075
-739.891   641.466   -0.075
-739.946   643.966   -0.075
-740.002   646.565   -0.076
-740.057   649.064   -0.076
-740.109   651.563   -0.076
-740.155   654.063   -0.077
-740.199   656.562   -0.077
-740.241   658.962   -0.077
-740.286   661.561   -0.077
-740.329   664.061   -0.078
-740.369   666.46   -0.078
-740.414   669.06   -0.078
-740.453   671.459   -0.078
-740.497   674.059   -0.079
-740.537   676.458   -0.079
-740.561   678.957   -0.079
-740.585   681.457   -0.079
-740.613   684.157   -0.08
-740.644   686.655   -0.08
-740.674   689.155   -0.08
-740.701   691.455   -0.081
-740.716   694.155   -0.081
-740.725   696.655   -0.081
-740.722   699.154   -0.081
-740.716   701.754   -0.082
-740.705   704.253   -0.082
-740.683   706.753   -0.082
-740.66   709.153   -0.082
-740.636   711.753   -0.083
-740.614   714.253   -0.083
-740.594   716.752   -0.083
-740.564   719.252   -0.084
-740.531   721.752   -0.084
-740.497   724.251   -0.084
-740.46   726.751   -0.084
-740.418   729.25   -0.085
-740.369   731.75   -0.085
-740.321   734.348   -0.085
-740.254   736.847   -0.086
-740.183   739.347   -0.086
-740.112   741.845   -0.086
-740.031   744.443   -0.086
-739.958   746.942   -0.087
-739.886   749.441   -0.087
-739.792   752.039   -0.087
-739.681   754.436   -0.088
-739.557   757.033   -0.088
-739.438   759.53   -0.088
-739.31   762.126   -0.088
-739.174   764.622   -0.089
-739.044   767.019   -0.089
-738.897   769.615   -0.089
-738.74   772.109   -0.09
-738.576   774.603   -0.09
-738.41   777.097   -0.09
-738.242   779.592   -0.09
-738.047   782.284   -0.091
-737.85   784.676   -0.091
-737.625   787.266   -0.091
-737.394   789.856   -0.092
-737.165   792.345   -0.092
-736.936   794.834   -0.092
-736.68   797.421   -0.092
-736.443   799.809   -0.093
-736.136   802.391   -0.093
-735.819   804.971   -0.093
-735.498   807.551   -0.094
-735.189   810.032   -0.094
-734.88   812.511   -0.094
-734.549   815.091   -0.094
-734.209   817.466   -0.095
-733.846   820.04   -0.095
-733.488   822.514   -0.095
-733.1   825.085   -0.096
-732.712   827.554   -0.096
-732.307   830.122   -0.096
-731.876   832.585   -0.096
-731.427   835.145   -0.097
-730.971   837.704   -0.097
-730.51   840.161   -0.097
-730.017   842.714   -0.098
-729.561   845.07   -0.098
-729.019   847.715   -0.098
-728.513   850.163   -0.098
-728.027   852.513   -0.099
-727.436   855.146   -0.099
-726.814   857.774   -0.099
-726.243   860.207   -0.099
-725.667   862.639   -0.1
-725   865.256   -0.1
-724.371   867.675   -0.1
-723.739   870.093   -0.101
-723.054   872.602   -0.101
-722.394   875.013   -0.101
-721.732   877.424   -0.101
-721.004   879.918   -0.102
-720.272   882.414   -0.102
-719.565   884.811   -0.102
-718.859   887.105   -0.102
-717.984   889.764   -0.103
-717.19   892.134   -0.103
-716.338   894.696   -0.103
-715.531   897.062   -0.103
-714.757   899.334   -0.104
-713.951   901.7   -0.104
-712.966   904.32   -0.104
-712.081   906.658   -0.104
-711.208   909.001   -0.105
-710.18   911.605   -0.105
-709.195   914.01   -0.105
-708.286   916.231   -0.105
-707.298   918.636   -0.106
-706.382   920.855   -0.106
-705.33   923.341   -0.106
-704.291   925.724   -0.106
-703.233   928.098   -0.106
-702.195   930.372   -0.107
-701.113   932.625   -0.107
-699.906   935.151   -0.107
-698.743   937.477   -0.107
-697.712   939.532   -0.108
-696.589   941.765   -0.108
-695.465   943.998   -0.108
-694.301   946.323   -0.108
-693.008   948.806   -0.108
-691.812   951   -0.109
-690.613   953.194   -0.109
-689.416   955.388   -0.109
-688.171   957.67   -0.109
-686.735   960.19   -0.109
-685.615   962.083   -0.11
-684.342   964.234   -0.11
-682.861   966.727   -0.11
-681.606   968.772   -0.11
-680.295   970.901   -0.11
-678.935   973.116   -0.111
-677.405   975.46   -0.111
-676.017   977.539   -0.111
-674.631   979.62   -0.111
-673.24   981.697   -0.111
-671.765   983.838   -0.111
-670.298   985.984   -0.112
-668.747   988.192   -0.112
-667.337   990.135   -0.112
-665.867   992.156   -0.112
-664.214   994.415   -0.112
-662.723   996.422   -0.112
-661.231   998.428   -0.113
-659.63   1000.48   -0.113
-657.974   1002.61   -0.113
-656.402   1004.55   -0.113
-654.899   1006.42   -0.113
-653.124   1008.59   -0.113
-651.532   1010.51   -0.114
-649.904   1012.41   -0.114
-648.211   1014.38   -0.114
-646.584   1016.28   -0.114
-644.801   1018.31   -0.114
-643.122   1020.16   -0.114
-641.509   1021.94   -0.114
-639.697   1023.94   -0.114
-637.846   1025.9   -0.115
-636.122   1027.71   -0.115
-634.237   1029.65   -0.115
-632.498   1031.44   -0.115
-630.719   1033.2   -0.115
-628.798   1035.09   -0.115
-627.081   1036.77   -0.115
-625.288   1038.51   -0.115
-623.493   1040.25   -0.116
-621.6   1042.04   -0.116
-619.361   1044.03   -0.116
-617.714   1045.49   -0.116
-615.794   1047.24   -0.116
-614.026   1048.86   -0.116
-612.093   1050.6   -0.116
-609.911   1052.51   -0.116
-607.906   1054.17   -0.116
-606.132   1055.63   -0.116
-604.131   1057.29   -0.116
-602.128   1058.95   -0.117
-600.104   1060.58   -0.117
-598.116   1062.09   -0.117
-595.884   1063.78   -0.117
-593.979   1065.24   -0.117
-592.072   1066.7   -0.117
-589.829   1068.38   -0.117
-587.815   1069.85   -0.117
-585.782   1071.31   -0.117
-583.576   1072.86   -0.117
-581.36   1074.41   -0.117
-579.293   1075.81   -0.117
-577.207   1077.19   -0.117
-575.21   1078.52   -0.117
-573.053   1079.97   -0.117
-570.775   1081.42   -0.117
-568.591   1082.83   -0.118
-566.467   1084.15   -0.118
-564.344   1085.47   -0.118
-562.042   1086.88   -0.118
-559.884   1088.14   -0.118
-557.638   1089.45   -0.118
-555.557   1090.65   -0.118
-553.304   1091.94   -0.118
-551.046   1093.23   -0.118
-548.763   1094.47   -0.118
-546.561   1095.66   -0.118
-543.997   1097.01   -0.118
-541.763   1098.13   -0.118
-539.527   1099.25   -0.118
-537.297   1100.38   -0.118
-535.147   1101.44   -0.118
-532.63   1102.67   -0.118
-530.36   1103.72   -0.118
-527.905   1104.84   -0.118
-525.722   1105.84   -0.118
-523.447   1106.87   -0.118
-521.16   1107.88   -0.118
-518.784   1108.94   -0.118
-516.296   1109.98   -0.118
-513.988   1110.94   -0.118
-511.392   1111.99   -0.118
-509.072   1112.92   -0.118
-506.847   1113.82   -0.118
-504.42   1114.75   -0.118
-501.785   1115.7   -0.118
-499.434   1116.55   -0.118
-497.172   1117.35   -0.118
-494.712   1118.19   -0.117
-492.247   1119.02   -0.117
-489.778   1119.83   -0.117
-487.4   1120.6   -0.117
-484.825   1121.42   -0.117
-482.536   1122.13   -0.117
-479.854   1122.94   -0.117
-477.447   1123.61   -0.117
-475.038   1124.28   -0.117
-472.629   1124.95   -0.117
-470.125   1125.64   -0.117
-467.512   1126.32   -0.117
-465.189   1126.93   -0.117
-462.661   1127.53   -0.117
-460.028   1128.13   -0.117
-457.59   1128.68   -0.117
-455.149   1129.22   -0.116
-452.805   1129.73   -0.116
-449.964   1130.31   -0.116
-447.514   1130.81   -0.116
-445.061   1131.29   -0.116
-442.609   1131.78   -0.116
-440.156   1132.26   -0.116
-437.604   1132.75   -0.116
-434.937   1133.18   -0.116
-432.474   1133.6   -0.116
-430.01   1134.02   -0.116
-427.841   1134.39   -0.116
-424.981   1134.86   -0.115
-422.514   1135.26   -0.115
-420.033   1135.56   -0.115
-416.95   1135.88   -0.115
-414.46   1136.09   -0.115
-411.869   1136.31   -0.115
-409.479   1136.51   -0.115
-406.987   1136.73   -0.115
-403.994   1136.91   -0.114
-401.597   1137.03   -0.114
-399.101   1137.16   -0.114
-396.804   1137.27   -0.114
-394.006   1137.37   -0.114
-391.406   1137.42   -0.114
-389.008   1137.45   -0.114
-386.208   1137.5   -0.113
-383.709   1137.55   -0.113
-381.21   1137.53   -0.113
-378.61   1137.51   -0.113
-376.01   1137.5   -0.113
-373.511   1137.46   -0.113
-371.012   1137.43   -0.113
-368.613   1137.34   -0.112
-365.815   1137.26   -0.112
-363.317   1137.19   -0.112
-360.72   1137.05   -0.112
-358.024   1136.92   -0.112
-355.531   1136.73   -0.112
-353.139   1136.55   -0.111
-350.247   1136.33   -0.111
-347.956   1136.13   -0.111
-345.167   1135.88   -0.111
-342.78   1135.64   -0.111
-340.297   1135.35   -0.11
-337.222   1134.97   -0.11
-334.752   1134.59   -0.11
-332.38   1134.22   -0.11
-329.91   1133.84   -0.11
-327.44   1133.46   -0.109
-324.87   1133.06   -0.109
-322.3   1132.67   -0.109
-319.928   1132.31   -0.109
-317.557   1131.94   -0.109
-315.087   1131.56   -0.108
-311.838   1130.99   -0.108
-309.403   1130.42   -0.108
-306.969   1129.85   -0.108
-304.535   1129.28   -0.108
-302.1   1128.71   -0.107
-299.667   1128.15   -0.107
-297.232   1127.58   -0.107
-294.797   1127.01   -0.107
-292.362   1126.44   -0.106
-289.928   1125.88   -0.106
-287.494   1125.31   -0.106
-284.416   1124.44   -0.106
-282.031   1123.69   -0.106
-279.647   1122.94   -0.105
-277.263   1122.19   -0.105
-274.784   1121.41   -0.105
-272.495   1120.69   -0.105
-270.015   1119.9   -0.104
-267.727   1119.18   -0.104
-265.343   1118.43   -0.104
-262.958   1117.68   -0.104
-259.917   1116.69   -0.103
-257.596   1115.76   -0.103
-255.277   1114.83   -0.103
-252.958   1113.89   -0.103
-250.544   1112.93   -0.102
-248.224   1112   -0.102
-245.997   1111.1   -0.102
-243.676   1110.18   -0.102
-241.357   1109.24   -0.101
-239.038   1108.31   -0.101
-236.082   1107.08   -0.101
-233.702   1106.04   -0.1
-231.548   1104.98   -0.1
-229.216   1103.83   -0.1
-226.976   1102.73   -0.1
-224.733   1101.62   -0.099
-222.399   1100.48   -0.099
-220.245   1099.42   -0.099
-218.094   1098.36   -0.099
-215.764   1097.2   -0.098
-213.61   1096.15   -0.098
-211.138   1094.83   -0.098
-208.414   1093.36   -0.097
-206.175   1092.04   -0.097
-204.02   1090.77   -0.097
-202.043   1089.6   -0.097
-199.893   1088.32   -0.096
-197.744   1087.04   -0.096
-195.504   1085.72   -0.096
-193.265   1084.4   -0.095
-191.368   1083.29   -0.095
-189.141   1081.95   -0.095
-186.689   1080.4   -0.095
-184.488   1079.02   -0.094
-182.409   1077.63   -0.094
-180.248   1076.19   -0.094
-178.182   1074.78   -0.093
-176.115   1073.37   -0.093
-173.969   1071.9   -0.093
-171.937   1070.45   -0.092
-169.602   1068.73   -0.092
-167.606   1067.22   -0.092
-165.613   1065.72   -0.091
-163.397   1064   -0.091
-161.415   1062.48   -0.091
-159.382   1060.86   -0.09
-157.506   1059.36   -0.09
-155.639   1057.86   -0.09
-153.601   1056.24   -0.09
-151.479   1054.42   -0.089
-149.479   1052.76   -0.089
-147.733   1051.26   -0.089
-145.827   1049.64   -0.088
-143.842   1047.96   -0.088
-141.65   1046.07   -0.088
-139.811   1044.37   -0.087
-137.974   1042.68   -0.087
-135.861   1040.69   -0.087
-134.15   1039.01   -0.086
-132.366   1037.26   -0.086
-130.648   1035.58   -0.086
-128.727   1033.69   -0.085
-127.021   1032   -0.085
-125.069   1029.99   -0.085
-123.278   1028.11   -0.084
-121.556   1026.3   -0.084
-119.834   1024.48   -0.084
-118.204   1022.72   -0.083
-116.279   1020.69   -0.083
-114.822   1019.04   -0.083
-112.816   1016.81   -0.082
-111.132   1014.83   -0.082
-109.513   1012.93   -0.082
-107.829   1010.95   -0.081
-106.236   1009.02   -0.081
-104.582   1007.02   -0.081
-103.044   1005.04   -0.08
-101.304   1002.85   -0.08
-99.761   1000.89   -0.08
-98.342   999.076   -0.079
-96.641   996.852   -0.079
-95.152   994.844   -0.079
-93.663   992.836   -0.078
-92.171   990.831   -0.078
-90.643   988.727   -0.078
-89.18   986.7   -0.077
-87.566   984.413   -0.077
-86.134   982.364   -0.076
-84.492   979.974   -0.076
-83.155   977.981   -0.076
-81.815   975.871   -0.075
-80.422   973.677   -0.075
-79.089   971.561   -0.075
-77.757   969.447   -0.074
-76.423   967.332   -0.074
-74.982   964.933   -0.074
-73.789   962.85   -0.073
-72.49   960.598   -0.073
-71.233   958.438   -0.073
-69.974   956.279   -0.072
-68.523   953.653   -0.072
-67.302   951.473   -0.072
-66.139   949.259   -0.071
-64.976   947.047   -0.071
-63.822   944.829   -0.071
-62.668   942.612   -0.07
-61.588   940.469   -0.07
-60.426   938.144   -0.069
-59.19   935.632   -0.069
-58.074   933.285   -0.069
-56.992   930.921   -0.068
-55.95   928.648   -0.068
-54.954   926.465   -0.068
-53.918   924.19   -0.067
-52.777   921.525   -0.067
-51.866   919.305   -0.067
-50.875   916.901   -0.066
-49.923   914.59   -0.066
-48.903   912.09   -0.066
-48.007   909.757   -0.065
-47.11   907.423   -0.065
-46.178   904.997   -0.065
-45.239   902.465   -0.064
-44.423   900.208   -0.064
-43.571   897.858   -0.064
-42.646   895.216   -0.063
-41.924   893.138   -0.063
-41.005   890.284   -0.062
-40.243   887.902   -0.062
-39.531   885.611   -0.062
-38.761   883.128   -0.061
-37.97   880.547   -0.061
-37.346   878.437   -0.061
-36.576   875.746   -0.06
-35.894   873.34   -0.06
-35.208   870.937   -0.06
-34.574   868.622   -0.059
-33.854   866.02   -0.059
-33.217   863.603   -0.059
-32.554   861.089   -0.058
-31.914   858.673   -0.058
-31.217   855.859   -0.058
-30.678   853.316   -0.057
-30.16   850.87   -0.057
-29.64   848.425   -0.057
-29.136   845.977   -0.056
-28.634   843.528   -0.056
-28.11   840.981   -0.056
-27.625   838.631   -0.055
-27.118   836.183   -0.055
-26.609   833.736   -0.055
-26.067   830.989   -0.054
-25.619   828.53   -0.054
-25.214   826.267   -0.054
-24.757   823.606   -0.053
-24.332   821.143   -0.053
-23.914   818.678   -0.053
-23.497   816.111   -0.052
-23.118   813.742   -0.052
-22.735   811.171   -0.052
-22.333   808.501   -0.051
-22.001   806.125   -0.051
-21.655   803.649   -0.051
-21.304   801.174   -0.051
-20.947   798.7   -0.05
-20.578   796.026   -0.05
-20.291   793.542   -0.05
-20.005   791.058   -0.049
-19.691   788.377   -0.049
-19.405   785.895   -0.049
-19.139   783.509   -0.048
-18.866   780.924   -0.048
-18.613   778.437   -0.048
-18.376   776.049   -0.047
-18.12   773.462   -0.047
-17.874   770.975   -0.047
-17.619   768.387   -0.046
-17.413   765.895   -0.046
-17.211   763.404   -0.046
-17.008   760.913   -0.046
-16.797   758.321   -0.045
-16.597   755.83   -0.045
-16.41   753.437   -0.045
-16.218   750.945   -0.044
-16.025   748.453   -0.044
-15.82   745.861   -0.044
-15.622   743.369   -0.043
-15.458   740.874   -0.043
-15.299   738.38   -0.043
-15.134   735.785   -0.043
-14.968   733.291   -0.042
-14.81   730.796   -0.042
-14.657   728.301   -0.042
-14.523   725.804   -0.041
-14.39   723.309   -0.041
-14.256   720.813   -0.041
-14.118   718.317   -0.041
-13.982   715.82   -0.04
-13.846   713.324   -0.04
-13.71   710.829   -0.04
-13.58   708.332   -0.039
-13.449   705.836   -0.039
-13.312   703.24   -0.039
-13.186   700.743   -0.039
-13.057   698.146   -0.038
-12.948   695.85   -0.038
-12.838   693.252   -0.038
-12.739   690.755   -0.038
-12.642   688.256   -0.037
-12.542   685.758   -0.037
-12.441   683.261   -0.037
-12.337   680.663   -0.036
-12.244   678.265   -0.036
-12.146   675.767   -0.036
-12.046   673.169   -0.036
-11.946   670.671   -0.035
-11.857   668.173   -0.035
-11.765   665.675   -0.035
-11.674   663.177   -0.035
-11.584   660.679   -0.034
-11.496   658.28   -0.034
-11.402   655.682   -0.034
-11.32   653.184   -0.034
-11.238   650.686   -0.033
-11.155   648.187   -0.033
-11.079   645.789   -0.033
-10.994   643.19   -0.033
-10.914   640.692   -0.032
-10.825   638.193   -0.032
-10.739   635.696   -0.032
-10.66   633.197   -0.032
-10.582   630.698   -0.031
-10.5   628.2   -0.031
-10.421   625.701   -0.031
-10.347   623.302   -0.031
-10.263   620.704   -0.03
-10.189   618.205   -0.03
-10.114   615.706   -0.03
-10.037   613.108   -0.03
-9.965   610.709   -0.029
-9.89   608.21   -0.029
-9.813   605.612   -0.029
-9.744   603.213   -0.029
-9.666   600.814   -0.028
-9.59   598.316   -0.028
-9.513   595.818   -0.028
-9.432   593.219   -0.028
-9.348   590.621   -0.027
-9.27   588.222   -0.027
-9.195   585.823   -0.027
-9.127   583.124   -0.027
-9.067   580.625   -0.027
-9.004   578.126   -0.026
-8.922   575.929   -0.026
-8.806   573.231   -0.026
-8.731   570.632   -0.026
-8.662   568.234   -0.025
-8.587   565.635   -0.025
-8.515   563.137   -0.025
-8.446   560.738   -0.025
-8.374   558.239   -0.025
-8.299   555.64   -0.024
-8.229   553.241   -0.024
-8.157   550.743   -0.024
-8.082   548.144   -0.024
-8.018   545.645   -0.023
-7.947   543.146   -0.023
-7.871   540.647   -0.023
-7.798   538.249   -0.023
-7.72   535.65   -0.023
-7.654   533.151   -0.022
-7.59   530.652   -0.022
-7.527   528.253   -0.022
-7.449   525.654   -0.022
-7.373   523.156   -0.022
-7.308   520.757   -0.021
-7.233   518.258   -0.021
-7.161   515.659   -0.021
-7.09   513.26   -0.021
-7.02   510.762   -0.021
-6.949   508.163   -0.02
-6.88   505.764   -0.02
-6.806   503.165   -0.02
-6.735   500.666   -0.02
-6.665   498.167   -0.02
-6.593   495.77   -0.019
-6.51   493.171   -0.019
-6.44   490.772   -0.019
-6.368   488.273   -0.019
-6.286   485.675   -0.019
-6.199   483.276   -0.018
-6.122   480.678   -0.018
-6.051   478.279   -0.018
-5.977   475.68   -0.018
-5.906   473.181   -0.018
-5.836   470.682   -0.017
-5.767   468.184   -0.017
-5.701   465.785   -0.017
-5.627   463.186   -0.017
-5.557   460.687   -0.017
-5.489   458.288   -0.017
-5.42   455.789   -0.016
-5.346   453.191   -0.016
-5.277   450.792   -0.016
-5.207   448.293   -0.016
-5.136   445.795   -0.016
-5.063   443.196   -0.015
-4.993   440.697   -0.015
-4.926   438.198   -0.015
-4.859   435.7   -0.015
-4.787   433.201   -0.015
-4.716   430.702   -0.015
-4.645   428.203   -0.014
-4.58   425.704   -0.014
-4.516   423.305   -0.014
-4.445   420.706   -0.014
-4.367   418.208   -0.014
-4.296   415.809   -0.014
-4.216   413.31   -0.013
-4.146   410.811   -0.013
-4.07   408.213   -0.013
-4.001   405.814   -0.013
-3.928   403.315   -0.013
-3.853   400.716   -0.013
-3.78   398.218   -0.012
-3.711   395.819   -0.012
-3.637   393.22   -0.012
-3.566   390.721   -0.012
-3.498   388.322   -0.012
-3.424   385.723   -0.012
-3.357   383.325   -0.012
-3.285   380.826   -0.011
-3.211   378.327   -0.011
-3.138   375.828   -0.011
-3.066   373.33   -0.011
-2.992   370.832   -0.011
-2.919   368.333   -0.011
-2.847   365.834   -0.011
-2.773   363.235   -0.01
-2.705   360.836   -0.01
-2.631   358.238   -0.01
-2.561   355.839   -0.01
-2.487   353.34   -0.01
-2.414   350.841   -0.01
-2.343   348.342   -0.01
-2.27   345.844   -0.009
-2.198   343.345   -0.009
-2.125   340.846   -0.009
-2.052   338.347   -0.009
-1.979   335.749   -0.009
-1.915   333.35   -0.009
-1.842   330.751   -0.009
-1.774   328.352   -0.008
-1.703   325.853   -0.008
-1.632   323.354   -0.008
-1.564   320.855   -0.008
-1.493   318.256   -0.008
-1.429   315.858   -0.008
-1.361   313.359   -0.008
-1.287   310.76   -0.008
-1.219   308.361   -0.007
-1.148   305.862   -0.007
-1.079   303.263   -0.007
-1.014   300.764   -0.007
-0.947   298.265   -0.007
-0.876   295.868   -0.007
-0.783   293.369   -0.007
-0.718   290.77   -0.007
-0.653   288.271   -0.007
-0.586   285.872   -0.006
-0.511   283.274   -0.006
-0.439   280.775   -0.006
-0.369   278.276   -0.006
-0.298   275.777   -0.006
-0.226   273.278   -0.006
-0.155   270.78   -0.006
-0.085   268.281   -0.006
-0.013   265.782   -0.006
0.058   263.283   -0.005
0.126   260.884   -0.005
0.197   258.385   -0.005
0.271   255.787   -0.005
0.339   253.388   -0.005
0.413   250.789   -0.005
0.481   248.39   -0.005
0.558   245.791   -0.005
0.629   243.393   -0.005
0.703   240.894   -0.005
0.778   238.295   -0.004
0.847   235.796   -0.004
0.915   233.297   -0.004
0.981   230.898   -0.004
1.057   228.401   -0.004
1.131   225.902   -0.004
1.205   223.403   -0.004
1.279   220.904   -0.004
1.35   218.406   -0.004
1.42   215.907   -0.004
1.491   213.408   -0.004
1.565   210.809   -0.003
1.636   208.31   -0.003
1.704   205.912   -0.003
1.778   203.313   -0.003
1.849   200.814   -0.003
1.917   198.415   -0.003
1.991   195.816   -0.003
2.062   193.317   -0.003
2.131   190.919   -0.003
2.205   188.32   -0.003
2.273   185.921   -0.003
2.346   183.322   -0.003
2.412   180.923   -0.003
2.483   178.424   -0.003
2.552   175.826   -0.002
2.615   173.327   -0.002
2.687   170.828   -0.002
2.758   168.329   -0.002
2.829   165.83   -0.002
2.899   163.431   -0.002
2.969   160.932   -0.002
3.043   158.334   -0.002
3.112   155.935   -0.002
3.185   153.336   -0.002
3.253   150.938   -0.002
3.327   148.339   -0.002
3.398   145.841   -0.002
3.464   143.442   -0.002
3.536   140.843   -0.002
3.605   138.344   -0.002
3.676   135.845   -0.001
3.747   133.446   -0.001
3.819   130.947   -0.001
3.89   128.449   -0.001
3.961   125.95   -0.001
4.032   123.451   -0.001
4.106   120.852   -0.001
4.175   118.453   -0.001
4.247   115.955   -0.001
4.32   113.356   -0.001
4.388   110.957   -0.001
4.458   108.458   -0.001
4.531   105.859   -0.001
4.6   103.46   -0.001
4.675   100.962   -0.001
4.749   98.463   -0.001
4.824   95.964   -0.001
4.898   93.365   -0.001
4.967   90.967   -0.001
5.037   88.468   -0.001
5.108   85.969   -0.001
5.18   83.47   -0.001
5.251   80.971   -0.001
5.321   78.472   -0
5.395   75.875   -0
5.467   73.376   -0
5.538   70.877   -0
5.609   68.378   -0
5.679   65.979   -0
5.758   63.381   -0
5.825   60.882   -0
5.891   58.383   -0
5.958   55.984   -0
6.03   53.385   -0
6.101   50.886   -0
6.171   48.488   -0
6.245   45.989   -0
6.313   43.39   -0
6.37   40.891   -0
6.428   38.492   -0
6.5   35.993   -0
6.574   33.394   -0
6.642   30.995   -0
6.716   28.396   -0
6.787   25.898   -0
6.858   23.399   -0
6.926   21   -0
7   18.401   -0
7.068   16.002   -0
7.139   13.503   -0
7.213   10.905   -0
7.282   8.506   -0
7.353   6.007   -0
7.426   3.508   -0
7.501   1.009   -0
