3.78398   3.69807
3.78612   3.70307
3.77912   3.70782
3.7791   3.70507
3.78101   3.70582
3.78001   3.70482
3.77888   3.70207
3.77901   3.70183
3.77512   3.70107
3.77212   3.70105
3.7711   3.70007
3.77184   3.70107
3.77412   3.70882
3.77912   3.71182
3.78792   3.71107
3.79511   3.71292
3.80011   3.71187
3.80501   3.71286
3.80214   3.71709
3.80014   3.7238
3.80401   3.71986
3.80211   3.71409
3.79412   3.71707
3.78512   3.7198
3.78512   3.71707
3.79087   3.71307
3.79386   3.71109
3.79586   3.71007
3.79012   3.70707
3.78801   3.70482
3.78012   3.70307
3.76512   3.70507
3.76113   3.69505
3.76112   3.68405
3.76413   3.67605
3.76685   3.67608
3.7681   3.67486
3.7691   3.67481
3.77888   3.67105
3.80195   3.66706
3.81816   3.66982
3.81916   3.68685
3.81711   3.70188
3.82113   3.71187
3.82913   3.71187
3.83913   3.71187
3.83885   3.72011
3.83891   3.72011
3.83915   3.72009
3.83715   3.71906
3.83815   3.71507
3.83917   3.71207
3.839   3.71281
3.838   3.70982
3.8389   3.70707
3.83715   3.70807
3.83801   3.70682
3.83515   3.70607
3.83515   3.70582
3.83796   3.70307
3.83815   3.70207
3.84015   3.70183
3.8409   3.70107
3.842   3.70183
3.8409   3.70107
3.84295   3.69907
3.84617   3.69705
3.84715   3.69484
3.85089   3.69207
3.85788   3.69107
3.86217   3.69783
3.86892   3.70007
3.86714   3.70687
3.86514   3.70609
3.86514   3.70487
3.86214   3.70409
3.86217   3.70309
3.86193   3.71007
3.858   3.71986
3.851   3.72884
3.84415   3.73583
3.84417   3.73606
3.84517   3.73706
3.847   3.73883
3.85001   3.73883
3.84715   3.73708
3.84689   3.73508
3.8439   3.73408
3.842   3.73484
3.83915   3.73279
3.83715   3.73179
3.83515   3.73109
3.83291   3.73109
3.83092   3.73109
3.82915   3.72909
3.82516   3.73184
3.82416   3.73184
3.82892   3.73006
3.83092   3.73006
3.83115   3.73109
3.83591   3.73109
3.83885   3.73011
3.84301   3.73189
3.84485   3.72909
3.84789   3.72809
3.84815   3.72909
3.84912   3.73089
3.85201   3.72989
3.85388   3.72911
3.855   3.73184
3.85494   3.73009
3.85617   3.72909
3.85615   3.73089
3.85701   3.73189
3.85315   3.72989
3.85   3.72984
3.84395   3.73009
3.839   3.73284
3.835   3.73289
3.82992   3.73209
3.82515   3.73384
3.82116   3.73309
3.81616   3.73179
3.81116   3.72806
3.8059   3.72809
3.79914   3.72609
3.79491   3.72109
3.80514   3.71681
3.81716   3.71082
3.82892   3.70707
3.83391   3.70907
3.83815   3.71286
3.84   3.71786
3.83691   3.72509
3.83116   3.7248
3.82892   3.72306
3.82587   3.72209
3.82511   3.7229
3.82813   3.72511
3.83101   3.7229
3.83413   3.71491
3.83813   3.71187
3.84315   3.71309
3.84894   3.71409
3.85317   3.71686
3.85688   3.71911
3.86645   3.72538
3.86021   3.76091
3.85489   3.8049
3.85323   3.84717
3.8642   3.87421
3.88316   3.88221
3.88385   3.88224
3.88314   3.87019
3.88314   3.85419
3.883   3.84195
3.88016   3.82997
3.87816   3.82818
3.87816   3.82718
3.878   3.82892
3.87616   3.81918
3.87591   3.80216
3.87317   3.78597
3.87217   3.76912
3.873   3.75691
3.872   3.75591
3.86914   3.75596
3.86717   3.75613
3.86617   3.75613
3.86817   3.75713
3.86892   3.76812
3.86892   3.77712
3.87616   3.77914
3.88316   3.78115
3.89016   3.78214
3.89718   3.78414
3.90618   3.78314
3.91391   3.78514
3.9209   3.78514
3.92989   3.78414
3.93617   3.78414
3.94217   3.78614
3.95019   3.78714
3.9589   3.78614
3.98021   3.79714
3.9962   3.80414
4.02298   3.805
4.043   3.80501
4.06283   3.80719
4.088   3.81101
4.0802   3.81
4.07   3.812
4.06923   3.815
4.0702   3.828
4.07323   3.84015
4.07686   3.855
4.07623   3.86914
4.0799   3.871
4.0802   3.871
4.08385   3.872
4.10383   3.85743
4.13479   3.8442
4.131   3.87017
4.12921   3.883
4.15477   3.872
4.19082   3.85201
4.20664   3.851
4.18519   3.79706
4.1682   3.759
4.13323   3.763
4.14421   3.773
4.14423   3.796
4.14323   3.821
4.14326   3.837
4.1482   3.85222
4.154   3.88719
4.18822   3.904
4.21719   3.923
4.21519   3.97413
4.214   4.03109
4.21516   4.08806
4.22418   4.10201
4.26169   4.0864
4.3057   4.10205
4.30319   4.14902
4.338   4.1704
4.358   4.19544
4.359   4.23345
4.358   4.25947
4.36872   4.27821
4.35917   4.30832
4.35919   4.34532
4.373   4.36335
4.38455   4.36629
4.40005   4.37942
4.42975   4.38656
4.46257   4.36538
4.4645   4.36339
4.51001   4.36438
4.57001   4.3663
4.6169   4.38437
4.6171   4.44355
4.62886   4.48519
4.63293   4.49983
4.63081   4.50688
4.66157   4.52828
4.66209   4.54782
4.66293   4.57363
4.66835   4.59554
4.64294   4.63035
4.65388   4.663
4.66902   4.66348
4.66695   4.64736
4.66992   4.65852
4.68943   4.66979
4.73547   4.66326
4.73712   4.6702
4.74959   4.68448
4.7575   4.70371
4.75735   4.71785
4.77163   4.71546
4.7825   4.72576
4.80402   4.74396
4.81306   4.7622
4.81663   4.79494
4.81818   4.809
4.84368   4.81704
4.86153   4.82337
4.87831   4.82939
4.88134   4.83868
4.88801   4.87548
4.86826   4.87044
4.88251   4.86504
4.93663   4.90649
4.94472   4.92792
4.92551   4.92304
4.94027   4.91989
4.95875   4.9133
4.96287   4.93708
4.96656   4.92644
4.98015   4.91914
4.99077   4.93113
4.99375   4.94668
5.00175   4.96221
4.98331   4.9758
4.95341   4.98746
4.90633   5.01687
4.90601   4.9814
4.91756   5.00135
4.9345   5.02419
4.98304   5.00938
5.01181   5.01081
5.04378   5.02789
5.05326   5.05966
5.06211   5.00228
5.07631   5.01269
5.07228   5.00709
5.06301   5.00321
5.04404   5.02252
5.01604   5.03626
5.05138   5.05014
5.03729   5.0197
5.01043   4.9844
5.01331   4.9899
5.00556   5.00676
4.95855   5.03535
4.98989   5.04337
4.9979   5.02772
4.98472   5.01146
4.97707   4.986
4.95391   4.96274
4.93389   5.02085
4.93161   5.04322
4.91964   5.02453
4.91224   5.03108
4.89276   5.03951
4.94032   5.01975
4.96906   5.0295
4.97718   5.03946
5.01791   5.01931
5.00926   4.99953
5.00248   4.9848
5.01827   4.99459
5.02908   5.01403
5.04094   5.03679
5.04991   5.05075
5.04433   5.02875
5.02024   5.03496
5.02969   5.05134
5.04828   5.06356
5.02104   5.095
5.00773   5.13082
4.9888   5.10019
4.9775   5.06643
4.91605   5.0588
4.97286   5.06936
5.00587   5.07199
5.0191   5.03962
5.02835   5.03464
5.02647   5.02608
4.9975   5.01463
5.02186   5.00765
5.0272   5.00141
5.02644   4.98867
5.01936   4.98017
5.01085   4.97808
4.99529   4.98729
5.02448   4.9816
5.03895   4.97738
5.04006   4.97947
5.04697   5.00587
5.03858   5.02754
5.01905   4.99783
5.05583   4.96515
5.02683   4.97479
5.01456   4.94978
4.99014   4.9418
5.02191   4.92922
5.00224   4.92667
4.985   4.94157
5.01943   4.93658
5.01213   4.92299
5.00432   4.95293
5.01473   4.97734
5.05285   4.99888
5.04389   4.99671
5.06738   4.97845
5.04163   4.97914
5.03181   4.97199
5.07207   4.98774
5.06961   5.0221
5.04518   5.01834
5.08965   4.99184
5.05425   4.95293
5.03846   4.9611
5.01427   4.97034
5.0392   4.99074
5.05418   5.00114
5.07168   4.99352
5.06138   4.98453
5.04811   4.97155
5.07695   4.96148
5.12216   4.96148
5.11388   4.97688
5.10063   4.95935
5.08945   4.93866
5.09121   4.95477
5.06854   4.9472
5.018   4.99421
5.09806   4.96142
5.11329   4.9735
5.09448   4.97843
5.08641   4.96595
5.06748   4.96111
5.05902   4.98209
5.03618   5.03475
5.04811   5.04155
5.02787   5.02886
5.04804   5.01922
5.0471   5.01997
5.03764   5.04422
5.02034   5.06264
5.04612   5.06264
5.06581   5.05463
5.08392   5.04669
5.10113   5.0396
5.07275   5.02267
5.07814   5.01345
5.04876   5.00206
5.07481   5.01609
5.08221   5.0369
5.07141   5.01477
5.06191   4.99488
5.05515   4.97498
5.02941   4.98279
5.03669   4.98988
5.05732   4.98706
5.07818   5.04613
5.0828   5.03269
5.08694   5.0266
5.08793   5.01577
5.08542   5.00753
5.05156   5.02715
5.0401   5.04992
5.03714   5.01955
5.04638   4.99828
5.03755   4.99851
5.04246   4.99105
5.00365   4.98994
4.99391   4.9846
4.97037   5.01272
4.97357   4.99448
4.98031   4.97229
4.98211   4.99428
4.9929   5.00742
4.98643   5.02894
4.97322   5.05234
4.9964   5.05466
4.98461   5.06082
4.97192   5.06392
4.9638   5.07978
4.97573   5.08935
4.96621   5.09217
4.99236   5.09416
4.9908   5.08019
4.99741   5.05803
5.01484   5.07508
4.99236   5.06976
5.04757   5.03576
4.98917   5.075
5.01748   5.07798
5.02489   5.07971
5.03396   5.06649
5.05624   5.05864
5.06095   5.07653
5.06704   5.09769
5.03506   5.08887
5.01138   5.06759
4.99095   5.06613
5.00898   5.07211
5.01339   5.02713
4.992   4.99961
4.91604   5.02116
5.00399   5.03874
5.03065   5.03374
5.0277   5.05177
5.02753   5.06872
5.04202   5.0762
5.06439   5.05319
5.07102   5.03121
5.07608   5.03742
5.09141   5.02578
5.06332   5.03048
5.05707   5.03846
5.06734   5.05396
5.0698   5.03784
5.05874   5.02055
5.04032   5.0188
5.05671   5.01437
5.05286   5.01237
5.03906   5.01005
5.01864   5.00747
5.01652   5.00663
4.99908   5.00566
5.00828   4.96873
4.98318   4.95842
4.99532   4.96142
5.01287   4.9604
5.01981   4.97067
5.04451   4.99337
5.00218   4.98535
5.04491   4.99114
5.02885   5.00714
5.08231   4.99141
5.03543   4.99113
5.00078   4.99119
5.03693   4.99428
5.0556   5.01457
5.06796   5.02927
5.0545   5.0421
5.0289   5.06139
5.03008   5.02797
5.03539   5.04059
5.03824   5.04788
5.03022   5.06371
5.01694   5.07225
4.99635   5.08393
5.00362   5.07547
5.0356   5.07645
5.04095   5.0774
5.02558   5.06022
4.98747   5.04032
4.97768   5.04179
5.00145   5.04501
5.04241   5.04897
5.02423   5.0482
5.01385   5.06026
5.03025   5.04915
5.00493   5.0514
5.00386   5.05589
5.01809   5.05037
4.99563   5.02751
5.01599   4.99975
5.01264   5.02219
5.00231   5.05125
4.9905   5.07496
4.98584   5.02736
4.98468   4.99626
4.9856   4.96835
4.96677   4.97279
4.95514   4.97369
5.0163   4.93599
5.0341   4.94159
5.03156   5.03085
5.05218   5.0228
5.08657   4.98365
5.11297   5.01306
5.13432   5.02919
5.12748   5.02586
5.12458   5.0322
5.10814   5.01806
4.98329   5.08116
5.00881   5.11087
5.01101   5.06344
4.99597   5.03684
4.97799   5.03262
4.98437   5.01559
5.01722   4.98748
5.05741   4.96655
5.05783   5.01207
5.06856   5.05563
5.085   5.07224
5.07998   5.04865
5.0734   5.03923
5.0463   5.05442
5.03424   5.0208
5.03562   4.96485
5.03375   5.00242
5.06945   4.98724
5.05872   4.95726
5.05805   4.92875
5.05586   4.9417
5.02666   4.97058
4.95931   4.99613
4.94343   4.97687
4.94396   5.04747
5.00257   5.04323
5.01843   5.02191
5.02595   4.98456
5.03815   4.95683
5.01184   4.98014
5.01341   4.95137
5.01695   4.91841
5.01907   4.96933
5.02859   4.94213
5.02972   4.94919
5.03822   4.99241
5.01657   5.00225
5.00143   5.01416
5.00447   5.0045
5.00121   5.02776
5.04111   5.05711
5.09525   5.04496
5.06804   5.03322
5.06884   5.01256
5.06865   5.02956
5.07239   5.09453
5.10901   5.07661
5.13877   5.04084
5.14185   5.02708
5.14129   5.01071
5.1346   4.99806
5.08137   5.0333
5.03112   5.05956
5.02478   5.05104
5.02342   5.04964
4.99981   5.06332
5.00239   5.06211
5.0141   5.04234
5.0129   5.02265
5.01141   5.03517
5.02714   5.03799
5.02925   5.03296
5.03067   5.02848
5.01873   5.02713
5.01584   5.02186
5.02056   5.01687
5.01747   5.01373
4.98477   5.03897
5.0078   5.04206
5.01762   5.0433
5.02594   5.04651
4.98701   5.04909
4.96695   5.0311
4.96776   5.0083
4.9738   4.99313
4.97473   4.99941
5.01225   4.99363
5.0305   4.98863
5.00993   4.98148
4.98813   4.972
5.00332   5.01011
4.98237   5.00243
4.97436   4.97892
4.97611   4.97735
4.97699   4.98978
4.97315   4.9931
4.96319   4.97658
4.95876   4.94536
4.97395   4.92665
4.97755   4.9118
4.96219   4.89821
4.92327   4.91714
4.93782   4.90002
4.93617   4.8801
4.91686   4.87008
4.88505   4.86234
4.89132   4.87902
4.89546   4.89825
4.88841   4.90134
4.87651   4.87803
4.86714   4.85159
4.83551   4.83487
4.8011   4.81692
4.74525   4.78693
4.7668   4.77989
4.80763   4.76208
4.82696   4.74211
4.80795   4.73919
4.78981   4.73769
4.78412   4.73504
4.77105   4.72555
4.74059   4.70172
4.71338   4.68191
4.67143   4.66396
4.60825   4.67313
4.61483   4.64333
4.62261   4.6334
4.62062   4.62299
4.6265   4.6108
4.63381   4.58168
4.61386   4.56324
4.60071   4.54403
4.54967   4.51097
4.50625   4.50952
4.50355   4.49541
4.5036   4.4791
4.49836   4.46698
4.44159   4.47017
4.46591   4.42959
4.49392   4.40182
4.51437   4.37112
4.52125   4.36644
4.50314   4.36093
4.41766   4.3552
4.42044   4.28883
4.37831   4.27071
4.35704   4.24228
4.34739   4.20111
4.32617   4.17912
4.32715   4.17
4.31602   4.16925
4.31298   4.16608
4.33678   4.16023
4.35786   4.12514
4.36574   4.09886
4.33267   4.09692
4.3274   4.0867
4.30458   4.07688
4.28751   4.06458
4.27429   4.05281
4.2623   4.04178
4.22025   4.04367
4.1952   4.01271
4.213   4.00572
4.19818   3.99553
4.18851   3.9845
4.22101   3.89916
4.21511   3.8906
4.21516   3.83581
4.21537   3.79919
4.20698   3.80319
4.15705   3.81817
4.138   3.8073
4.12201   3.7962
4.081   3.79892
4.05688   3.78996
4.05022   3.78421
4.04619   3.77623
4.04086   3.76693
4.03598   3.74536
4.0269   3.70984
4.02414   3.68183
4.01523   3.65
4.01082   3.61576
3.99583   3.60481
3.98111   3.5978
3.969   3.59104
3.95683   3.59721
3.95414   3.60377
3.94708   3.60579
3.93816   3.60873
3.94483   3.61223
3.94374   3.61627
3.93679   3.62322
3.93313   3.62583
3.93016   3.62774
3.9269   3.63226
3.91614   3.63782
3.90815   3.64974
3.90213   3.66229
3.88604   3.67582
3.87975   3.68586
3.87372   3.69527
3.86712   3.70178
3.85712   3.71028
3.84102   3.71487
3.83708   3.7228
3.81973   3.73624
3.8067   3.74632
3.78806   3.75626
3.79809   3.74575
3.82706   3.71925
3.84678   3.69625
3.87975   3.6688
3.89912   3.64422
3.92794   3.62247
3.93674   3.60926
3.93809   3.60782
3.93767   3.60926
3.93778   3.60725
3.93668   3.6073
3.93066   3.60725
3.92106   3.60586
3.92169   3.60529
3.9217   3.60225
3.91606   3.60086
3.91473   3.60027
3.90675   3.59624
3.896   3.59522
3.87804   3.59924
3.87476   3.59223
3.87677   3.58273
3.88378   3.5748
3.89208   3.56127
3.9098   3.54619
3.91778   3.53123
3.91511   3.5328
3.90973   3.53721
3.90412   3.53422
3.89806   3.53325
3.89269   3.53583
3.88665   3.54285
3.88409   3.54022
3.87769   3.54125
3.87308   3.53924
3.86971   3.54285
3.86466   3.54984
3.85873   3.56023
3.85374   3.56823
3.8541   3.5697
3.85765   3.5698
3.85805   3.56823
3.86203   3.56225
3.86373   3.55926
3.86106   3.55925
3.84804   3.56681
3.83705   3.57578
3.82503   3.58578
3.81163   3.59686
3.79905   3.60322
3.79269   3.60223
3.78905   3.59625
3.785   3.59028
3.78205   3.58522
3.77803   3.58026
3.77406   3.57381
3.77003   3.56984
3.76774   3.56324
3.76302   3.55926
3.75701   3.55426
3.75402   3.55185
3.74102   3.56185
3.72205   3.57783
3.70104   3.5918
3.68499   3.59527
3.67099   3.59985
3.66573   3.5978
3.66177   3.59423
3.66166   3.58885
3.69704   3.57679
3.72997   3.56685
3.75069   3.55783
3.75604   3.55083
3.76367   3.54382
3.77073   3.53723
3.77177   3.53681
3.77105   3.54322
3.77171   3.54723
3.77274   3.5512
3.77172   3.55679
3.77274   3.56185
3.76503   3.56628
3.76068   3.5698
3.75971   3.56921
3.76574   3.56175
3.77073   3.55523
3.78102   3.54826
3.79474   3.54124
3.80277   3.53825
3.81179   3.53677
3.81876   3.5352
3.81405   3.53221
3.80801   3.52928
3.80309   3.52519
3.79711   3.52276
3.79007   3.52177
3.79779   3.52079
3.80473   3.52226
3.81002   3.52284
3.8171   3.5228
3.82669   3.52221
3.82711   3.52382
3.8307   3.52583
3.82973   3.53021
3.823   3.54087
3.81204   3.55083
3.79904   3.56078
3.78706   3.5688
3.78073   3.57185
3.78773   3.57428
3.79675   3.57679
3.8048   3.57777
3.81405   3.58025
3.84404   3.56549
3.86579   3.54476
3.89073   3.5272
3.91577   3.50878
3.93369   3.49724
3.94311   3.49379
3.94912   3.49575
3.95672   3.49678
3.95276   3.50776
3.9457   3.52079
3.92509   3.5348
3.90306   3.54882
3.88711   3.55725
3.88003   3.55024
3.8721   3.54125
3.89176   3.53181
3.91175   3.52123
3.93195   3.51525
3.94081   3.5172
3.94909   3.51985
3.93408   3.52382
3.9181   3.52923
3.88805   3.54828
3.86201   3.56724
3.83004   3.58385
3.82403   3.56624
3.82308   3.54344
3.82996   3.53788
3.83272   3.55025
3.83776   3.56325
3.85476   3.56324
3.87079   3.56179
3.87109   3.56287
3.86878   3.56683
3.86573   3.57086
3.86004   3.5769
3.85672   3.58188
3.86276   3.57025
3.87011   3.55224
3.87811   3.53083
3.88506   3.51025
3.86604   3.51882
3.83205   3.54087
3.81509   3.56082
3.79774   3.58281
3.80371   3.58125
3.81002   3.57891
3.81606   3.57625
3.8257   3.57228
3.8301   3.57027
3.83504   3.56488
3.84271   3.56227
3.84869   3.55787
3.85105   3.55629
3.84711   3.55984
3.84677   3.56082
3.84374   3.56227
3.84173   3.56488
3.83478   3.57287
3.82906   3.57889
3.82473   3.58425
3.82272   3.58328
3.82509   3.57724
3.82967   3.57132
3.83966   3.5663
3.86373   3.55122
3.88665   3.53494
3.90975   3.51987
3.93267   3.50826
3.95007   3.49485
3.95111   3.48126
3.938   3.48387
3.9031   3.50288
3.87501   3.51979
3.86075   3.53528
3.876   3.54886
3.88897   3.56586
3.89871   3.5823
3.89871   3.59987
3.88769   3.61893
3.87607   3.63784
3.86606   3.65593
3.85471   3.6743
3.84575   3.6853
3.85977   3.67626
3.88285   3.65727
3.90681   3.63784
3.92973   3.61991
3.95211   3.60032
3.96315   3.5899
3.96809   3.58393
3.97477   3.57925
3.98074   3.57285
3.98574   3.56687
3.97908   3.56193
3.96608   3.55492
3.95613   3.54823
3.94411   3.54085
3.93109   3.53585
3.90871   3.54589
3.91072   3.55899
3.91273   3.57187
3.91267   3.58795
3.91572   3.60092
3.93473   3.59533
3.95174   3.5809
3.96276   3.56424
3.97108   3.55096
3.97971   3.5389
3.98014   3.53725
3.98111   3.53725
3.97511   3.53927
3.9651   3.53926
3.95912   3.53725
3.9538   3.53328
3.94814   3.53121
3.9457   3.52828
3.95173   3.52529
3.95271   3.52628
3.9557   3.52628
3.95771   3.52693
3.96081   3.52628
3.94977   3.5303
3.93375   3.53825
3.91712   3.54488
3.90107   3.55226
3.88579   3.56125
3.87206   3.56729
3.85608   3.57125
3.83708   3.57827
3.81804   3.58328
3.8001   3.58889
3.79211   3.58328
3.78909   3.57926
3.79273   3.57291
3.79507   3.56729
3.80278   3.55888
3.81204   3.54727
3.82109   3.53426
3.83207   3.52027
3.84208   3.50825
3.84879   3.49788
3.85183   3.49288
3.85677   3.48489
3.85703   3.47926
3.85911   3.47224
3.8607   3.47895
3.86276   3.48694
3.86167   3.49831
3.86172   3.5089
3.86368   3.51828
3.86976   3.52394
3.8731   3.52994
3.87378   3.53689
3.87213   3.54225
3.87213   3.54787
3.87177   3.55384
3.88079   3.55888
3.89371   3.56291
3.90572   3.56931
3.87558   3.62337
3.80501   3.71155
3.79802   3.71434
3.80061   3.71335
3.80561   3.70834
3.80773   3.70633
3.80908   3.70633
3.81267   3.70334
3.814   3.70139
3.81801   3.69809
3.81963   3.6964
3.822   3.69407
3.82561   3.69139
3.82602   3.69034
3.82866   3.68805
3.83256   3.6851
3.8356   3.68236
3.83603   3.6801
3.83701   3.67936
3.84158   3.67533
3.84203   3.67506
3.84606   3.67435
3.84761   3.67608
3.85104   3.67711
3.85261   3.67833
3.85302   3.68104
3.85503   3.68408
3.85961   3.68436
3.86162   3.68506
3.863   3.68834
3.86699   3.6884
3.86765   3.69212
3.87069   3.69309
3.87202   3.69536
3.87764   3.69535
3.87806   3.69805
3.88063   3.70035
3.88099   3.70305
3.88404   3.70403
3.88703   3.70639
3.8897   3.70305
3.89269   3.70133
3.89405   3.69903
3.89563   3.69903
3.89861   3.69736
3.90103   3.69333
3.90366   3.69305
3.90505   3.69002
3.90707   3.68929
3.91003   3.68707
3.91207   3.68604
3.91402   3.68338
3.91861   3.68035
3.91998   3.67838
3.92205   3.67701
3.92469   3.67506
3.92757   3.67339
3.92907   3.67131
3.9316   3.67006
3.93304   3.67408
3.93669   3.67435
3.93809   3.6761
3.93968   3.67908
3.94268   3.68132
3.94658   3.68114
3.94809   3.68309
3.94907   3.68535
3.95212   3.68701
3.9537   3.68903
3.95663   3.69138
3.95706   3.69231
3.95967   3.69335
3.96011   3.69504
3.95961   3.69809
3.96065   3.7001
3.95967   3.69933
3.95603   3.70104
3.95206   3.70309
3.94907   3.70634
3.94766   3.70608
3.94468   3.70932
3.94565   3.71036
3.95108   3.71202
3.95762   3.71303
3.96207   3.71635
3.96967   3.71799
3.97662   3.71805
3.98167   3.71799
3.98765   3.72007
3.98673   3.72232
3.9876   3.7224
3.98611   3.71706
3.98667   3.7153
3.98672   3.71634
3.98568   3.71835
3.98509   3.72032
3.98308   3.72206
3.9826   3.71942
3.97903   3.71511
3.97604   3.71011
3.97559   3.70641
3.97472   3.70036
3.9721   3.69535
3.97368   3.68833
3.97006   3.68736
3.97104   3.6851
3.96902   3.68413
3.96662   3.68534
3.96408   3.68332
3.96364   3.68207
3.96207   3.6801
3.95766   3.67913
3.95011   3.67701
3.94407   3.67232
3.93968   3.66836
3.93308   3.66404
3.92859   3.66209
3.92366   3.65731
3.91769   3.65404
3.91402   3.65209
3.90804   3.65296
3.90204   3.65536
3.89606   3.65502
3.89301   3.65306
3.91288   3.653
3.90206   3.65536
3.88801   3.65237
3.87507   3.64431
3.85902   3.64236
3.84102   3.64599
3.82295   3.64707
3.83092   3.64231
3.86573   3.6343
3.85461   3.62735
3.82607   3.61732
3.80767   3.60828
3.79905   3.61503
3.7897   3.63032
3.78002   3.644
3.76901   3.66099
3.75803   3.67604
3.7476   3.69237
3.748   3.69634
3.753   3.69737
3.75898   3.69413
3.76899   3.69108
3.7828   3.68809
3.81588   3.68907
3.83404   3.6901
3.828   3.69108
3.82708   3.68809
3.83071   3.69004
3.83968   3.69108
3.84609   3.69104
3.85207   3.69108
3.85609   3.69205
3.86201   3.69309
3.87004   3.69205
3.87764   3.69138
3.88264   3.69133
3.88868   3.69335
3.89404   3.69309
3.90003   3.69309
3.9031   3.68903
3.90165   3.68534
3.89608   3.68236
3.89764   3.67534
3.90165   3.66337
3.90568   3.65031
3.907   3.63611
3.91006   3.63235
3.91567   3.6343
3.92806   3.6381
3.94565   3.63931
3.96109   3.64007
3.96209   3.65932
3.9631   3.69006
3.98304   3.70202
4.003   3.71208
4.02672   3.7263
4.03455   3.74428
4.05357   3.76233
4.06228   3.78103
4.05508   3.7823
4.05903   3.7913
4.07502   3.8003
4.09503   3.80732
4.11699   3.81433
4.13703   3.8393
4.14243   3.86129
4.146   3.88228
4.14939   3.90634
4.15003   3.93232
4.16096   3.94833
4.17239   3.96036
4.16434   3.96634
4.16116   3.95736
4.15836   3.95333
4.16635   3.95132
4.17005   3.96432
4.19398   3.99039
4.22303   4.00633
4.25203   4.02539
4.29194   4.04492
4.32188   4.07296
4.31844   4.10996
4.32002   4.11996
4.34141   4.13944
4.37404   4.16203
4.39523   4.18905
4.40223   4.21311
4.42449   4.22517
4.44028   4.24017
4.43826   4.25326
4.45432   4.27019
4.47637   4.29115
4.4814   4.32223
4.48744   4.34736
4.51507   4.37583
4.51579   4.3815
4.53357   4.39655
4.57411   4.39998
4.57697   4.43016
4.57888   4.45818
4.59671   4.48908
4.59903   4.51346
4.63664   4.5233
4.6775   4.52917
4.70273   4.52917
4.71665   4.55256
4.73206   4.56925
4.7418   4.59073
4.75981   4.61193
4.77134   4.63301
4.77088   4.64725
4.77694   4.64533
4.78255   4.63912
4.78274   4.68989
4.80399   4.71125
4.8282   4.73246
4.83231   4.75706
4.83162   4.77249
4.84592   4.76037
4.86149   4.78462
4.854   4.7829
4.8515   4.78205
4.85224   4.78187
4.87893   4.79795
4.89687   4.81236
4.90314   4.83364
4.91362   4.8509
4.92643   4.82633
4.94628   4.84446
4.94469   4.89484
4.96234   4.90586
4.97883   4.91845
4.96526   4.93745
4.95732   4.92962
4.94406   4.92542
4.93282   4.92116
4.9322   4.92371
4.97514   4.95926
4.99074   4.9708
5.01045   4.99837
4.99948   5.00285
4.99043   5.00691
4.97964   5.00784
4.993   4.9982
5.00967   4.96771
5.00801   5.03288
5.02642   5.02677
5.04013   5.02261
5.05126   5.01618
5.04922   5.00646
5.0282   4.99004
5.02799   4.9536
4.99551   4.96655
4.98735   5.00147
5.00032   5.02744
5.06246   4.96478
5.04004   4.9628
5.06112   4.95207
5.08085   4.94172
5.10766   4.93506
5.13336   4.94083
5.11449   4.98357
5.10295   5.01493
5.10919   5.01069
5.11372   5.02451
5.11364   5.0416
5.11295   5.05925
5.11463   5.05227
5.09621   5.03368
5.06685   5.02922
5.04027   5.01421
5.05183   5.02632
5.0541   5.04652
5.04825   5.06938
5.05208   5.0275
5.05265   4.98426
5.04532   5.00001
5.0454   5.02364
5.07981   5.0453
5.08925   5.07768
5.08071   5.10074
5.07235   5.08349
5.06245   5.06358
5.06386   5.04173
5.08432   5.06228
5.0675   5.09149
5.07814   5.06315
5.04808   5.06541
5.06527   5.06674
5.05481   5.07444
5.05885   5.05836
5.01923   5.029
5.02636   5.02477
5.03416   5.03822
5.042   5.05308
5.04475   5.06559
5.04726   5.06202
5.04755   5.05588
5.03833   5.05102
5.05734   5.03699
5.05504   5.03199
5.0857   5.03977
5.09063   5.0667
5.1021   5.06453
5.09322   5.06789
5.09219   5.07226
5.0893   5.07098
5.08781   5.06949
5.05985   5.05535
5.10727   5.04395
5.14729   5.03225
5.14957   5.04533
5.12934   5.06864
5.13378   5.10971
5.07705   5.11545
5.06764   5.06365
5.06   5.04871
5.04744   5.05282
5.04214   5.05799
5.04093   5.07509
5.09016   5.07939
5.11948   5.07524
5.07573   5.05068
5.05186   5.02845
5.04504   5.04887
5.04809   5.06522
5.05952   5.05163
5.09218   5.06883
5.08597   5.07316
5.08529   5.08961
5.11054   5.0711
5.08953   5.05306
5.04006   5.05305
5.07456   5.02556
5.07611   5.03092
5.07735   5.05088
5.0718   5.06634
5.04346   5.06237
5.05817   5.05068
5.05415   5.03658
5.0573   5.02423
5.02719   5.01858
4.99727   5.0033
5.0178   5.0306
5.02011   5.04141
5.03621   5.05984
5.07223   5.05446
5.07494   5.021
5.06114   5.0281
5.05186   5.02239
5.0393   5.0179
5.05415   5.01603
5.04465   5.0062
5.05203   5.01481
5.06624   5.02712
5.04794   5.01252
5.0191   5.02108
5.03153   5.02865
5.04681   5.02325
5.05219   5.03283
5.04013   5.03283
5.00217   5.03422
5.00213   5.05851
5.01073   5.00968
5.01243   5.01412
5.01421   5.01304
5.01637   4.98734
5.03022   5.01234
5.03343   5.04764
5.04191   5.05776
5.03954   5.06508
5.02806   5.06601
5.02145   5.08316
5.04404   5.04913
5.04198   5.01256
5.027   5.0218
5.01306   5.03011
5.016   5.02439
5.0061   5.0128
5.04264   5.0025
5.04802   5.01185
5.05171   5.02344
5.05447   5.02928
5.04967   5.06024
5.05742   5.0685
5.05007   5.06748
5.0489   5.06226
5.01905   5.06016
5.0047   5.04803
4.96035   5.07361
4.96461   5.07923
4.92605   5.11185
4.88868   5.13406
4.81793   5.13704
4.72265   5.14217
4.65921   5.15603
4.70371   5.18084
4.74269   5.19964
4.76974   5.18036
4.77722   5.19172
4.7822   5.2072
4.77099   5.22204
4.80632   5.198
4.82332   5.1841
4.84422   5.17265
4.86337   5.17868
4.86258   5.18557
4.90676   5.17715
4.95241   5.17427
4.99554   5.18441
4.99038   5.19954
5.0506   5.1461
5.02487   5.13804
4.99419   5.13242
4.99337   5.13511
4.99811   5.1522
5.01535   5.11619
4.97691   5.11196
4.94891   5.12495
4.98822   5.11177
4.97977   5.1513
4.97845   5.13223
4.96086   5.10995
4.93865   5.11929
4.94441   5.10511
4.91355   5.09448
4.90735   5.04291
4.91838   5.03023
4.93149   4.99887
4.99832   5.01401
5.00229   5.04227
5.0155   5.06445
5.02859   5.08675
5.0438   5.11333
5.05886   5.14773
5.0578   5.17914
5.05903   5.20518
5.03771   5.22845
5.00081   5.19686
5.04934   5.15567
5.06567   5.09624
5.07823   5.09561
5.08406   5.12327
5.09456   5.15601
5.09769   5.19217
5.10458   5.22113
5.113   5.2461
5.11005   5.26864
5.08161   5.29617
5.11929   5.2682
5.12682   5.21871
5.12621   5.16154
5.12588   5.12201
5.12237   5.15645
5.1204   5.18376
5.12091   5.20649
5.11699   5.23235
5.11316   5.26914
5.08988   5.30534
5.05123   5.3334
5.15603   5.32373
5.214   5.24626
5.21197   5.16409
5.19673   5.09075
5.18313   5.1154
5.17005   5.14893
5.15607   5.19211
5.14861   5.22913
5.13114   5.25177
5.10288   5.29134
5.10524   5.33854
5.18344   5.26706
5.1721   5.18772
5.16313   5.12747
5.14876   5.05778
5.13564   5.03165
5.12858   5.10372
5.1008   5.13214
5.07347   5.14257
5.04969   5.16856
5.09557   5.19751
5.13245   5.24545
5.19173   5.18376
5.20348   5.1307
5.1965   5.07049
5.17264   4.99043
5.14932   4.91424
5.11218   4.91605
5.08009   4.9331
5.05244   4.96266
5.04449   4.98754
5.06696   5.00413
5.03922   5.03273
5.04995   5.02636
5.03766   5.04166
5.02682   5.03654
5.00901   5.0772
4.95315   5.09973
4.9687   5.11479
5.01503   5.10175
5.02724   5.07047
5.04119   5.06225
5.05467   5.04327
5.02635   5.0328
5.04419   5.05698
5.06283   5.08166
5.08972   5.09031
5.07483   5.11818
5.07755   5.03841
5.02936   5.02274
5.02048   5.01102
5.00424   5.01157
4.98814   5.028
5.01482   5.0964
5.01128   5.08793
4.99967   5.07587
4.99357   5.06469
5.01482   5.05044
5.02717   5.04268
5.03336   5.02355
5.02401   5.01497
5.00291   5.04159
5.02065   5.06872
5.02697   5.07567
5.02137   5.08346
5.01143   5.09126
5.0147   5.05885
4.97601   5.05517
5.02441   5.01268
4.94687   5.04228
4.95981   5.04942
4.93767   5.05225
4.91   5.05504
4.91759   5.02172
4.93291   5.03811
5.00887   5.02913
5.04224   5.04028
5.05932   5.06532
5.0601   5.09291
5.06244   5.08627
5.07042   5.07589
5.07763   5.0659
5.07885   5.05949
5.05002   5.0547
5.02476   5.03808
5.02033   5.04746
5.00726   5.08046
4.99064   5.09351
4.96236   5.07994
4.9959   5.06774
5.01006   5.03943
5.00719   5.04663
4.98307   5.05303
4.95581   5.07631
4.96926   5.107
4.99842   5.09469
5.02258   5.0889
5.02872   5.09161
5.02568   5.09658
5.08874   5.10678
5.05432   5.109
5.0548   5.05536
5.04002   5.05237
5.03558   5.06444
5.04728   5.08037
5.04316   5.06221
5.01188   5.0336
4.99389   5.01914
5.00744   5.02625
5.00021   5.0014
4.9787   5.00415
4.96518   5.01184
4.94866   5.01374
4.94827   5.01415
4.95939   4.99246
4.96352   4.96516
4.96929   4.95348
4.95588   4.94848
4.96254   4.94154
4.96513   4.95509
4.95128   4.9684
4.93864   4.9512
4.93231   4.9402
4.92379   4.9389
4.91224   4.93221
4.86867   4.92164
4.8888   4.91198
4.88953   4.9066
4.89592   4.887
4.875   4.87136
4.8703   4.87162
4.87821   4.84764
4.88718   4.84347
4.88646   4.84101
4.88207   4.84032
4.89464   4.85102
4.86255   4.86573
4.84272   4.85364
4.81805   4.83969
4.78801   4.83048
4.74483   4.80937
4.77022   4.78406
4.79692   4.7572
4.80919   4.75092
4.81526   4.71523
4.82349   4.68636
4.82579   4.6552
4.80039   4.63718
4.78899   4.60874
4.77956   4.61522
4.78729   4.60741
4.73331   4.59229
4.70036   4.56522
4.6606   4.54872
4.62976   4.53459
4.61442   4.51223
4.58565   4.48251
4.56953   4.45025
4.54834   4.39652
4.50873   4.37483
4.51187   4.34816
4.48001   4.32664
4.44141   4.31364
4.3991   4.30067
4.35886   4.27102
4.38527   4.23096
4.40875   4.19561
4.41749   4.15381
4.40822   4.13579
4.38607   4.14724
4.37609   4.16196
4.37509   4.16903
4.37539   4.16944
4.35178   4.16793
4.33359   4.16604
4.31777   4.16693
4.31357   4.16087
4.31419   4.15489
4.3087   4.10872
4.30016   4.06185
4.27358   4.00971
4.25606   3.96107
4.24099   3.94412
4.22496   3.92901
4.20141   3.933
4.18183   3.9771
4.18678   3.96406
4.17384   3.94711
4.16436   3.92846
4.14782   3.91742
4.14478   3.91442
4.14626   3.92196
4.15086   3.90838
4.14374   3.8954
4.13575   3.87842
4.12468   3.86339
4.11177   3.84731
4.08975   3.83227
4.06764   3.82234
4.04964   3.80526
4.03063   3.78928
4.00761   3.7753
3.97755   3.77525
3.94858   3.78932
3.92955   3.78889
3.92056   3.77325
3.91754   3.75333
3.91356   3.7302
3.90656   3.71018
3.89949   3.69121
3.89595   3.676
3.89354   3.65016
3.88954   3.64412
3.88047   3.63719
3.86848   3.63219
3.86909   3.62317
3.86348   3.62419
3.86049   3.62519
3.85744   3.6182
3.85853   3.61106
3.86148   3.60317
3.86848   3.58518
3.86948   3.57416
3.87048   3.58316
3.87553   3.59014
3.87647   3.59715
3.87947   3.59518
3.87347   3.60015
3.86948   3.6062
3.86248   3.61316
3.85849   3.6172
3.85045   3.62719
3.84546   3.63319
3.84417   3.63812
3.83352   3.64521
3.83352   3.64721
3.83147   3.64919
3.83303   3.64101
3.82952   3.63819
3.82847   3.64007
3.83097   3.64101
3.83152   3.63319
3.82718   3.62609
3.8195   3.6131
3.8152   3.61788
3.80449   3.6172
3.79698   3.62801
3.78349   3.63422
3.7782   3.64012
3.78601   3.62401
3.79698   3.60417
3.80397   3.62617
3.79159   3.65983
3.75002   3.69322
3.76998   3.69222
3.77348   3.69125
3.76998   3.69122
3.76136   3.69125
3.75546   3.69325
3.74346   3.69525
3.73039   3.698
3.71747   3.70014
3.71045   3.70319
3.70437   3.705
3.70699   3.69725
3.70499   3.69825
3.69438   3.706
3.68744   3.71123
3.69429   3.71524
3.71198   3.711
3.73599   3.699
3.761   3.68725
3.78102   3.68722
3.7694   3.689
3.76348   3.68117
3.75048   3.68012
3.74642   3.6722
3.73848   3.67513
3.73647   3.67223
3.73738   3.672
3.72747   3.67213
3.71341   3.6812
3.70042   3.6882
3.71404   3.6952
3.72036   3.70918
3.72594   3.72526
3.72647   3.73526
3.72848   3.74519
3.72601   3.761
3.70741   3.77914
3.71105   3.782
3.70847   3.78427
3.71404   3.786
3.71703   3.78427
3.71844   3.785
3.72701   3.783
3.72839   3.78019
3.73399   3.77927
3.73805   3.78
3.73543   3.77427
3.73243   3.76715
3.72739   3.761
3.72247   3.75528
3.71947   3.74726
3.71045   3.74219
3.70037   3.736
3.69238   3.729
3.68639   3.719
3.69628   3.70727
3.72434   3.704
3.73648   3.698
3.71047   3.69425
3.7164   3.689
3.72044   3.68416
3.72509   3.68123
3.7184   3.689
3.71847   3.69125
3.71247   3.69925
3.71545   3.69914
3.71041   3.70025
3.70647   3.70219
3.70841   3.70324
3.71241   3.70424
3.71141   3.70627
3.70847   3.70818
3.71005   3.709
3.71112   3.708
3.71048   3.70624
3.71249   3.70624
3.71145   3.70724
3.71049   3.70813
3.69949   3.71022
3.68949   3.71222
3.67947   3.71224
3.67646   3.71622
3.6764   3.71827
3.67546   3.72017
3.68013   3.71824
3.67847   3.71824
3.68405   3.71827
3.68146   3.72122
3.68243   3.72416
3.68447   3.72524
3.68947   3.72524
3.68939   3.72821
3.68546   3.72921
3.68243   3.73026
3.67847   3.73315
3.69103   3.73126
3.70641   3.72626
3.71744   3.72526
3.72048   3.72526
3.72348   3.72616
3.70949   3.72624
3.69849   3.72224
3.70214   3.721
3.71045   3.71527
3.71545   3.71227
3.71545   3.714
3.71545   3.71318
3.69422   3.71124
3.66847   3.709
3.66716   3.70122
3.67321   3.698
3.67046   3.7002
3.65841   3.72224
3.67813   3.714
3.69509   3.708
3.69547   3.70624
3.69602   3.709
3.69203   3.70824
3.68348   3.709
3.67748   3.71
3.69216   3.711
3.70307   3.711
3.70912   3.71
3.71012   3.712
3.70446   3.712
3.69749   3.71024
3.69549   3.71124
3.69442   3.713
3.68947   3.71218
3.68144   3.713
3.67047   3.71224
3.66417   3.71624
3.66145   3.71827
3.66945   3.72126
3.69616   3.725
3.70919   3.723
3.72323   3.72
3.72952   3.71817
3.72348   3.72327
3.71948   3.72721
3.7145   3.72826
3.71049   3.7332
3.70849   3.73425
3.70845   3.73229
3.71045   3.7332
3.71511   3.735
3.71518   3.73323
3.71348   3.73326
3.7201   3.736
3.72608   3.73326
3.72748   3.73426
3.73613   3.736
3.74112   3.73423
3.73643   3.7372
3.73647   3.737
3.73547   3.73526
3.73547   3.736
3.7355   3.73315
3.7285   3.73223
3.72744   3.729
3.73307   3.71827
3.72244   3.722
3.71645   3.721
3.72017   3.71924
3.71853   3.72316
3.72353   3.72024
3.72915   3.72026
3.72848   3.72222
3.73321   3.72024
3.7325   3.72122
3.73713   3.722
3.72943   3.722
3.72448   3.71729
3.71944   3.71629
3.7181   3.71327
3.70745   3.71427
3.69249   3.71627
3.68348   3.71817
3.69542   3.71727
3.70646   3.71817
3.71348   3.71817
3.71045   3.719
3.70645   3.71817
3.70249   3.72022
3.70214   3.719
3.69646   3.71817
3.69546   3.71817
3.70155   3.717
3.7535   3.71717
3.78621   3.72122
3.78156   3.72416
3.78356   3.72624
3.79519   3.72624
3.80054   3.72726
3.80953   3.72721
3.81857   3.72526
3.81857   3.72724
3.82356   3.72624
3.8306   3.72616
3.84015   3.726
3.83155   3.727
3.82419   3.727
3.81157   3.72526
3.80056   3.72821
3.78655   3.73129
3.79255   3.729
3.80118   3.723
3.80154   3.72126
3.80558   3.72
3.80923   3.71824
3.80554   3.72026
3.80454   3.72322
3.81153   3.718
3.82918   3.70224
3.83755   3.6932
3.82538   3.69325
3.80017   3.69325
3.78217   3.69225
3.76217   3.69222
3.74518   3.694
3.74724   3.69225
3.74653   3.69225
3.74954   3.69125
3.75153   3.69125
3.75355   3.69215
3.7632   3.693
3.76653   3.6932
3.77461   3.6932
3.7796   3.69325
3.7836   3.69814
