63.9114
65.1658
65.2868
65.3842
64.4991
63.599
62.7
62.7844
62.8872
62.9908
63.0946
62.7593
61.881
61.0027
60.6677
60.3948
60.1982
60.0558
59.9266
59.8114
59.6882
59.5609
59.4299
59.2748
59.028
58.1583
57.8059
57.5303
57.3605
57.2325
57.1282
57.0449
56.9778
56.9187
56.856
56.7808
56.6829
56.5354
56.3092
55.4334
55.001
54.7363
54.5847
54.4632
54.342
54.2088
54.0718
53.8992
53.7068
53.5127
53.275
53.0018
52.6614
52.3281
51.9174
51.059
50.1965
49.3469
49.0493
48.8224
48.5477
48.3751
48.1915
47.9787
47.7355
46.874
46.4449
46.1472
45.9537
45.7972
45.6573
45.5432
45.4271
45.29
45.1357
44.9155
44.4995
43.6343
43.3049
43.0615
42.8461
42.6267
42.4097
42.1574
41.8372
40.9809
40.1197
39.2587
38.4011
37.993
37.1502
36.3044
35.4579
34.6095
34.2072
33.8915
33.0292
32.6007
32.3031
32.0555
31.7855
31.5509
31.3145
31.1251
30.9359
30.7725
30.6107
30.4723
30.3276
30.18
30.0554
29.9319
29.8193
29.71
29.6112
29.5169
29.4474
29.3897
29.3576
29.3405
29.298
29.2486
29.1851
29.0999
29.0043
28.8988
28.7599
28.6199
28.4737
28.3114
28.1569
28.034
27.9533
27.9058
27.886
27.8999
27.9772
28.0933
28.2733
28.5045
28.632
28.7171
28.7713
28.8049
28.821
28.825
28.815
28.7997
28.7734
28.7368
28.6883
28.6522
28.6373
28.6404
28.6598
28.6871
28.7338
28.7825
28.8378
28.8834
28.9198
28.9447
28.9614
28.9701
28.9708
28.9648
28.9505
28.9298
28.8944
28.8472
28.7891
28.7253
28.6656
28.611
28.5609
28.5372
28.5289
28.5263
28.5378
28.5506
28.5577
28.5677
28.5868
28.6103
28.6389
28.6589
28.6761
28.6909
28.6971
28.6947
28.6889
28.6766
28.6374
28.5885
28.5516
28.5442
28.5424
28.5455
28.556
28.577
28.6036
28.6313
28.6606
28.6816
28.7032
28.7266
28.7528
28.7831
28.8184
28.854
28.8918
28.9162
28.9234
28.9237
28.9138
28.892
28.8559
28.8043
28.7471
28.6813
28.6072
28.5402
28.4869
28.4488
28.4273
28.4216
28.4329
28.4597
28.5018
28.5614
28.632
28.6908
28.7279
28.7545
28.7729
28.783
28.789
28.7904
28.79
28.7827
28.7734
28.7667
28.7653
28.7677
28.7729
28.776
28.7716
28.763
28.7505
28.7434
28.7372
28.7284
28.7128
28.6896
28.6576
28.623
28.5903
28.5508
28.5028
28.4369
28.3802
28.3349
28.3084
28.2989
28.3001
28.3055
28.3136
28.3265
28.3467
28.3758
28.3985
28.4165
28.432
28.4434
28.4585
28.4803
28.5044
28.5261
28.5447
28.5537
28.5745
28.6038
28.6348
28.6688
28.6886
28.694
28.6929
28.6932
28.6884
28.6888
28.6769
28.6559
28.6299
28.6011
28.5828
28.5873
28.6075
28.6371
28.6787
28.721
28.7664
28.8154
28.8568
28.8963
28.926
28.9401
28.9498
28.9576
28.961
28.9627
28.9639
28.9628
28.9683
28.9766
28.9902
29.0099
29.0218
29.0167
28.9821
28.9247
28.8733
28.8309
28.7954
28.7679
28.7441
28.7259
28.7163
28.7125
28.7191
28.7346
28.7467
28.7494
28.7374
28.7122
28.6725
28.6113
28.498
28.3543
28.1538
27.9062
27.7687
27.6798
27.6248
27.5939
27.5834
27.5904
27.6175
27.6529
27.6985
27.7624
27.8354
27.8912
27.9539
28.0272
28.1135
28.2119
28.3207
28.4848
28.7409
29.1438
30.0176
30.4551
30.889
31.3259
32.2181
32.5784
32.7985
32.9662
33.1024
33.2078
33.2861
33.3389
33.3762
33.4021
33.4237
33.4484
33.4824
33.5258
33.5811
33.6675
33.7902
33.9845
34.312
35.1803
35.5168
35.7984
36.0092
36.1799
36.3443
36.4921
36.6056
36.7356
36.895
37.0698
37.2936
37.5233
37.9213
38.3281
39.1867
40.0516
40.9178
41.7879
42.2096
43.0864
43.9677
44.8448
45.7176
46.5849
47.4456
48.3046
48.7091
49.5678
50.4487
51.327
52.2095
53.0967
53.989
54.8856
55.7895
56.6993
57.6143
58.5264
59.4283
60.3252
61.2178
62.1043
62.9836
63.8536
64.7082
65.5463
66.3754
66.7656
67.6208
68.4946
69.3704
70.2514
71.1339
72.0197
72.9088
73.8038
74.6973
75.5886
76.4782
77.3675
78.261
79.157
80.0587
80.9647
81.874
82.7792
83.685
84.5907
85.4966
86.4015
86.8538
87.2959
88.183
88.5336
88.8698
89.2944
89.715
90.1328
90.5447
91.4036
92.2685
93.1359
94.008
94.8839
95.7591
96.6288
97.4996
98.3705
99.242
100.115
100.533
100.934
101.781
102.633
103.031
103.879
104.282
105.125
105.972
106.814
107.212
108.065
108.927
109.788
110.651
111.51
112.373
112.788
113.069
113.323
113.6
113.908
114.138
114.365
114.551
114.74
114.964
115.261
115.57
116.421
117.291
117.638
118.517
119.405
120.295
121.185
122.075
122.967
123.852
124.194
125.057
125.921
126.781
127.031
127.352
127.684
128.023
128.452
128.752
129.186
129.542
129.9
130.802
131.717
132.629
133.536
134.44
135.349
135.726
136.096
136.393
136.639
136.872
137.097
137.296
137.476
137.683
137.899
138.151
138.372
138.597
138.939
139.273
140.135
140.455
141.283
142.104
142.935
143.754
144.019
144.253
144.474
144.593
144.638
144.551
144.331
143.653
143.463
143.302
143.169
142.628
142.621
142.844
143.575
144.348
145.147
145.964
146.798
147.644
148.496
149.349
150.195
151.028
151.399
151.743
152.515
152.73
152.956
153.498
153.056
153.587
154.179
154.839
155.534
156.237
156.955
157.702
158.42
159.107
159.768
160.392
161.016
161.028
161.48
161.037
161.029
160.577
160.118
160.023
160.022
159.57
159.562
159.562
159.562
159.562
159.562
160.013
159.57
159.562
159.562
159.562
159.11
159.102
159.102
159.102
159.102
159.102
158.651
158.643
158.642
158.642
158.642
158.105
158.095
158.095
158.095
158.095
158.546
158.554
158.554
158.554
158.017
157.469
157.459
157.459
157.459
156.921
156.911
156.373
155.912
155.904
155.903
155.903
155.452
155.444
155.444
155.444
155.444
155.444
155.444
155.895
156.355
156.363
156.45
156.99
157.451
157.372
157.283
157.12
156.506
156.043
156.035
155.496
155.486
155.486
155.486
155.486
155.486
155.486
155.486
155.937
156.396
156.405
156.405
156.856
156.864
157.316
156.873
156.865
156.864
157.316
157.324
157.324
157.324
157.324
157.324
157.324
157.776
158.368
158.539
159.126
159.136
159.165
159.195
159.196
159.195
159.116
158.953
158.767
158.047
157.344
157.22
156.569
155.946
155.324
154.775
154.766
154.765
154.228
154.756
154.765
154.766
154.229
154.83
154.841
154.843
154.843
154.684
154.653
154.492
154.415
154.32
153.779
153.231
152.769
152.222
151.761
151.753
152.291
152.839
152.923
153.587
154.272
154.968
155.691
156.438
156.618
156.86
157.062
157.288
157.503
157.507
157.594
157.144
157.674
157.684
157.684
157.146
157.136
157.674
158.222
158.77
159.392
159.585
160.261
160.947
161.181
161.819
162.442
163.036
163.586
164.134
164.595
164.066
164.056
164.056
164.056
164.056
164.056
164.056
164.056
164.056
164.056
164.508
164.967
164.975
165.514
165.437
165.435
165.349
164.81
164.262
164.252
163.713
163.165
163.155
163.155
163.155
163.155
163.155
163.155
163.155
163.155
162.704
162.609
162.608
163.059
163.518
164.065
164.075
164.526
164.083
164.075
164.075
164.075
164.075
164.075
164.526
164.534
164.535
164.535
164.986
164.994
164.994
164.994
164.994
164.543
164.535
163.997
163.448
162.827
162.204
162.191
161.652
161.19
160.643
160.182
159.721
159.713
159.261
158.801
159.331
159.426
159.428
159.428
159.428
159.966
159.976
160.514
160.975
160.984
160.984
160.533
160.976
160.984
160.984
160.984
160.984
160.446
160.436
160.436
160.436
160.436
160.888
160.896
160.896
161.434
161.982
162.066
162.68
163.142
162.613
162.53
161.945
161.396
160.847
160.299
159.838
159.83
159.83
159.83
159.83
159.83
159.83
159.83
159.378
158.832
158.734
158.121
157.498
156.813
156.127
155.409
154.691
153.995
153.334
152.673
152.049
151.426
151.328
151.326
151.865
152.458
153.052
153.261
153.915
154.618
155.329
156.063
156.793
157.496
158.158
158.818
159.441
160.064
160.074
160.074
160.074
160.612
160.084
160.075
160.074
160.611
160.621
161.159
161.706
162.253
162.874
162.959
163.571
163.657
163.754
163.757
163.683
163.523
163.425
163.29
162.704
162.155
161.692
162.223
161.78
161.32
160.86
160.852
160.851
161.39
161.851
161.859
162.311
162.771
163.317
163.778
164.238
163.794
163.786
163.786
163.786
163.248
163.238
163.238
163.238
162.7
163.141
163.149
163.149
163.15
162.699
162.24
161.693
161.145
160.523
159.9
159.815
159.202
158.541
157.918
157.295
156.701
156.69
156.078
156.067
156.067
156.067
156.067
156.067
156.067
156.605
156.077
156.605
157.152
157.7
157.172
157.163
157.25
156.714
156.166
155.573
155.562
155.024
155.014
154.563
155.005
155.464
156.011
156.021
156.021
155.57
155.562
155.562
155.562
156.013
156.021
156.021
156.021
156.021
156.021
156.021
155.483
155.473
155.473
155.473
155.473
155.473
155.473
155.473
155.925
156.384
156.93
157.479
158.1
158.723
159.274
159.284
159.285
159.286
159.199
159.067
158.614
158.519
158.43
157.89
158.332
158.34
158.34
158.34
158.34
158.34
158.34
158.34
157.889
157.88
158.331
157.888
157.88
157.88
157.88
157.429
157.375
157.374
157.374
157.374
156.923
156.915
156.915
156.915
156.915
156.915
157.001
157.002
157.002
157.089
157.702
157.845
158.386
158.351
158.35
158.19
158.187
157.648
157.101
156.64
156.094
155.633
155.086
155.528
156.074
156.623
157.244
157.867
158.553
159.239
159.956
160.674
161.37
162.031
162.693
163.316
163.939
164.489
164.499
164.499
164.499
164.048
164.491
164.499
164.499
164.499
164.499
164.499
164.499
164.499
164.499
164.499
164.499
165.037
164.508
164.499
164.498
165.036
165.046
165.046
164.594
164.586
164.586
164.134
163.674
163.666
164.204
164.213
164.751
165.298
165.846
166.467
167.09
167.735
168.331
168.925
169.023
169.026
168.443
168.433
168.347
168.214
168.211
167.759
167.213
166.752
167.195
166.752
166.744
166.744
166.744
166.206
166.648
166.656
166.656
167.195
167.742
167.752
167.301
167.292
167.379
167.38
167.381
167.381
167.832
168.291
168.75
169.296
169.845
170.466
171.089
171.712
172.335
172.996
173.081
173.112
173.083
172.409
172.318
171.595
170.866
170.155
169.468
168.765
168.103
167.479
167.468
167.468
166.93
166.92
167.458
168.006
168.016
168.103
168.104
168.149
167.612
167.558
166.908
166.698
165.99
165.286
164.589
163.944
163.32
163.126
162.584
161.991
161.441
160.98
160.971
160.971
160.519
160.511
160.511
160.511
161.049
161.059
161.059
161.059
160.607
160.599
160.148
160.14
160.14
160.14
160.14
160.14
160.14
160.14
160.14
160.678
161.139
161.685
162.233
162.375
162.291
162.289
162.216
162.141
161.449
160.745
160.022
159.283
158.545
157.827
157.14
156.516
156.345
155.731
155.72
156.171
156.179
156.179
156.179
156.63
157.221
156.694
156.146
155.525
155.354
154.702
154.041
153.33
152.627
151.94
151.706
151.029
150.404
150.233
149.691
150.133
150.141
150.724
151.273
151.895
151.906
152.445
152.993
153.454
154
154.461
155.008
155.017
155.018
154.479
154.47
154.469
154.469
154.469
154.469
154.469
154.469
154.469
154.469
154.018
153.558
153.549
153.097
153.089
153.089
153.54
153.548
153.548
153.096
152.636
152.628
152.628
152.628
152.628
152.628
152.628
152.177
152.169
152.707
152.717
152.717
152.717
152.717
152.717
152.631
152.629
152.091
152.533
152.454
151.915
151.293
150.744
150.196
149.735
149.726
149.726
149.726
149.726
149.275
149.267
149.718
150.178
150.769
151.231
151.778
152.371
152.381
152.833
153.379
153.841
153.311
153.753
153.31
152.764
152.216
152.744
152.754
152.216
152.206
152.206
152.206
152.206
152.658
152.666
153.118
153.126
153.126
153.126
153.126
153.126
152.588
152.578
152.578
152.127
152.119
152.118
151.667
151.658
152.196
152.789
152.96
153.636
154.34
155.073
155.351
155.602
155.829
155.941
156.009
156.038
155.944
155.279
155.131
154.455
153.831
153.282
153.185
153.097
153.096
153.096
153.634
154.227
154.886
155.547
156.264
156.969
157.127
157.152
157.115
157.075
156.965
156.872
156.684
156.393
155.671
154.953
154.729
154.112
153.517
152.968
152.419
151.87
151.408
150.948
151.392
151.4
151.851
151.859
151.859
151.859
151.859
151.32
150.859
150.4
149.852
149.391
148.845
148.384
148.375
148.826
149.373
149.921
150.542
151.166
151.868
152.571
153.295
154.034
154.772
155.49
155.639
155.715
155.716
155.745
155.134
154.474
153.85
153.301
152.753
152.205
152.195
152.733
153.281
153.903
154.525
155.185
155.846
156.019
156.713
156.787
156.851
156.852
156.773
156.65
156.446
155.696
154.917
154.169
153.416
152.691
151.967
151.292
150.63
150.006
149.457
149.447
148.908
148.448
148.439
148.978
148.404
147.745
147.05
146.333
145.583
144.82
144.06
143.289
142.541
142.258
142
141.304
141.111
140.524
140.062
140.054
140.054
140.054
139.967
140.418
140.426
139.975
139.966
139.515
139.507
139.055
139.047
138.435
137.885
137.875
137.423
137.415
137.415
137.415
137.953
137.963
138.501
137.972
138.501
139.048
139.67
140.22
140.317
140.769
140.778
140.778
140.326
139.779
139.769
139.23
138.682
138.134
138.124
138.124
138.124
137.673
137.214
137.205
137.205
136.754
137.284
137.294
137.745
138.291
138.839
138.849
138.849
139.387
139.397
139.397
139.397
138.946
138.938
138.938
138.938
138.938
138.938
138.938
138.938
138.938
139.476
139.485
139.485
139.937
139.945
139.945
140.397
140.405
140.405
139.954
139.859
139.858
139.858
139.858
140.309
140.769
141.229
141.821
142.414
143.009
143.653
144.327
144.562
145.24
145.864
146.413
146.961
147.508
148.056
148.603
148.162
148.154
148.154
148.154
148.154
148.154
148.692
149.312
149.973
150.658
151.319
151.552
152.282
153.035
153.765
154.483
155.159
155.784
156.379
156.928
157.026
157.115
157.117
157.569
157.577
157.039
157.029
157.029
157.029
156.492
156.482
157.021
157.482
157.942
158.489
158.95
159.045
159.498
159.506
159.506
159.506
158.968
158.42
157.799
157.25
156.702
156.692
156.24
155.781
155.322
155.852
156.399
157.021
157.615
158.237
158.446
159.062
159.611
160.159
160.168
159.557
158.896
158.222
157.518
156.79
156.085
155.374
155.236
154.56
154.526
154.525
154.747
154.991
155.277
156.023
156.782
157.562
157.858
158.151
158.868
159.14
159.357
159.558
159.722
160.264
160.274
160.361
160.275
160.273
160.273
160.856
161.516
162.211
162.928
163.678
164.441
165.201
165.972
166.72
167.454
168.173
168.877
169.523
170.117
170.579
170.587
170.588
170.588
170.675
170.676
170.676
170.676
170.676
171.128
171.136
171.587
172.047
172.667
173.217
173.226
173.227
173.227
173.227
172.776
172.768
172.767
172.767
172.767
172.229
171.769
171.222
171.212
171.664
171.672
171.672
171.672
171.585
172.123
172.584
173.131
173.679
174.228
174.238
174.238
174.238
174.689
175.148
175.156
175.156
175.608
175.616
175.616
175.616
175.616
175.164
174.704
174.696
174.696
174.696
174.696
174.243
174.686
174.694
174.694
174.242
174.234
174.234
173.781
173.321
172.774
172.764
172.764
172.226
172.216
172.216
172.216
172.216
172.216
172.216
172.668
173.214
173.223
173.224
172.685
172.138
171.59
170.968
170.346
169.686
169.011
168.388
167.765
167.594
167.052
166.506
165.958
165.41
165.4
165.4
165.4
165.851
165.859
165.859
165.859
165.322
164.774
164.153
163.604
162.983
162.36
161.811
161.715
161.175
160.627
160.617
160.617
160.617
160.617
160.617
160.617
161.068
161.528
161.988
161.996
161.996
162.534
162.544
162.544
162.092
162.622
162.631
162.18
162.172
162.172
161.72
161.261
161.704
161.712
161.712
161.712
161.712
162.25
162.798
163.419
163.517
164.057
164.067
164.518
164.526
164.977
164.985
164.534
163.999
163.463
162.855
162.633
161.951
161.204
160.441
160.191
160.009
159.852
159.698
159.565
159.451
159.31
159.173
159
158.836
158.632
158.407
158.023
157.637
157.253
156.419
155.578
154.738
154.351
153.974
153.147
152.765
152.392
152.021
151.651
150.833
150.007
149.635
149.358
148.547
147.728
146.912
146.097
145.285
144.474
143.665
142.858
142.053
141.251
140.45
139.651
138.856
138.062
137.273
136.483
135.698
134.913
134.133
133.355
133.031
132.267
131.498
131.184
130.429
129.667
128.912
128.161
127.414
126.668
125.926
125.19
124.911
124.195
123.465
123.2
122.499
121.791
121.092
120.932
120.791
120.564
120.423
119.758
119.084
118.446
117.808
117.171
117.099
116.499
115.891
115.282
114.716
114.236
113.672
113.192
112.713
112.234
111.755
111.277
111.268
111.268
111.268
111.268
111.268
111.268
111.72
112.18
112.188
112.188
112.188
111.718
111.692
111.222
111.213
111.213
111.195
110.725
110.246
110.135
110.114
110.098
109.5
108.891
108.821
108.193
107.556
106.919
106.281
105.623
104.949
104.274
103.587
102.899
102.2
102.039
101.879
101.719
101.624
101.522
101.453
101.391
101.279
101.16
101.036
100.839
100.635
100.428
100.217
99.4643
98.6987
97.9296
97.1576
96.3826
95.605
94.8248
94.5796
94.3423
94.1742
93.9317
93.7596
93.5868
93.3389
93.0866
92.8327
92.5768
91.7813
90.9732
90.1623
89.3499
88.5362
87.7202
86.9018
86.0813
85.2596
84.4358
83.611
82.7843
81.9557
81.1262
80.7463
79.9208
79.0864
78.7014
77.872
77.0324
76.6431
76.2603
75.4249
74.5795
73.7328
72.8853
72.0369
71.1875
70.3372
69.4903
69.0974
68.2639
67.4296
66.6055
66.2443
65.4455
64.6587
64.3544
64.1747
64.0299
64.0357
64.233
64.9151
65.6621
66.4247
67.2134
68.0165
68.8343
69.6629
70.4991
71.3415
72.1871
73.0357
73.8845
74.7344
75.5834
76.4317
77.2787
78.1243
78.9681
79.8106
80.6518
81.4916
82.3299
83.1667
84.0021
84.8358
85.6679
86.4983
87.3278
88.1546
88.9804
89.8042
90.627
91.4477
92.2672
93.0834
93.8983
94.7107
95.5217
96.3301
97.137
97.9423
98.7447
99.5453
99.8931
100.68
101.474
102.263
103.053
103.838
104.623
105.403
106.181
106.956
107.728
108.497
109.263
110.026
110.788
111.544
112.295
113.041
113.787
114.529
115.265
115.996
116.248
116.969
117.13
117.356
117.5
117.632
117.765
118.443
118.658
119.337
120.012
120.686
121.325
121.962
122.128
122.257
122.385
122.985
123.594
124.159
124.64
125.203
125.684
126.163
126.641
127.12
127.599
127.608
127.069
126.521
125.973
125.425
124.803
124.209
123.549
122.904
122.281
121.658
121.505
121.434
121.902
121.46
121.452
121.922
122.4
122.879
122.904
123.375
123.938
124.546
125.155
125.764
126.401
127.038
127.676
128.314
128.972
129.646
130.32
131.008
131.696
132.394
133.093
133.801
134.51
135.226
135.499
136.221
136.505
136.782
137.515
138.261
139.008
139.22
139.427
139.638
139.852
140.07
140.378
141.141
141.916
142.694
143.474
144.257
145.042
145.831
146.622
147.416
147.76
148.549
149.349
150.152
150.955
151.222
151.483
151.745
152.097
152.451
152.808
153.167
153.979
154.35
155.165
155.99
156.817
157.645
158.475
158.855
159.229
160.056
160.353
160.643
160.89
161.108
161.328
161.511
161.695
161.947
162.172
162.471
162.772
163.074
163.46
163.845
164.678
165.513
166.337
167.149
167.956
168.743
169.048
169.143
169.179
169.097
168.886
168.191
167.473
166.735
166.005
165.271
164.596
163.934
163.31
162.761
162.213
162.203
162.202
162.202
162.202
161.751
161.743
161.743
161.205
161.195
161.195
161.195
161.195
161.195
160.657
160.647
160.647
160.647
160.647
160.647
160.647
160.647
160.647
160.647
160.647
160.647
160.108
159.648
159.056
158.396
157.735
157.04
156.317
155.578
155.283
154.561
153.843
153.147
152.485
151.891
151.268
150.806
150.797
150.797
150.797
150.797
150.346
149.8
149.252
148.659
147.986
147.282
146.559
145.82
145.07
144.319
144.073
143.385
143.28
143.138
143.153
143.171
143.728
143.287
143.213
143.211
143.211
142.673
142.663
142.125
142.049
141.981
141.84
141.205
140.544
139.92
139.26
138.709
138.161
137.613
137.152
136.693
136.684
136.684
137.223
137.32
137.86
138.408
139.029
139.173
139.824
140.469
141.092
141.177
141.79
142.34
142.35
142.263
142.261
141.81
141.802
141.802
142.34
142.35
142.35
141.899
141.891
141.891
141.352
140.804
140.183
139.538
138.878
138.167
137.449
136.72
135.991
135.286
134.6
133.939
133.277
132.727
133.168
132.725
133.168
133.627
133.635
133.636
133.185
133.264
133.265
133.353
133.354
133.354
133.267
132.653
132.031
131.481
131.471
131.471
131.471
131.471
131.02
131.012
131.463
131.471
131.471
131.471
131.471
132.009
132.557
132.567
132.48
132.391
132.229
132.044
131.367
131.223
130.638
130.015
129.466
128.917
128.457
128.448
128.448
128.448
128.986
129.535
130.127
130.299
130.463
130.576
130.689
130.662
130.625
130.513
130.387
130.218
129.975
129.748
129.094
128.471
127.848
127.298
127.288
127.288
127.739
128.359
129.003
129.688
129.762
129.806
129.838
129.853
129.849
129.823
129.72
129.606
129.463
129.253
129.076
128.368
127.664
127.04
126.417
126.856
126.864
126.865
126.952
126.342
125.719
125.003
124.273
123.535
123.299
122.525
121.732
120.936
120.143
119.377
118.611
117.892
117.174
116.499
115.875
115.413
115.943
116.403
116.994
117.654
118.315
118.559
119.275
120.013
120.76
120.951
121.659
121.904
122.558
122.614
123.227
123.689
123.697
123.698
123.698
123.159
122.927
122.763
122.573
122.415
122.323
122.251
122.191
122.164
122.171
122.234
122.358
123.043
123.705
123.877
123.968
124.508
123.979
123.882
124.419
123.977
123.97
124.508
123.979
123.896
123.895
123.895
123.968
124.151
124.265
124.428
124.542
124.339
124.071
123.788
123.42
123.055
122.247
121.439
120.635
120.308
119.64
119.628
118.929
118.611
117.832
117.097
116.472
116.999
116.346
115.55
114.705
114.371
113.493
113.043
112.143
111.239
110.339
109.447
108.563
108.142
107.289
106.439
106.137
105.867
105.677
105.468
105.251
105.066
104.877
104.691
104.501
104.284
104.047
103.783
103.518
103.146
102.235
101.767
100.856
99.9367
99.0169
98.0957
97.6232
97.1573
96.7762
96.3075
95.9238
95.5422
95.162
94.8566
94.5533
94.1779
93.2641
92.3422
91.4223
90.5048
90.0453
89.1509
88.2577
87.374
86.5003
85.6322
84.7739
83.9184
83.0588
82.7221
82.3836
82.0216
81.7186
81.4289
81.1746
80.8271
80.475
80.1502
79.7518
79.353
78.8679
78.3872
77.9143
76.9994
76.085
75.1792
74.2845
73.8508
73.4282
73.093
72.7522
72.4744
72.2269
71.967
71.7144
71.4995
71.2676
71.015
70.7368
70.419
70.0988
69.704
68.7685
67.8287
66.8943
65.9666
65.0471
64.1365
63.8458
63.6178
63.4342
63.3116
63.2491
63.1699
63.0757
62.9574
62.8156
62.661
62.4675
62.261
62.0394
61.7322
61.4242
60.5062
59.5832
58.6676
58.2108
57.9274
57.6502
57.4744
57.3078
57.1586
57.0359
56.9153
56.7932
56.6655
56.5312
56.3678
56.2013
55.9858
55.7701
55.5128
55.2055
54.7389
53.8256
52.9123
52.0051
51.1038
50.2081
49.7709
48.8907
48.0015
47.1045
46.7343
45.8231
45.3458
44.422
44.0253
43.0975
42.1579
41.2171
40.2748
39.3346
38.9373
38.6905
38.478
38.2975
38.1345
37.9871
37.8494
37.7186
37.5713
37.3973
37.1611
36.8295
35.9086
34.9722
34.4825
34.0019
33.0713
32.6724
32.2837
31.3579
30.8753
29.9521
29.0252
28.6466
28.3633
28.0145
27.6718
27.338
26.9209
26.5923
26.1759
25.8366
25.6932
25.6002
25.5155
25.4245
25.3245
25.2121
25.0927
24.9698
24.8234
24.5776
23.6753
23.4673
23.3369
23.2289
23.0786
22.8289
21.9537
21.7209
21.6124
21.5463
21.4986
21.4597
21.4287
21.4007
21.3649
21.3238
21.2771
21.2245
21.1614
21.0902
21.0101
20.9276
20.8277
20.7268
20.6715
20.639
20.6223
20.6153
20.6149
20.6168
20.6178
20.613
20.61
20.6078
20.6043
20.6001
20.5969
20.5946
20.5938
20.5956
20.6055
20.6304
20.6676
20.7141
20.7591
20.8005
20.8376
20.8706
20.9057
20.947
20.9811
21.0099
21.0223
21.027
21.0306
21.0297
21.0236
21.0114
20.9844
20.9369
20.8857
20.8205
20.7575
20.702
20.6607
20.6291
20.619
20.6212
20.6324
20.65
20.6678
20.6859
20.7047
20.7202
20.7325
20.7422
20.7448
20.7386
20.723
20.7002
20.6697
20.6328
20.5878
20.5467
20.5099
20.4797
20.4597
20.4476
20.4453
20.4456
20.448
20.4496
20.4507
20.4486
20.4482
20.4526
20.4605
20.4719
20.483
20.494
20.5049
20.5157
20.529
20.5468
20.5547
20.5422
20.5097
20.4282
20.3826
20.3685
20.3713
20.3856
20.4033
20.42
20.4395
20.4556
20.4755
20.4916
20.5038
20.5067
20.4996
20.4822
20.4578
20.4306
20.3954
20.3643
20.3266
20.3035
20.2913
20.2964
20.3165
20.348
20.3923
20.4473
20.5129
20.5892
20.659
20.7216
20.7847
20.8432
20.8954
20.9482
20.9964
21.043
21.0908
21.1412
21.2003
21.2821
21.3805
21.4953
21.6277
21.7649
21.9223
22.089
22.2579
22.4445
22.6477
22.845
23.0686
23.3741
23.7479
24.6568
25.5699
25.9445
26.2147
26.434
26.6239
26.788
26.9765
27.1989
27.4849
28.4099
29.3504
29.7519
30.0185
30.2329
30.427
30.5839
30.7467
30.9387
31.1899
31.5118
31.9549
32.3066
32.5047
32.6446
32.7573
32.8331
32.9068
33.0092
33.1548
33.352
33.7167
34.1757
34.5536
34.8228
35.0335
35.2007
35.3404
35.4895
35.6603
35.8625
36.2113
37.0958
37.9812
38.2441
38.446
38.5921
38.7076
38.8373
38.986
39.1556
39.3691
39.6011
39.9165
40.3075
40.698
41.1741
42.1005
43.0329
43.5122
43.8147
44.0884
44.3164
44.5213
44.7028
44.8614
45.0096
45.146
45.2839
45.4386
45.6232
45.8648
46.1685
47.0835
48.0078
48.3922
48.6416
48.8386
48.9971
49.1378
49.2534
49.3868
49.5211
49.6812
49.8659
50.0966
50.3684
50.6662
51.5406
52.4313
52.7878
53.6877
54.0643
54.3856
54.6746
54.9228
55.1429
55.3582
55.5559
55.771
56.0324
56.2899
56.5602
56.8532
57.76
58.1418
59.0546
59.977
60.8989
61.8238
62.213
62.5201
62.75
62.9351
63.0925
63.237
63.3585
63.4684
63.5681
63.6538
63.7428
63.8399
63.9466
64.0676
64.2031
64.3751
64.5986
64.9265
65.3041
66.2239
67.1582
67.4631
67.6531
67.8026
67.9279
68.0275
68.109
68.1739
68.2235
68.2576
68.2845
68.3086
68.3285
68.3585
68.4026
68.4622
68.5564
68.6934
68.9554
69.835
70.7283
71.0871
71.2846
71.4436
71.5707
71.6695
71.7546
71.8321
71.8999
71.9601
72.0083
72.0578
72.1083
72.1549
72.2005
72.2415
72.2784
72.3092
72.3321
72.3465
72.3643
72.3779
72.3893
72.4045
72.4193
72.4643
72.5262
72.6067
72.7184
73.0277
73.1613
73.2423
73.2872
73.2978
73.2903
73.2602
73.2045
73.1355
73.0561
72.9598
72.8659
72.7561
72.6413
72.5274
72.4001
72.2599
72.1272
71.9656
71.7181
71.398
70.5311
69.6509
69.3079
69.067
68.8754
68.7106
68.5723
68.4145
68.225
67.9749
67.0965
66.2085
65.8578
65.6409
65.4748
65.3283
65.2172
65.0925
64.9321
64.7035
64.3879
63.9388
63.5748
63.3576
63.1899
63.0459
62.9387
62.8428
62.7358
62.6066
62.4614
62.1626
61.7802
61.4935
61.3267
61.2167
61.1285
61.0447
60.9355
60.791
60.5922
60.2344
59.3315
58.4147
58.1063
57.8709
57.7054
57.5874
57.4689
57.347
57.2263
57.068
56.8988
56.6525
56.3355
56.0131
55.5949
54.7143
53.8196
53.3694
53.0844
52.8222
52.5984
52.3909
52.2063
52.0444
51.8924
51.752
51.6099
51.4529
51.2716
51.0375
50.7428
49.8374
48.9235
48.5504
48.3134
48.1315
47.9843
47.8314
47.6825
47.4957
47.2967
47.0709
46.8218
46.5273
46.1922
45.8251
44.8738
43.9147
43.4975
42.5558
42.1481
41.801
41.4924
41.2342
41.0204
40.8562
40.7999
41.4901
42.1518
42.3619
42.9986
43.6218
43.6331
44.1716
44.1813
43.7305
43.7223
43.7222
44.2606
44.8821
45.5846
46.3343
47.1132
47.9061
48.7231
49.5519
50.3896
51.2401
52.0827
52.9155
53.7315
54.5293
55.3128
56.0604
56.7569
57.3524
57.9014
57.9113
57.9115
58.5444
59.2962
60.0886
60.9022
61.7391
62.5916
63.4556
64.3294
65.2121
66.0939
66.0558
65.9758
65.8711
65.7467
65.5983
65.4114
65.1849
64.8336
63.8661
62.8856
62.4448
62.1714
61.9427
61.7532
61.5973
61.4625
61.342
61.2409
61.1589
61.106
61.0823
61.0502
61.0166
60.9783
60.9389
60.9004
60.8651
60.8329
60.804
60.765
60.7206
60.6718
60.6108
60.5406
60.4469
60.3409
60.2165
60.063
59.7132
59.5375
59.4147
59.3259
59.2652
59.2218
59.196
59.1799
59.1629
59.1423
59.1226
59.0924
59.0595
59.023
58.984
58.9404
58.8931
58.8409
58.7895
58.7414
58.6962
58.6653
58.6411
58.6201
58.6038
58.5932
58.5868
58.5866
58.581
58.568
58.5488
58.5175
58.4817
58.4453
58.4073
58.3677
58.3268
58.2859
58.2517
58.2252
58.2078
58.2022
58.1997
58.2006
58.202
58.2029
58.2027
58.1991
58.187
58.1635
58.1247
58.0584
57.9821
57.896
57.7998
57.6979
57.5987
57.5221
57.4667
57.4249
57.392
57.3787
57.3729
57.3732
57.377
57.3818
57.3847
57.3801
57.3685
57.3523
57.3241
57.2762
57.2242
57.1679
57.1083
57.0438
56.9826
56.9297
56.8851
56.8449
56.8155
56.7947
56.7801
56.7718
56.7677
56.7659
56.7646
56.7648
56.7666
56.768
56.7658
56.7612
56.7494
56.7322
56.7118
56.6909
56.67
56.649
56.6264
56.6092
56.6102
56.6219
56.645
56.6761
56.7118
56.7481
56.784
56.8179
56.8482
56.8731
56.8926
56.9076
56.9174
56.9211
56.9175
56.9047
56.8796
56.8368
56.7593
56.6098
55.6988
54.7759
54.306
53.3952
52.4789
51.5649
50.648
49.7268
49.2502
48.3252
47.3905
46.4535
45.5145
44.5737
43.6311
42.6866
41.7437
40.8028
39.8638
38.9261
37.9899
37.0564
36.1262
35.2001
34.2773
33.3549
32.4289
31.4993
30.5671
29.6334
28.6991
27.7609
26.8195
25.875
24.9286
23.9837
23.0403
22.0988
21.1593
20.2215
19.2838
18.351
18.3352
18.3571
18.3917
18.4315
18.4752
18.521
18.5683
18.6165
18.6664
18.7134
18.7548
18.7934
18.8309
18.8663
18.8992
18.9295
18.9563
18.9777
18.9906
18.9924
18.9705
18.9578
18.9503
18.9489
18.9519
18.9538
18.9545
18.9515
18.9423
18.9284
18.9106
18.8883
18.8639
18.8357
18.8043
18.7721
18.7351
18.6929
18.6497
18.6025
18.5549
18.5068
18.4575
18.4079
18.3564
18.3059
18.2646
18.2351
18.2111
18.1931
18.176
18.1602
18.1447
18.1301
18.1176
18.1082
18.0984
18.0842
18.0672
18.0443
18.0201
17.9951
17.9698
17.9433
17.9154
17.8831
17.8543
17.8321
17.8166
17.8063
17.7972
17.7884
17.7796
17.7713
17.7632
17.7573
17.7519
17.7452
17.733
17.7175
17.7015
17.6846
17.6669
17.649
17.6315
17.6126
17.5929
17.5741
17.5606
17.5487
17.5355
17.5222
17.5092
17.4949
17.4792
17.462
17.4453
17.4292
17.4089
17.3863
17.3653
17.3465
17.3306
17.3194
17.3117
17.3063
17.3001
17.2906
17.2864
17.2856
17.2833
17.2787
17.2716
17.2623
17.2519
17.2422
17.2343
17.2286
17.2194
17.2088
17.2006
17.1974
17.2044
17.2303
17.2654
17.3055
17.3486
17.3851
17.4088
17.4185
17.4186
17.4131
17.402
17.3836
17.3617
17.3364
17.3081
17.2771
17.2489
17.2243
17.2036
17.1842
17.1698
17.1651
17.165
17.1711
17.184
17.1994
17.2077
17.2094
17.2083
17.209
17.2114
17.2154
17.2204
17.2249
17.2255
17.2193
17.215
17.216
17.2214
17.2272
17.2314
17.2307
17.2311
17.2333
17.241
17.2569
17.2668
17.2732
17.2764
17.2771
17.2766
17.2778
17.2771
17.2742
17.2692
17.261
17.2536
17.2455
17.2372
17.2279
17.2179
17.2076
17.2015
17.1991
17.1998
17.2029
17.2085
17.2166
17.2259
17.2371
17.2493
17.2603
17.2695
17.2772
17.2831
17.2872
17.2879
17.2851
17.2782
17.2689
17.2586
17.2487
17.2395
17.2313
17.2236
17.2165
17.2139
17.2137
17.2155
17.2154
17.2125
17.2098
17.2066
17.2031
17.1992
17.1952
17.1887
17.1833
17.1768
17.1717
17.1697
17.1683
17.1682
17.169
17.172
17.1798
17.1947
17.2046
17.2137
17.2233
17.2327
17.2425
17.2525
17.2621
17.2711
17.2771
17.2766
17.2742
17.2715
17.268
17.2638
17.2587
17.2527
17.2462
17.2393
17.2325
17.232
17.2321
17.2308
17.2282
17.2248
17.2203
17.2151
17.2088
17.2009
17.1921
17.1792
17.1683
17.1595
17.1537
17.1512
17.1538
17.1605
17.1704
17.1842
17.2024
17.2257
17.242
17.2529
17.2584
17.2603
17.2591
17.2563
17.2522
17.2462
17.2381
17.2295
17.2207
17.2128
17.2061
17.2036
17.2066
17.2145
17.2225
17.2308
17.2393
17.2475
17.2587
17.2687
17.2777
17.2831
17.2846
17.2831
17.2827
17.2833
17.2851
17.2889
17.2892
17.2891
17.2883
17.2896
17.294
17.3027
17.3116
17.3177
17.3223
17.3243
17.3316
17.3379
17.3427
17.3463
17.3489
17.35
17.3491
17.3485
17.3477
17.3457
17.3374
17.3237
17.3045
17.2762
17.2331
17.1833
17.1289
17.0704
17.019
16.9859
16.9739
16.9725
16.9766
16.9849
16.9959
17.0095
17.0267
17.0473
17.0702
17.0912
17.109
17.1251
17.1402
17.153
17.1633
17.1704
17.171
17.1664
17.1614
17.1627
17.1677
17.1757
17.1815
17.1849
17.1856
17.184
17.1825
17.1817
17.1811
17.1764
17.1662
17.1467
17.1266
17.1079
17.0949
17.0872
17.0804
17.0722
17.0589
17.0512
17.0473
17.0513
17.0598
17.068
17.0735
17.0767
17.0803
17.0863
17.0961
17.1061
17.1166
17.1238
17.1247
17.125
17.1276
17.1318
17.1329
17.1258
17.112
17.0913
17.068
17.0435
17.0197
16.9957
16.97
16.9439
16.9192
16.8999
16.886
16.8823
16.8861
16.9013
16.9223
16.9516
16.9957
17.0437
17.0787
17.0954
17.109
17.1134
17.1159
17.1165
17.1199
17.1252
17.1297
17.1357
17.1439
17.1534
17.1578
17.1657
17.1702
17.1733
17.1724
17.1673
17.1598
17.1502
17.1382
17.126
17.1156
17.1021
17.0971
17.0948
17.0937
17.0943
17.0965
17.0994
17.1042
17.109
17.115
17.1252
17.1353
17.1441
17.1522
17.1592
17.1652
17.1709
17.1769
17.1827
17.1915
17.1957
17.2002
17.2071
17.2159
17.2267
17.2395
17.2528
17.2653
17.277
17.2819
17.2879
17.291
17.2912
17.2876
17.2792
17.2647
17.2462
17.2269
17.2075
17.1947
17.1838
17.179
17.1783
17.1815
17.1879
17.1966
17.2053
17.2125
17.2178
17.219
17.2178
17.2182
17.22
17.2232
17.2281
17.2364
17.2521
17.2864
17.3267
17.3593
17.3818
17.3869
17.3856
17.3807
17.3731
17.3639
17.3532
17.3375
17.3202
17.3045
17.2916
17.2855
17.2818
17.2819
17.2878
17.2924
17.2942
17.3009
17.3062
17.3043
17.2973
17.2811
17.2655
17.2506
17.2363
17.2287
17.2282
17.2335
17.243
17.2558
17.2706
17.2891
17.3074
17.324
17.3424
17.3533
17.3591
17.3619
17.3638
17.3683
17.378
17.3917
17.4067
17.424
17.4408
17.4581
17.4719
17.4809
17.4851
17.4821
17.4723
17.4566
17.4382
17.4183
17.3971
17.3728
17.3526
17.3394
17.3333
17.334
17.341
17.3547
17.3737
17.3935
17.4152
17.44
17.4666
17.4923
17.517
17.5408
17.5629
17.5836
17.6024
17.6199
17.6353
17.647
17.6552
17.6651
17.6743
17.6828
17.6915
17.6993
17.703
17.7074
17.7129
17.7196
17.7275
17.7331
17.7387
17.7442
17.7496
17.755
17.7623
17.7731
17.7866
17.7998
17.8132
17.8335
17.8616
17.895
17.9329
17.9749
18.02
18.0585
18.0936
18.1309
18.1685
18.2042
18.2341
18.259
18.277
18.2859
18.2814
18.2801
18.2788
18.2646
18.2465
18.2405
18.2534
18.2678
18.2866
18.3085
18.3329
18.3502
18.3617
18.3747
18.3898
18.4042
18.4178
18.4381
18.4592
18.4813
18.505
18.5325
18.5642
18.5937
18.6209
18.6484
18.6724
18.6918
18.7107
18.7283
18.7456
18.7634
18.7812
18.798
18.8136
18.832
18.8526
18.8745
18.897
18.9204
18.9442
18.9668
18.9895
19.0131
19.0365
19.0571
19.0811
19.104
19.1296
19.1593
19.1927
19.2335
19.2798
19.3327
19.3971
19.465
19.5243
19.5815
19.6312
19.6742
19.7124
19.7449
19.7721
19.7957
19.8144
19.8348
19.8573
19.8758
19.8939
19.919
19.9531
19.996
20.0513
20.1179
20.1961
20.2632
20.324
20.3819
20.437
20.4845
20.5209
20.5481
20.5652
20.5699
20.5614
20.5424
20.5225
20.5157
20.5232
20.5519
20.5996
20.6612
20.736
20.8266
20.9273
21.0282
21.1272
21.2201
21.3059
21.3838
21.4516
21.5094
21.5547
21.5924
21.6245
21.6482
21.6792
21.7202
21.7689
21.8237
21.8835
21.9487
22.0186
22.0857
22.1506
22.2121
22.264
22.3127
22.3615
22.4108
22.4592
22.5056
22.5487
22.5971
22.6486
22.7045
22.7673
22.8264
22.8756
22.9161
22.9563
22.9956
23.0351
23.0747
23.1155
23.157
23.1969
23.2481
23.3133
23.3913
23.4792
23.5822
23.7033
23.8589
24.0577
24.364
25.2815
25.6244
25.8288
25.9527
26.0334
26.0895
26.1263
26.1498
26.1619
26.1653
26.1611
26.1471
26.1372
26.1295
26.1292
26.1321
26.1392
26.1518
26.1711
26.1977
26.238
26.3022
26.3709
26.4437
26.519
26.5941
26.6727
26.7543
26.8382
26.9255
27.0123
27.0979
27.1829
27.2661
27.3494
27.4336
27.5148
27.5959
27.6755
27.7526
27.8318
27.9126
27.9963
28.0814
28.1679
28.2629
28.3655
28.4688
28.574
28.6811
28.7922
28.9048
29.0195
29.1366
29.2562
29.3652
29.4669
29.5731
29.6797
29.794
29.9123
30.0365
30.1619
30.2919
30.4322
30.5797
30.7376
30.8995
31.0635
31.2252
31.3925
31.5573
31.7278
31.8962
32.0704
32.2528
32.4461
32.6427
32.8603
33.0786
33.298
33.5424
33.7887
34.0366
34.3231
34.6111
34.8996
35.263
35.6297
35.9941
36.8967
37.2717
38.1749
39.0874
40.0001
40.914
41.8282
42.7421
43.6566
44.5742
45.4887
46.3994
47.3063
48.2087
49.1073
49.4606
49.7984
50.1292
50.4483
50.7637
51.0142
51.2728
51.5393
51.7745
52.0132
52.2323
52.4555
52.664
52.8937
53.0899
53.282
53.4585
53.6294
53.7862
53.9285
54.0645
54.1831
54.2924
54.3864
54.4877
54.5971
54.7089
54.8225
54.936
55.052
55.1683
55.2854
55.4033
55.5222
55.6323
55.7364
55.8316
55.9226
56.0051
56.0763
56.1415
56.1957
56.2377
56.272
56.308
56.3442
56.3807
56.4189
56.4588
56.5015
56.5443
56.5875
56.6327
56.679
56.7279
56.772
56.8144
56.8544
56.8924
56.929
56.9617
56.9929
57.0225
57.0499
57.075
57.1041
57.1308
57.1552
57.1768
57.197
57.2168
57.2339
57.2137
57.1736
57.1195
57.053
56.9827
56.9117
56.8382
56.7632
56.6869
56.6137
56.5459
56.4836
56.4294
56.386
56.3453
56.3098
56.2901
56.31
57.1312
57.947
58.7271
59.4622
60.0873
60.0986
60.6816
61.4004
62.1967
63.0317
63.8918
64.7708
65.2102
66.1038
67.0136
67.9305
68.8567
69.7786
70.6979
71.1633
72.068
72.5249
73.4202
74.3169
75.2061
76.0848
76.9425
77.7977
78.6518
79.5045
80.3567
81.2075
82.0569
82.9056
83.7528
84.5985
84.9053
85.7389
86.5811
86.9704
87.802
88.6396
89.4754
90.3101
91.1437
91.9751
92.8053
93.633
94.4593
95.2843
96.1079
96.9285
97.7476
98.5649
99.3806
100.193
101.003
101.811
102.165
102.961
103.226
104.018
104.362
105.15
105.94
106.726
107.058
107.833
108.612
109.383
110.154
110.919
111.679
112.433
113.187
113.934
114.229
114.959
115.698
116.427
116.606
117.301
118.004
118.69
118.837
119.513
120.174
120.835
121.496
122.119
122.742
123.364
123.913
124.461
125.009
125.018
125.556
125.566
125.566
125.566
125.566
125.566
125.566
125.566
125.566
125.566
125.566
125.566
125.566
125.566
126.104
126.652
127.199
127.747
128.295
128.464
128.54
128.614
128.653
128.691
128.691
128.691
128.677
128.634
128.647
128.66
128.727
128.811
128.927
129.124
129.409
130.155
130.908
131.668
132.433
133.199
133.518
133.747
133.978
134.139
134.376
134.544
134.676
134.808
134.959
135.162
135.343
135.597
135.856
136.207
137.01
137.826
138.643
139.01
139.823
140.193
141.01
141.384
142.204
142.581
142.866
143.151
143.364
143.651
143.866
144.155
144.533
144.828
145.21
146.046
146.892
147.201
148.04
148.889
149.288
150.132
150.985
151.839
152.243
153.091
153.497
154.346
154.788
155.694
156.621
157.556
158.498
159.445
160.395
161.35
162.307
162.812
163.757
164.254
165.188
166.122
167.047
167.957
168.39
169.215
169.23
169.23
169.23
169.23
169.23
169.23
168.779
168.771
168.32
168.312
168.311
168.311
168.763
168.233
168.223
168.223
168.223
168.223
168.223
168.674
168.682
169.134
169.142
169.142
169.142
169.142
169.142
169.142
168.69
168.682
168.23
168.222
168.222
168.222
168.222
168.222
168.76
168.77
168.77
169.221
168.778
168.77
168.77
168.77
168.77
168.77
168.232
167.685
167.137
166.59
166.58
166.042
165.495
164.947
164.938
164.937
164.937
164.937
165.388
165.397
165.935
165.944
166.396
166.404
166.404
165.866
166.307
165.864
165.317
164.724
164.101
163.478
163.015
162.555
162.095
162.087
161.999
161.546
161.538
161.538
161.625
161.627
161.627
161.627
162.165
161.637
161.089
160.541
159.993
159.372
158.822
158.274
157.653
157.104
156.556
156.546
156.546
156.546
156.546
156.546
156.546
156.546
156.546
156.546
156.095
156.086
156.086
155.547
155.085
154.538
153.916
153.366
152.772
152.149
151.488
151.315
151.312
151.399
151.56
151.723
152.399
153.085
153.802
154.531
155.235
155.94
156.601
157.246
157.869
158.419
158.88
158.888
158.888
158.888
158.35
158.34
158.792
159.337
159.886
160.508
161.057
161.68
162.34
162.551
162.736
163.323
163.945
164.495
164.592
164.507
163.967
163.419
162.871
162.701
162.086
161.915
161.299
161.157
161.154
161.606
161.614
161.701
161.863
162.405
163.026
163.576
164.037
164.045
164.497
164.506
163.968
163.958
163.284
162.623
162.39
161.695
161.009
160.385
160.176
159.561
159.39
158.849
159.29
159.298
159.299
158.847
158.839
158.839
158.839
158.839
158.839
159.29
159.298
159.298
159.298
158.846
158.838
158.838
158.75
158.749
158.749
158.749
158.297
158.289
158.289
158.289
158.74
158.748
159.199
159.207
159.207
159.207
159.207
159.294
159.296
159.296
159.296
159.296
159.296
159.296
159.296
159.296
159.296
159.296
159.296
159.296
159.296
159.296
159.21
158.67
158.574
158.034
157.486
156.865
156.315
155.768
155.219
155.21
154.672
154.124
154.115
154.114
154.114
154.114
154.114
153.663
154.193
154.74
155.287
155.835
155.844
156.382
156.93
157.477
157.487
157.487
157.487
157.487
157.487
157.035
157.027
156.575
156.567
156.116
156.108
156.646
156.656
157.107
157.654
157.709
158.322
158.945
158.87
158.782
158.693
158.154
158.231
158.684
158.241
158.233
158.684
158.692
158.692
158.692
158.692
159.23
159.778
160.326
160.874
161.495
162.044
162.054
162.666
163.215
163.763
163.773
163.773
163.773
163.773
163.773
163.773
163.773
163.773
163.773
164.224
164.233
164.233
164.772
165.234
165.781
166.403
166.953
167.547
168.17
168.831
169.455
170.005
170.467
170.475
170.476
170.476
170.476
170.476
170.476
170.476
170.476
170.476
170.476
170.476
170.476
170.476
170.476
170.476
170.025
170.555
170.564
170.113
169.653
169.645
169.645
169.193
168.733
168.725
168.725
169.176
168.733
168.725
168.725
168.638
169.175
169.185
169.723
170.272
170.893
171.517
171.602
171.604
171.576
170.992
170.444
170.972
170.895
170.807
170.267
170.257
169.719
169.71
170.247
170.257
170.257
170.795
170.892
171.567
172.228
172.913
173.616
174.302
174.926
175.048
175.662
175.746
175.747
175.209
174.661
174.651
175.103
175.111
175.111
174.66
174.068
173.445
172.76
172.049
171.766
171.05
170.772
170.03
169.283
169.078
168.376
167.689
167.043
166.9
166.359
165.898
165.351
165.341
165.341
164.889
164.343
163.795
163.152
162.491
162.239
161.543
160.805
160.066
159.313
158.574
157.888
157.226
156.603
155.98
155.431
154.883
154.873
154.873
154.873
155.411
155.959
156.507
157.055
157.603
158.224
158.774
158.784
158.871
158.29
158.184
158.087
157.925
157.31
156.76
156.212
155.664
155.567
155.565
155.565
155.565
155.565
155.565
155.565
155.565
155.565
155.565
155.565
155.565
155.565
155.565
156.017
156.025
156.477
156.485
156.937
156.945
156.945
156.945
156.945
156.945
157.483
157.493
157.493
157.58
157.536
157.535
158.073
157.995
157.382
157.189
156.574
156.025
155.563
155.017
155.007
155.007
155.007
154.469
154.459
154.459
154.459
154.459
154.997
155.007
155.007
155.007
155.007
155.007
155.007
155.007
155.007
154.469
154.459
154.459
154.459
154.459
154.459
154.459
154.459
154.459
154.459
154.459
154.459
153.921
153.373
152.825
152.203
151.543
150.919
150.776
150.687
150.146
149.685
149.677
149.677
149.677
149.677
149.677
149.677
149.677
149.677
149.677
149.677
149.677
150.128
149.685
149.677
150.128
150.136
149.598
149.137
149.58
149.456
148.871
148.7
148.159
148.062
147.609
147.601
148.139
147.61
147.688
147.689
147.238
147.23
146.778
147.308
147.929
148.014
148.599
148.609
148.07
148.061
148.06
148.147
148.149
148.687
148.696
148.697
148.697
148.697
148.697
149.148
149.156
149.156
149.156
148.705
148.085
147.462
147.377
146.726
146.579
146.409
146.229
146.047
145.37
144.685
144.06
143.466
143.295
143.338
143.412
144.088
144.187
144.261
144.341
144.354
144.366
144.367
144.335
144.282
144.191
144.097
143.974
143.812
143.569
143.52
142.981
142.432
142.874
143.42
143.969
144.612
145.272
145.975
146.68
147.418
147.704
148.45
148.65
148.789
148.902
148.932
148.881
148.745
148.668
148.055
147.506
146.913
146.364
146.354
146.354
146.354
146.354
146.354
146.354
146.892
147.352
147.944
148.587
149.232
149.855
150.478
151.028
151.577
152.125
152.673
152.683
152.683
152.683
152.232
152.224
152.224
152.224
152.224
152.224
152.224
152.224
152.224
152.224
152.224
152.224
151.686
151.225
151.216
151.216
151.216
151.216
151.216
151.216
151.216
150.765
150.757
151.209
151.262
151.801
151.811
151.813
152.425
153.069
153.692
154.241
154.252
154.79
154.799
154.348
154.34
154.878
154.436
154.428
154.428
154.428
154.428
154.428
154.428
154.428
154.428
154.428
153.976
153.385
152.791
152.736
152.085
151.4
150.696
150.072
149.411
148.788
148.165
147.616
147.606
147.606
147.606
148.144
148.691
149.24
149.862
149.873
149.811
149.689
149.499
149.294
148.973
148.185
147.382
146.592
145.823
145.068
144.317
143.598
142.952
142.29
141.739
141.278
141.269
141.721
141.729
141.729
141.597
141.484
141.283
140.563
140.396
140.242
140.098
139.857
139.604
139.278
138.516
137.786
137.595
137.37
136.718
136.62
136.081
136.522
136.53
136.53
137.068
137.077
137.616
138.164
138.174
138.712
138.636
138.634
138.097
137.636
137.176
136.629
136.62
136.619
136.619
136.619
136.619
136.619
137.071
137.69
138.314
138.485
138.686
139.363
139.447
139.581
139.717
139.781
139.872
139.874
139.874
140.034
140.037
140.037
140.037
140.197
140.849
140.956
141.663
142.401
143.147
143.922
144.688
145.465
146.205
146.385
146.548
147.243
147.838
147.936
148.477
147.904
147.355
147.345
147.345
147.345
147.345
147.345
147.345
147.796
147.353
147.883
148.431
148.98
149.573
149.794
150.472
151.096
151.719
152.269
152.41
152.951
152.422
152.413
152.413
152.413
152.413
152.413
152.413
151.962
151.954
151.953
151.953
151.953
151.953
151.416
151.406
150.867
150.209
149.548
148.887
148.201
147.915
147.188
146.501
145.855
145.211
144.616
144.066
143.518
143.056
143.048
143.048
142.596
143.126
143.587
143.596
143.057
142.508
141.866
141.242
140.647
140.003
139.769
139.06
138.343
138.195
137.655
137.034
137.022
136.484
135.937
135.927
135.389
135.83
135.301
134.753
134.657
134.118
133.496
133.288
132.593
131.876
131.13
130.406
129.709
129.047
128.424
127.78
127.185
127.087
127.13
127.714
128.308
128.517
129.194
129.897
130.522
130.644
130.646
130.584
130.429
129.706
128.949
128.205
127.437
126.666
125.903
125.145
125.069
125.058
125.071
125.163
125.454
125.689
126.475
127.278
128.069
128.838
129.592
129.892
129.969
130.021
130.023
129.871
129.629
128.899
128.145
127.399
126.694
126.56
126.533
126.5
126.677
127.418
128.165
128.931
129.722
130.523
131.31
132.081
132.81
133.539
134.225
134.886
135.436
135.983
135.993
135.993
135.993
135.542
135.534
135.534
135.534
136.071
136.081
136.619
136.628
136.715
136.63
136.628
137.167
137.176
137.176
137.176
137.176
137.176
137.176
137.176
137.176
136.725
137.168
137.089
137.088
137.721
137.864
138.45
138.622
139.208
139.83
140.425
140.887
141.433
141.981
141.54
141.532
141.532
141.531
140.992
140.371
139.676
138.99
138.273
137.554
136.867
136.744
136.647
136.033
135.41
135.311
135.309
135.353
135.281
134.616
133.913
133.19
132.451
131.698
130.919
130.156
129.868
129.172
128.468
127.807
127.257
127.161
127.16
127.16
127.16
127.16
127.611
127.619
128.157
128.167
128.167
128.167
128.167
128.167
127.716
127.621
127.619
127.619
127.619
127.081
127.071
127.609
127.618
128.157
128.816
129.477
130.138
130.823
131.022
131.296
131.364
131.365
131.348
131.257
131.078
130.883
130.59
129.859
129.134
128.882
128.244
127.62
127.026
127.014
127.553
128.196
128.368
128.503
128.687
128.824
128.919
128.952
128.952
128.791
128.684
128.474
128.261
128.069
127.361
127.194
126.543
126.617
127.156
127.253
127.341
127.955
128.615
129.317
130.035
130.781
131.505
132.202
132.863
132.949
132.972
132.944
132.809
132.671
131.978
131.292
131.057
130.442
129.798
129.248
129.194
129.267
129.942
130.646
130.928
131.677
132.421
133.189
133.96
134.723
135.029
135.746
136.442
137.146
137.792
138.255
138.802
138.812
138.361
138.353
138.352
138.352
138.804
139.445
140.04
140.7
141.403
141.655
141.847
142.591
143.337
143.591
143.762
144.439
144.596
144.554
143.92
143.26
142.615
141.912
141.166
140.436
139.683
138.906
138.14
137.401
136.671
135.975
135.288
134.664
134.114
134.104
134.555
134.025
133.366
132.663
131.917
131.163
130.39
129.6
129.246
128.992
128.663
127.893
127.142
126.423
125.727
125.102
124.508
124.046
124.038
124.038
124.037
124.037
124.576
124.586
124.586
125.037
124.594
124.498
123.958
123.496
123.488
122.949
122.402
121.854
121.684
121.595
121.055
121.047
121.585
122.207
122.364
123.04
123.757
124.476
125.163
125.824
126.469
127.093
127.179
127.182
126.644
126.635
126.636
126.76
126.841
126.92
127.035
127.239
127.556
128.311
128.511
128.755
129.45
130.112
130.21
130.298
130.3
130.3
129.849
129.302
128.659
127.998
127.294
126.633
125.929
125.226
124.508
123.804
123.594
123.516
122.976
122.428
122.419
122.957
122.967
122.967
122.429
122.419
122.419
121.88
121.259
120.599
120.514
120.33
120.247
120.174
120.131
120.131
120.174
120.256
120.459
120.738
120.916
121.159
121.797
122.421
123.016
123.114
122.578
121.985
121.815
121.614
121.399
121.243
121.136
121.092
121.035
121.027
121.038
121.136
121.272
121.461
121.631
121.787
121.988
122.443
122.451
122.902
123.362
123.37
123.37
122.832
122.284
121.735
121.187
120.639
120.091
120.08
120.154
120.766
121.451
122.136
122.389
123.067
123.753
124.376
124.482
125.022
125.031
124.958
124.323
123.638
123.378
122.683
121.979
121.317
120.693
120.099
120.002
119.462
119.452
119.452
119.452
119.452
118.914
118.453
118.444
117.833
117.172
116.511
115.888
115.203
114.517
113.814
113.138
112.966
112.889
112.35
111.802
111.706
112.242
112.252
112.79
113.382
114.026
114.687
115.332
116.034
116.78
117.51
118.264
119.041
119.807
120.546
121.276
121.972
122.658
122.831
123.373
123.382
122.931
123.009
123.208
123.903
124.649
125.403
126.175
126.514
127.311
128.111
128.902
129.228
129.519
129.779
130.015
130.179
130.766
130.69
130.688
130.688
131.14
131.148
131.148
131.148
131.148
131.148
131.6
132.147
132.695
133.156
133.165
133.703
134.251
134.799
135.42
135.969
136.517
137.064
137.074
137.074
137.612
137.621
137.17
136.71
136.702
136.702
136.702
136.702
137.239
137.787
138.334
138.882
139.051
139.142
139.755
140.4
141.023
141.573
142.034
142.042
142.581
143.042
143.05
142.512
142.954
143.413
143.421
142.883
143.325
143.871
144.514
145.175
145.879
146.54
147.243
147.947
148.665
149.369
150.031
150.654
151.204
151.752
151.223
151.214
151.214
151.214
151.752
151.761
151.762
152.3
152.921
153.582
154.205
154.849
155.552
156.27
156.974
157.66
158.346
159.008
159.558
160.019
160.566
161.027
160.584
160.576
160.576
161.027
161.573
162.166
162.788
162.998
163.664
164.367
165.096
165.825
166.568
167.287
168.005
168.667
169.291
169.84
170.389
170.937
171.398
171.406
171.406
171.406
171.406
171.406
170.869
171.397
171.945
172.493
173.042
173.59
174.138
174.686
175.234
175.244
175.244
175.244
175.695
175.704
175.165
175.156
175.694
175.703
176.287
176.371
177.005
177.69
178.401
179.105
179.809
180.471
180.557
181.141
181.69
182.238
182.248
182.248
182.248
182.248
182.786
182.796
183.247
183.867
184.528
185.189
185.812
186.497
187.183
187.435
188.102
188.274
188.889
189.438
189.986
190.534
190.544
190.544
190.544
190.544
190.544
190.544
190.093
190.085
190.085
190.085
189.633
189.625
189.625
189.625
189.625
189.625
189.625
190.077
190.085
190.085
190.537
190.997
191.457
191.466
191.466
191.466
191.466
191.917
191.925
191.926
191.926
192.377
192.837
193.296
193.756
194.216
194.225
194.763
194.772
194.321
193.862
193.316
193.306
193.306
193.306
193.306
193.306
193.306
193.306
193.306
193.306
193.306
193.306
193.306
193.306
193.306
192.855
192.846
192.846
192.846
192.846
192.307
192.749
193.209
193.217
193.217
193.217
193.217
193.217
193.217
193.217
193.218
193.67
194.129
194.137
194.138
194.138
194.138
194.138
194.138
194.138
194.138
193.687
194.217
194.226
194.226
194.226
194.314
194.315
194.315
194.315
194.315
194.315
194.315
194.315
194.315
193.777
193.155
192.606
191.947
191.273
190.577
190.429
189.777
189.132
188.471
187.876
187.326
186.777
186.229
186.219
185.767
185.759
185.759
185.759
185.307
184.847
184.301
183.752
183.29
182.744
182.195
181.647
181.1
181.003
180.463
179.915
179.905
179.905
179.905
179.905
180.356
180.364
180.365
180.365
180.365
180.365
180.365
180.365
179.827
179.279
178.657
178.108
177.515
176.921
176.327
175.778
175.316
175.308
174.857
174.935
174.936
174.936
174.485
173.938
173.39
172.768
172.124
171.421
170.709
169.975
169.222
168.451
167.665
167.437
166.717
165.97
165.252
164.606
164.483
163.943
163.482
163.474
163.473
162.935
162.474
162.331
161.637
160.933
160.187
159.436
158.671
157.886
157.107
156.338
156.042
155.346
154.659
153.998
153.374
152.825
152.277
152.267
152.267
151.816
151.808
151.27
150.648
149.988
149.293
148.589
147.851
147.112
146.394
145.69
144.986
144.752
144.099
143.475
143.464
143.464
142.926
142.916
142.916
142.916
142.378
141.756
141.096
140.435
139.75
139.047
138.329
137.59
136.861
136.157
135.481
134.836
134.212
133.662
133.201
132.742
132.733
132.733
132.733
132.733
132.733
132.281
131.735
131.187
131.176
131.089
131.014
130.4
129.756
129.111
128.45
127.855
127.306
127.296
126.757
126.747
126.747
126.747
126.296
126.288
126.288
126.739
126.747
126.747
126.747
126.747
126.835
126.836
126.385
126.377
126.377
126.377
125.926
125.918
125.466
125.458
125.458
125.007
124.999
124.999
124.998
124.998
124.998
124.998
124.998
124.998
124.998
125.45
125.458
125.458
125.458
125.458
125.909
125.917
125.917
125.917
125.917
125.917
125.917
125.917
125.917
126.455
127.077
127.626
128.285
128.96
129.655
130.342
131.004
131.649
132.31
132.905
133.004
133.092
133.633
133.643
134.094
134.102
134.102
134.102
134.554
135.014
135.561
136.109
136.571
137.118
137.666
138.214
138.762
139.31
139.858
140.406
140.416
140.416
140.416
140.416
140.416
140.416
140.416
140.416
140.416
140.416
140.416
140.416
140.502
140.504
140.578
140.579
140.55
140.521
140.492
140.38
140.218
139.632
139.535
139.373
138.831
138.821
138.821
138.908
139.448
139.532
139.584
139.664
139.826
139.901
140.009
140.077
140.188
140.259
140.303
140.388
140.482
140.505
140.571
140.572
140.485
140.484
140.484
141.022
141.483
142.164
142.868
143.121
143.858
144.157
144.915
145.699
146.479
147.247
147.543
148.24
148.926
149.588
150.211
150.761
151.309
151.319
151.77
152.229
152.689
152.698
153.31
153.432
153.58
154.273
154.473
154.591
154.649
154.65
154.669
154.731
154.769
154.843
154.26
154.088
154.084
153.631
153.171
153.163
153.701
154.322
154.53
154.731
154.824
154.904
155.027
155.121
155.164
155.207
155.22
155.179
155.127
155.032
154.944
154.857
154.317
153.77
153.76
153.76
153.76
154.211
154.22
154.759
155.22
155.767
156.389
157.012
157.119
157.754
158.414
159.01
159.559
159.118
159.197
159.199
159.199
159.199
159.65
159.658
159.12
158.572
158.024
157.476
157.466
157.466
157.917
157.925
158.377
157.934
157.475
157.015
156.92
156.38
156.283
155.743
155.282
155.724
155.732
155.733
155.281
155.273
155.273
155.273
154.821
154.813
154.813
154.813
154.813
154.813
154.813
154.813
154.361
154.353
153.815
153.805
153.354
153.345
152.806
152.797
152.796
152.345
152.337
151.885
151.877
151.877
151.877
151.425
150.965
150.506
150.046
149.499
149.402
149.4
149.4
148.862
148.315
147.767
147.757
147.757
147.757
147.757
147.757
147.757
147.757
147.757
147.757
147.757
147.757
147.757
147.757
147.219
146.672
146.124
145.577
145.028
144.435
143.886
143.424
143.416
142.964
142.955
142.955
142.955
143.407
143.953
144.501
144.51
145.122
145.294
145.37
145.482
145.556
145.602
145.508
145.468
145.357
144.706
144.497
144.333
143.792
143.783
143.828
143.903
144.442
145.101
145.746
146.449
147.124
147.82
148.506
148.63
149.244
149.329
149.265
149.154
149.006
148.287
147.575
146.851
146.147
145.484
144.798
144.625
144.083
144.073
143.621
143.613
143.613
143.613
143.613
143.029
142.356
141.661
140.949
140.196
139.431
138.642
137.849
137.065
136.3
136.084
135.364
135.215
135.077
134.537
135.065
135.686
136.346
137.049
137.735
138.358
138.444
138.446
138.418
138.42
138.285
138.061
137.809
137.088
136.37
135.665
135.431
135.216
135.183
135.343
135.478
136.114
136.348
137.002
137.664
138.351
139.026
139.671
140.22
140.767
141.315
141.863
141.872
141.873
141.873
141.873
142.41
142.42
142.42
142.42
142.42
141.969
142.498
142.057
142.049
142.049
142.049
142.5
142.959
142.967
142.967
142.967
142.967
142.967
143.506
144.054
144.602
145.15
145.16
145.16
145.16
145.16
145.16
145.611
146.071
145.992
146.529
147.077
147.625
148.174
148.635
148.106
147.558
147.009
146.912
146.297
145.835
145.214
145.115
144.662
144.202
143.742
143.734
143.733
143.733
143.733
144.185
144.193
144.732
144.742
144.741
144.289
144.82
144.291
143.83
143.735
143.195
143.636
143.193
142.647
142.637
143.088
143.548
144.007
144.467
145.014
145.111
145.565
145.573
145.659
145.66
145.659
145.207
144.661
144.039
143.417
142.867
142.319
141.771
141.761
141.223
141.213
140.675
140.665
140.665
141.203
141.75
142.298
142.308
142.308
142.28
142.206
141.984
141.306
141.073
140.419
139.759
139.135
138.586
138.037
137.489
137.48
137.48
137.931
138.478
139.027
139.576
140.125
140.768
141.429
142.09
142.213
142.864
143.487
144.036
144.584
145.132
145.679
145.237
144.778
144.77
144.318
143.858
143.85
143.85
144.388
144.398
144.397
144.508
144.546
144.647
144.682
144.683
144.678
144.653
144.586
144.548
144.487
144.351
144.152
143.967
143.425
143.416
143.415
143.416
143.999
144.673
145.368
145.541
145.673
145.754
145.84
145.915
145.97
145.982
145.976
145.942
145.871
145.822
145.685
145.05
144.426
143.963
143.416
143.407
143.406
143.944
144.492
144.662
145.276
145.961
146.196
146.448
146.631
146.801
146.958
147.096
147.761
147.934
148.389
148.849
148.857
149.309
149.317
148.866
148.858
148.858
148.858
148.858
148.858
148.858
148.407
148.398
148.398
148.398
148.398
148.398
148.398
148.398
148.398
148.398
148.849
148.857
149.309
149.317
148.78
148.77
148.77
148.77
148.233
147.685
147.138
146.592
146.045
145.497
144.95
144.402
144.392
144.392
144.392
144.392
144.392
144.392
144.392
143.941
143.932
143.393
143.383
142.844
142.185
141.49
141.341
141.185
141.03
140.903
140.864
140.702
140.662
140.662
141.113
141.121
141.573
141.582
141.582
141.582
141.582
141.131
141.123
140.671
140.663
141.115
141.124
141.124
141.662
142.124
142.67
143.219
142.777
143.22
143.767
143.777
143.777
143.777
143.777
143.777
143.777
143.777
143.239
142.69
142.483
142.368
142.231
141.975
141.818
141.778
141.777
141.682
141.68
141.68
141.142
141.671
141.68
142.219
142.228
142.228
142.228
142.228
142.228
142.229
142.229
142.841
142.925
143.062
143.2
143.425
143.54
143.654
143.817
144.358
144.906
145.454
146.002
146.012
146.012
146.012
146.012
146.012
146.012
146.012
146.012
145.56
145.55
145.55
144.966
144.417
143.868
143.318
142.857
143.3
143.222
143.221
143.672
144.132
144.14
144.14
144.14
143.602
144.131
144.679
144.764
144.812
144.958
145.048
145.155
145.335
145.517
145.694
145.832
145.969
146.62
146.813
147.355
147.364
147.365
147.816
147.824
147.824
147.372
147.902
147.984
148.121
148.362
148.46
148.566
148.769
148.981
149.195
149.943
150.139
150.816
151.461
151.633
152.088
152.183
152.184
152.184
152.184
152.184
152.635
152.644
152.644
153.095
153.555
154.101
154.65
155.198
155.296
155.297
155.749
155.757
155.757
155.757
155.757
155.757
156.208
156.217
156.217
156.217
156.217
155.765
155.757
155.671
155.669
155.669
155.669
155.218
155.21
155.21
155.21
155.21
155.21
155.21
155.21
154.597
154.048
153.963
153.35
152.726
152.103
152.018
151.97
151.968
152.505
152.6
152.601
152.555
152.48
151.867
151.318
150.696
150.073
149.45
148.987
148.979
149.43
149.977
150.525
150.535
151.074
151.733
151.977
152.656
153.36
154.064
154.739
155.401
156.025
156.686
157.237
157.247
157.16
157.159
157.159
157.159
157.159
157.159
157.61
157.08
156.984
156.445
155.897
155.727
155.113
154.428
153.743
153.119
152.496
152.397
151.857
151.396
150.937
150.929
150.928
150.928
150.928
150.928
151.38
151.926
152.475
153.134
153.795
154.481
155.198
155.902
156.113
156.277
156.913
157.463
158.01
158.558
158.568
158.568
158.568
158.568
158.568
158.568
158.568
158.568
159.106
159.07
158.531
158.521
158.476
158.401
158.201
158.062
157.947
157.747
157.111
156.516
155.966
155.505
155.497
155.496
155.496
155.496
155.045
154.585
154.577
154.577
155.029
155.576
155.586
156.17
156.72
157.269
157.818
158.28
158.288
158.825
158.835
158.835
158.835
158.835
158.835
158.835
159.373
159.383
159.383
159.92
160.467
161.015
161.636
162.258
162.807
162.903
163.442
163.99
164.539
164.548
165
165.008
165.009
165.009
165.009
164.471
164.461
164.913
164.47
164.463
165.001
164.925
164.952
165.026
165.027
165.114
165.203
164.753
164.832
164.834
164.834
165.285
165.294
165.745
165.754
165.302
165.294
165.294
164.755
164.207
163.614
163.02
162.397
162.386
161.774
161.763
162.214
161.684
161.136
161.126
161.126
161.126
161.126
161.126
161.126
161.126
160.588
160.04
159.419
159.248
158.595
158.51
157.897
157.274
156.651
156.553
156.551
156.551
156.551
156.551
156.551
156.551
156.551
156.625
156.552
156.551
156.53
156.493
156.456
156.404
156.324
156.212
155.672
155.575
155.661
155.795
156.409
157.032
157.582
157.666
157.74
157.815
157.729
157.19
156.569
155.946
155.285
154.6
153.938
153.388
153.218
152.676
152.215
152.207
152.207
152.207
152.207
152.207
151.755
151.747
152.285
152.295
152.295
151.757
151.747
151.296
151.288
151.825
152.373
152.92
153.468
153.638
154.253
154.485
155.163
155.786
156.41
156.959
157.507
157.969
158.428
157.984
157.525
156.933
156.383
155.762
155.138
154.494
153.832
153.187
152.592
152.13
151.583
151.573
152.025
152.032
152.032
152.032
152.032
152.032
152.032
152.032
151.494
150.946
150.325
149.681
148.996
148.292
147.563
147.418
147.28
147.277
147.86
147.944
147.921
147.845
147.72
147.566
147.382
147.134
146.85
146.51
145.754
145.091
145.08
144.446
144.175
143.844
143.032
142.193
141.354
140.533
139.719
138.929
138.163
137.433
136.747
136.123
136.112
136.111
136.111
136.111
135.574
135.026
134.478
133.931
133.248
132.562
131.845
131.141
130.424
129.706
129.02
128.374
127.73
127.558
127.017
126.556
126.548
126.548
126.548
126.548
126.548
126.548
126.548
127.086
127.095
127.095
127.546
127.554
127.554
127.641
127.775
128.316
128.864
129.325
129.334
129.785
130.245
130.253
130.253
130.253
130.253
130.253
130.253
130.705
130.713
130.175
130.704
131.252
131.845
131.987
132.15
132.153
132.313
132.316
131.865
132.395
132.943
132.501
132.042
131.582
131.122
130.662
130.203
129.743
129.821
129.909
130.071
130.685
130.894
131.509
132.132
132.216
132.83
133.379
133.389
133.389
133.389
133.389
133.389
133.389
133.389
133.928
134.549
135.172
135.816
136.477
137.138
137.812
138.487
139.148
139.698
140.246
140.707
141.167
141.175
141.175
141.175
141.713
142.261
142.809
143.358
143.906
144.527
145.15
145.273
145.948
146.61
147.16
147.781
148.331
148.792
148.8
148.8
148.8
148.8
148.8
149.252
149.26
149.26
149.26
149.26
149.798
149.808
149.721
149.72
149.72
149.72
149.72
149.72
150.171
150.179
150.178
150.178
150.178
150.178
150.178
150.178
150.178
149.724
149.715
150.166
150.218
150.217
150.376
150.539
150.635
150.835
150.934
151.519
151.981
152.528
152.538
152.538
152.989
152.998
152.998
152.998
152.46
151.912
151.254
151.089
150.92
150.783
150.656
150.558
150.472
150.423
150.386
150.319
150.151
149.499
149.377
149.51
150.262
151.049
151.864
152.693
153.084
153.373
154.164
154.927
155.59
155.602
156.236
156.958
157.749
158.031
158.861
159.162
159.435
159.628
159.796
160.012
160.121
160.185
160.186
159.648
159.638
159.638
159.638
159.638
160.176
160.724
161.271
161.417
161.443
161.415
161.33
161.228
161.106
160.939
160.737
160.539
160.329
160.057
159.713
158.95
158.211
157.525
156.902
156.89
156.89
156.353
155.66
154.88
154.072
153.24
152.936
152.094
151.683
151.27
150.4
149.528
148.664
148.271
147.448
146.645
145.855
145.085
144.399
143.851
143.841
143.841
143.841
143.841
144.379
143.783
143.102
142.387
142.065
141.733
140.934
140.559
139.733
139.334
138.483
137.636
137.251
136.884
136.531
136.186
135.854
135.532
135.223
134.929
134.662
134.37
133.608
133.282
132.493
131.692
131.416
130.615
129.795
128.977
128.153
127.325
126.495
125.659
124.836
124.024
123.221
122.391
121.547
120.686
119.815
118.936
118.049
117.157
116.256
115.348
114.438
113.533
112.634
111.745
110.867
110.001
109.144
108.298
107.471
106.669
105.87
105.058
104.212
103.875
102.995
102.093
101.188
100.28
99.368
98.4532
97.536
96.6161
95.7018
94.7955
93.8982
93.0173
92.1481
91.2964
90.4671
89.6785
88.976
88.9633
89.5011
89.5108
89.511
88.9032
88.1156
87.2718
86.4002
85.5112
85.0632
84.1606
83.2432
82.3213
81.3953
80.4712
79.5549
79.1029
78.6742
77.8101
77.5072
77.2577
76.9946
76.8
77.336
77.2679
77.0433
76.1942
75.3041
74.398
73.4807
72.5561
71.6268
70.6935
69.7564
68.8168
68.4157
68.0313
67.7659
67.5544
67.3712
67.25
67.1743
67.2053
67.3751
67.3658
67.3594
67.5673
67.6699
67.5479
67.3718
67.0563
66.1752
65.2649
64.3412
63.4113
62.931
62.5444
61.6199
60.6845
59.7476
58.8098
57.8739
56.9438
56.0215
55.6453
54.7467
54.3842
54.042
53.7854
53.5342
53.2157
52.9679
52.711
52.4449
52.0983
51.2074
50.3033
49.3955
49.0233
48.1328
47.2451
46.3696
46.0576
45.9022
45.8714
45.9111
45.9608
46.03
46.0838
46.0931
46.0697
46.0255
45.9522
45.8559
45.7236
45.5541
45.328
45.0332
44.1236
43.1992
42.8093
42.5719
42.4188
42.2915
42.1825
42.083
41.995
41.9191
41.8533
41.796
41.7334
41.6651
41.5788
41.4808
41.3654
41.2436
41.1087
40.8917
40.5373
39.6453
38.7429
37.8392
36.9375
36.0336
35.7297
35.4943
35.2892
35.1452
35.0249
34.9222
34.8432
34.7754
34.7262
34.6899
34.6481
34.5974
34.5419
34.4679
34.38
34.2725
34.1421
33.9893
33.8129
33.6057
33.4172
33.2429
33.0733
32.9192
32.7677
32.6283
32.4894
32.3642
32.2402
32.1271
32.021
31.9222
31.8348
31.7409
31.6453
31.5438
31.4609
31.3871
31.3317
31.2902
31.264
31.2522
31.2549
31.2779
31.3224
31.3955
31.4689
31.5298
31.5525
31.5478
31.5144
31.454
31.3719
31.2621
31.1209
30.9712
30.8335
30.7317
30.6588
30.6011
30.5562
30.5213
30.4987
30.4881
30.4888
30.5009
30.5165
30.5246
30.5217
30.5077
30.4745
30.4211
30.3435
30.2432
30.1039
29.8814
28.9672
28.0395
27.1124
26.1856
25.8671
25.7287
25.6457
25.5837
25.5312
25.4856
25.4487
25.4176
25.3887
25.363
25.3354
25.2995
25.2522
25.1928
25.1208
25.0257
24.8927
24.6912
24.4295
23.53
23.1494
23.014
22.9691
22.9565
22.9597
22.9741
22.9967
23.0197
23.0405
23.0653
23.098
23.1326
23.1741
23.2089
23.2295
23.2339
23.2066
23.1411
22.9824
22.6922
22.5662
22.4235
22.047
21.7367
21.5918
21.495
21.4241
21.3774
21.348
21.329
21.314
21.2986
21.2833
21.2687
21.2535
21.2393
21.2289
21.2188
21.2054
21.1875
21.1643
21.1375
21.1059
21.0678
21.023
20.9807
20.9315
20.8815
20.8402
20.8067
20.7787
20.7531
20.7291
20.7064
20.6854
20.6554
20.6135
20.5605
20.4824
20.3684
20.2162
20.0396
19.8843
19.7308
19.6055
19.5181
19.4565
19.405
19.3683
19.3406
19.3144
19.2916
19.2724
19.2577
19.2444
19.2344
19.2264
19.2222
19.2203
19.2176
19.2195
19.2226
19.2248
19.2256
19.2249
19.2205
19.2126
19.2006
19.1848
19.1684
19.1446
19.1148
19.0803
19.0465
19.0172
18.9957
18.9855
18.9868
18.993
19.002
19.0097
19.0202
19.0313
19.0353
19.0283
19.0125
18.9895
18.96
18.9284
18.8908
18.8474
18.7989
18.7452
18.6946
18.6486
18.6094
18.5823
18.5659
18.5582
18.5598
18.5698
18.5853
18.6069
18.6346
18.6675
18.7017
18.7351
18.7641
18.79
18.8091
18.8174
18.8193
18.8135
18.7996
18.7742
18.7453
18.7223
18.703
18.6795
18.6508
18.6177
18.5787
18.5327
18.4766
18.4078
18.3148
18.2186
18.1302
18.0684
18.0231
17.9927
17.9796
17.9773
17.9828
17.9934
18.0078
18.0221
18.0357
18.0532
18.0733
18.0931
18.1066
18.1108
18.1059
18.093
18.0722
18.0505
18.0296
18.006
17.9848
17.9676
17.9607
17.9619
17.966
17.9703
17.9734
17.981
17.9916
18.0026
18.0092
18.012
18.0111
18.0085
18.01
18.0169
18.0266
18.0335
18.0387
18.0481
18.0601
18.0739
18.0899
18.1082
18.1259
18.1374
18.1429
18.1472
18.1504
18.1429
18.1293
18.1138
18.0952
18.0709
18.0422
18.0169
17.995
17.9734
17.9542
17.9386
17.919
17.8913
17.8579
17.8122
17.7667
17.7232
17.6802
17.6464
17.6182
17.5918
17.5698
17.5551
17.547
17.5513
17.5595
17.573
17.5945
17.6214
17.6486
17.6722
17.6926
17.7099
17.7247
17.7362
17.7499
17.7659
17.7803
17.7897
17.7948
17.7973
17.7975
17.7972
17.7959
17.7928
17.7844
17.7686
17.7497
17.7356
17.7284
17.7273
17.7305
17.7363
17.7477
17.7629
17.7802
17.8015
17.8188
17.8268
17.825
17.8148
17.8002
17.7809
17.7561
17.729
17.7008
17.6713
17.6412
17.6137
17.5903
17.5716
17.5547
17.5406
17.5304
17.5215
17.5127
17.5088
17.5126
17.5207
17.5343
17.5532
17.5851
17.631
17.699
17.8242
18.7472
19.6852
19.9863
20.1546
20.2647
20.3464
20.4023
20.4366
20.458
20.468
20.4684
20.4594
20.4404
20.4099
20.3681
20.3185
20.2685
20.2279
20.1918
20.1623
20.1391
20.1255
20.1239
20.1321
20.1486
20.173
20.1953
20.2124
20.2258
20.2366
20.2453
20.2507
20.2508
20.2477
20.2399
20.2277
20.2145
20.202
20.1917
20.1838
20.1787
20.1772
20.1812
20.1853
20.1931
20.2026
20.2084
20.2134
20.2148
20.213
20.2088
20.2038
20.1976
20.1941
20.1939
20.1976
20.204
20.2098
20.2162
20.223
20.231
20.2384
20.248
20.2582
20.266
20.2757
20.2856
20.2964
20.3063
20.3144
20.3197
20.3238
20.3256
20.3239
20.3208
20.3113
20.2975
20.2818
20.2658
20.2517
20.24
20.2299
20.2208
20.2168
20.2158
20.2219
20.2299
20.2385
20.2462
20.2497
20.2471
20.2402
20.2291
20.2119
20.1915
20.1688
20.1487
20.1307
20.1152
20.1031
20.0951
20.0908
20.0905
20.0962
20.1097
20.1261
20.146
20.1696
20.1981
20.2296
20.2562
20.2767
20.2905
20.294
20.2844
20.2715
20.2558
20.2386
20.218
20.1986
20.1843
20.1714
20.1612
20.1572
20.1648
20.1864
20.2171
20.2508
20.2869
20.3209
20.3467
20.365
20.3782
20.3865
20.3887
20.3837
20.374
20.3604
20.3428
20.321
20.2994
20.2755
20.2502
20.2236
20.1993
20.1808
20.1689
20.1661
20.1691
20.1788
20.1892
20.2
20.2132
20.2292
20.2482
20.2701
20.29
20.304
20.3158
20.3228
20.3296
20.3371
20.3397
20.3369
20.3283
20.3144
20.2965
20.2761
20.2538
20.2357
20.219
20.2007
20.187
20.1834
20.189
20.2012
20.218
20.2382
20.2583
20.274
20.2913
20.3102
20.3301
20.3481
20.3632
20.3768
20.3894
20.4012
20.4129
20.4263
20.4383
20.4479
20.4564
20.4639
20.4686
20.4686
20.4593
20.4375
20.3933
20.2939
19.3973
18.4851
18.2072
18.0648
17.9775
17.9167
17.8771
17.8532
17.8376
17.8275
17.8226
17.8199
17.8163
17.8125
17.8126
17.8154
17.8194
17.823
17.8272
17.8323
17.8367
17.8394
17.8399
17.8348
17.8226
17.8014
17.7828
17.7691
17.7589
17.7516
17.7465
17.7448
17.747
17.7535
17.7614
17.7753
17.7897
17.8035
17.8162
17.8271
17.8362
17.8436
17.8493
17.853
17.8506
17.8377
17.8279
17.8208
17.8155
17.8119
17.8094
17.8069
17.8042
17.7996
17.7955
17.7924
17.7885
17.7868
17.785
17.7838
17.7822
17.7817
17.7785
17.7721
17.7644
17.7531
17.7396
17.7239
17.7089
17.6959
17.6858
17.6772
17.6737
17.6761
17.6813
17.69
17.7029
17.7173
17.7375
17.7576
17.7773
17.797
17.8138
17.8249
17.8334
17.8376
17.8351
17.8276
17.8131
17.8001
17.7898
17.7808
17.774
17.7696
17.766
17.7656
17.77
17.7802
17.7971
17.8184
17.8433
17.8694
17.8966
17.9254
17.9528
17.9734
17.9838
17.9809
17.9654
17.9383
17.91
17.8869
17.8684
17.8549
17.8476
17.8434
17.8426
17.8465
17.855
17.8694
17.8859
17.9
17.9099
17.9144
17.9117
17.9001
17.883
17.8641
17.844
17.8232
17.8066
17.8024
17.8056
17.8145
17.828
17.8451
17.8621
17.8779
17.8927
17.9062
17.9187
17.9282
17.9403
17.9564
17.9741
17.9926
18.0117
18.0274
18.0425
18.0567
18.0707
18.083
18.0891
18.089
18.0839
18.0761
18.0686
18.065
18.0619
18.0623
18.0639
18.0666
18.0701
18.076
18.0892
18.1044
18.122
18.1427
18.1637
18.1795
18.1961
18.2113
18.2277
18.2421
18.2504
18.2595
18.2688
18.2782
18.2908
18.3096
18.3266
18.3438
18.3625
18.3837
18.4081
18.4334
18.4567
18.4765
18.4927
18.506
18.5198
18.5318
18.5357
18.5353
18.5293
18.5207
18.5141
18.5095
18.5075
18.5059
18.5072
18.5137
18.5294
18.5497
18.5814
18.627
18.6714
18.7137
18.7537
18.7929
18.8301
18.8649
18.8988
18.9302
18.9556
18.975
18.9929
19.011
19.029
19.0463
19.0633
19.0812
19.0981
19.1173
19.141
19.1681
19.2005
19.2383
19.2762
19.3135
19.3509
19.3866
19.4227
19.4581
19.4932
19.5248
19.5495
19.5677
19.5837
19.5982
19.6102
19.62
19.6261
19.633
19.6443
19.6662
19.6935
19.7274
19.7719
19.8226
19.8778
19.9352
19.9962
20.0573
20.1177
20.175
20.233
20.2858
20.3303
20.3684
20.4002
20.428
20.4515
20.475
20.4978
20.523
20.5481
20.5745
20.6005
20.6294
20.6649
20.7019
20.7386
20.7734
20.8091
20.8424
20.8751
20.9084
20.9362
20.9591
20.9761
20.9926
21.0112
21.0327
21.0552
21.0828
21.1157
21.1535
21.2002
21.2502
21.3039
21.3659
21.4318
21.5011
21.5737
21.6469
21.7178
21.7858
21.8506
21.9133
21.9717
22.0171
22.0608
22.0985
22.1323
22.1661
22.2041
22.2492
22.2982
22.3518
22.4068
22.4646
22.5214
22.5857
22.6541
22.7243
22.7981
22.8711
22.9458
23.0206
23.0963
23.1714
23.2504
23.3226
23.3967
23.4699
23.5363
23.6042
23.6681
23.7311
23.7924
23.8491
23.9011
23.9508
23.9985
24.0514
24.1108
24.171
24.2361
24.3078
24.3856
24.4721
24.5601
24.6487
24.7369
24.819
24.9062
24.9909
25.0735
25.1496
25.2213
25.2869
25.3574
25.4317
25.5064
25.5771
25.642
25.7146
25.7965
25.8832
25.9786
26.0869
26.2043
26.3368
26.4727
26.6341
26.824
26.9915
27.149
27.3057
27.4602
27.5992
27.7316
27.8571
27.988
28.1099
28.2322
28.3498
28.4613
28.5818
28.705
28.8312
28.9517
29.0701
29.1838
29.2972
29.4061
29.516
29.6315
29.7382
29.8442
29.9675
30.1108
30.2769
30.4952
30.7584
31.131
32.0407
32.9567
33.3328
33.56
33.7805
33.9707
34.1709
34.3651
34.5589
34.782
35.0103
35.2606
35.5663
35.9216
36.8205
37.7325
38.6482
39.5668
40.4898
41.4128
42.334
43.2532
44.1701
45.0851
45.997
46.9068
47.814
48.7173
49.6181
50.5145
51.4067
52.3004
53.1956
54.0921
54.9912
55.8913
56.7921
57.1577
57.6006
57.8881
58.1392
58.3885
58.5936
58.7722
58.9308
59.0689
59.1954
59.3245
59.4617
59.6181
59.8074
60.0079
60.2309
60.5629
60.8979
61.77
62.6523
63.5334
64.4153
65.2959
66.1777
67.0656
67.9575
68.4021
69.2915
70.1914
71.0923
71.5447
72.4409
72.8956
73.7955
74.2537
75.1524
76.0531
76.9531
77.8522
78.7515
79.6489
80.5464
81.4421
82.3366
83.2311
84.1291
85.0313
85.9324
86.8319
87.7292
88.6262
89.5213
90.4154
91.3078
92.1975
92.634
93.5106
94.3878
95.2619
95.6823
96.0919
96.4113
96.728
96.9985
97.1993
97.396
97.6081
97.8526
98.125
98.3999
98.7201
99.5808
100.452
100.786
101.001
101.161
101.311
101.442
101.557
101.656
101.739
101.839
101.947
102.074
102.231
102.427
102.731
103.122
103.96
104.273
104.571
104.757
104.947
105.138
105.372
105.638
106.492
107.358
108.229
108.652
109.069
109.35
109.542
109.704
109.847
110.015
110.202
110.495
110.871
111.25
111.631
112.021
112.409
112.803
113.203
113.612
114.028
114.456
114.889
115.329
115.777
116.235
116.704
117.171
117.632
118.094
118.551
119
119.444
119.875
120.301
120.701
121.072
121.471
121.884
122.303
122.726
123.172
123.628
124.099
124.575
125.069
125.568
126.081
126.607
127.129
127.655
128.183
128.724
129.272
129.831
130.394
130.97
131.554
132.141
132.748
133.366
133.971
134.56
135.128
135.637
136.094
136.404
135.973
135.518
135.807
136.31
136.826
137.387
137.934
138.489
139.038
139.559
140.087
140.6
141.043
141.425
140.988
140.522
140.048
139.566
139.077
138.579
138.073
137.559
137.037
136.505
135.964
135.415
134.855
134.286
133.707
133.117
132.517
131.906
131.284
130.651
130.006
129.348
128.678
128.991
129.181
129.673
130.256
130.853
131.545
132.302
133.11
133.974
134.876
135.789
136.7
137.585
138.417
139.226
139.999
140.547
141.098
140.465
139.771
139.058
138.328
137.58
136.814
136.029
135.224
135.5
134.716
133.865
132.989
133.246
132.391
132.649
131.764
132.018
131.099
130.096
129.061
127.994
126.895
125.761
124.592
123.386
122.141
120.854
119.524
118.149
116.726
115.253
113.727
112.144
110.503
108.799
107.03
105.19
104.978
103.136
101.107
98.983
98.6064
98.3452
98.4534
98.5952
98.9437
99.6266
100.368
101.073
101.703
102.217
102.746
103.069
100.48
97.457
97.2902
98.0706
99.3383
100.811
102.513
104.483
106.684
109.176
111.751
114.456
117.228
119.955
122.551
124.346
125.347
121.794
122.668
124.529
128.118
132.552
137.777
143.411
149.586
147.238
141.672
133.836
133.374
136.126
145.071
163.377
196.884
261.514
404.497
829.07
3094.35
