97.6491
99.6101
99.862
99.1175
99.3664
99.6112
99.8167
99.9824
100.121
100.241
100.346
99.4664
98.5673
97.6666
96.7629
95.8567
94.9488
94.0439
93.1433
92.2484
91.8117
90.9389
90.0655
89.1948
88.7815
87.9322
87.0817
86.2324
85.3772
84.5133
83.6403
82.7595
81.8705
80.9821
80.6304
80.2001
79.3145
78.4192
78.0626
77.7949
77.4627
77.1375
76.8222
75.9664
75.1056
74.2493
73.4
72.5565
71.7182
70.8769
70.0288
69.1763
68.8595
68.0273
67.1931
66.3706
66.0139
65.2342
64.4662
63.7396
63.5327
62.8596
62.4809
62.0624
61.1698
60.2538
59.327
58.3926
57.4524
56.5081
55.5607
54.6129
54.2098
53.2858
52.9018
52.0065
51.6709
50.901
50.702
49.8656
48.9911
48.1128
47.259
46.4457
45.7417
45.1944
44.425
43.5899
42.723
41.8435
40.9579
40.0778
39.1984
38.3206
37.445
36.5724
36.2829
36.0964
35.9676
35.8721
35.8041
35.7576
35.7265
35.7049
35.6899
35.6719
35.6448
35.6048
35.5478
35.4716
35.3734
35.2303
35.0378
34.7099
33.8415
32.9644
32.0884
31.2133
30.9839
30.8473
30.7505
30.6794
30.6259
30.5927
30.573
30.5594
30.5524
30.5478
30.5466
30.5435
30.5418
30.5423
30.5426
30.547
30.5524
30.5621
30.5738
30.5807
30.5785
30.5686
30.5472
30.5065
30.4401
30.366
30.3012
30.232
30.1655
30.1242
30.1089
30.1116
30.1293
30.1614
30.2058
30.2495
30.2894
30.3316
30.3676
30.3914
30.3991
30.3885
30.3687
30.3381
30.2977
30.2656
30.2394
30.2186
30.203
30.1956
30.1965
30.2021
30.2063
30.2115
30.2159
30.2174
30.2175
30.213
30.2113
30.2055
30.1954
30.1849
30.1712
30.1527
30.128
30.1025
30.0711
30.0495
30.0349
30.0378
30.0526
30.0757
30.1071
30.1449
30.1904
30.2406
30.2991
30.3548
30.4029
30.4331
30.4454
30.4332
30.3803
30.3074
30.2168
30.1039
29.9602
29.8349
29.7465
29.6942
29.6722
29.6706
29.6857
29.7066
29.7317
29.7611
29.7971
29.842
29.8923
29.9421
29.9811
30.0156
30.0322
30.0343
30.0223
30.0012
29.9686
29.9229
29.8662
29.8044
29.7457
29.6937
29.6551
29.6276
29.6125
29.6007
29.5957
29.5977
29.6081
29.6304
29.6606
29.6907
29.7064
29.7096
29.695
29.6799
29.6552
29.6224
29.579
29.5252
29.463
29.4015
29.3484
29.3035
29.2666
29.2205
29.1738
29.1232
29.0642
28.9967
28.9216
28.8143
28.642
28.4857
28.4675
28.4918
28.5316
28.5795
28.6352
28.6931
28.7527
28.8146
28.8765
28.9426
29.0066
29.0663
29.1186
29.1573
29.1674
29.0864
28.9685
28.963
28.9916
29.0204
29.0268
28.9956
28.8559
28.5604
28.4913
28.4963
28.5343
28.5881
28.6464
28.7019
28.7593
28.8089
28.8537
28.8912
28.9225
28.9458
28.9633
28.9747
28.9823
28.9875
28.9908
28.9981
28.9999
29.0002
28.998
28.9939
28.9883
28.9837
28.9753
28.9675
28.9526
28.9316
28.9118
28.8901
28.8664
28.8401
28.8137
28.7825
28.7524
28.7205
28.6904
28.664
28.6367
28.6097
28.5834
28.5596
28.5336
28.5094
28.4851
28.4609
28.439
28.4098
28.382
28.3573
28.3369
28.3186
28.3066
28.2992
28.2975
28.3047
28.3184
28.3508
28.3807
28.4029
28.4144
28.4203
28.4183
28.4092
28.3932
28.3685
28.3372
28.2998
28.2592
28.2182
28.1861
28.1677
28.1627
28.1754
28.2066
28.2616
28.3538
28.5203
28.8595
29.2067
30.092
30.4503
30.7983
31.1461
32.0316
32.9256
33.2827
33.6292
34.0624
34.4972
34.8402
35.7193
36.1575
37.0379
37.3854
38.2627
38.6982
39.0368
39.3744
39.6366
39.929
40.186
40.5109
40.8359
41.6974
42.5642
43.4265
43.7038
43.8986
44.068
44.2184
44.3507
44.4959
44.6994
44.9076
45.1545
45.4795
46.3457
47.2249
48.1068
48.9906
49.8771
50.7595
51.6395
52.5159
53.3928
54.2671
55.1385
55.4678
55.7804
56.1766
56.4111
56.6491
56.8354
57.0325
57.2252
57.4152
57.6203
57.8724
58.1806
58.4937
58.8109
59.1757
60.0817
60.9931
61.9015
62.8054
63.7057
64.6007
65.4901
66.3737
67.2469
68.1116
68.9707
69.8364
70.7066
71.5847
72.4654
73.3511
74.2403
75.1329
76.0303
76.9308
77.8337
78.7348
79.6322
80.5238
81.4119
81.7548
82.6183
83.4849
84.3402
84.7321
85.558
85.85
86.2269
86.5283
86.9202
87.3219
87.7308
88.5937
89.0186
89.4398
90.314
91.1993
92.081
92.9584
93.8324
94.2516
94.5714
94.9739
95.8261
96.0985
96.4016
96.6263
96.8158
97.0025
97.2236
97.4447
98.2764
99.1147
99.9448
100.774
101.599
102.427
103.251
104.073
104.901
105.732
106.567
106.871
107.17
107.472
107.733
107.905
108.089
108.239
108.387
108.557
108.764
109.012
109.265
109.595
109.883
110.306
111.186
112.079
112.525
112.876
113.314
113.622
113.863
114.143
114.352
114.561
114.749
114.926
115.167
115.445
115.689
116.043
116.399
116.757
117.653
118.56
119.468
119.838
120.74
121.651
122.557
123.459
124.358
125.252
126.141
126.486
126.768
127.042
127.301
127.605
127.915
128.235
128.645
129.514
130.395
131.281
132.171
133.064
133.51
134.402
135.297
136.186
137.067
137.939
138.797
139.64
140.464
141.254
141.972
142.522
143.068
143.078
143.615
144.162
144.708
144.718
144.718
145.255
145.804
146.265
146.187
146.112
145.573
145.403
144.751
144.666
143.966
143.707
143.549
143.38
143.315
143.264
143.263
143.263
143.35
143.352
143.352
143.352
143.935
144.143
144.82
145.072
145.792
146.51
147.171
147.294
147.369
147.369
146.758
146.135
145.541
144.919
144.296
143.833
143.287
143.277
142.825
142.817
142.817
143.356
143.904
144.366
144.986
145.071
145.736
146.411
147.097
147.792
148.027
148.213
148.349
148.934
149.077
149.618
149.176
149.168
149.168
148.629
148.619
148.619
148.619
148.167
148.159
148.159
148.159
148.159
148.159
148.159
148.159
148.159
148.159
148.159
147.708
147.7
147.7
147.7
147.7
147.7
147.7
148.238
148.247
148.248
147.71
147.539
146.925
146.84
146.616
146.477
146.277
146.009
145.764
145.127
144.955
144.865
144.864
144.864
144.326
144.316
144.316
144.767
145.313
145.774
145.783
146.366
146.914
147.536
147.584
147.601
147.564
147.501
146.809
146.147
145.473
144.812
144.151
144.139
143.601
143.053
143.043
143.043
143.043
143.581
144.129
144.676
144.732
145.406
146.081
146.254
146.344
146.416
146.455
146.418
146.396
146.395
146.527
146.442
145.989
145.981
146.432
146.979
147.44
148.032
148.692
149.316
150.01
150.706
150.971
151.692
152.354
152.978
153.638
154.188
154.737
155.285
155.295
155.295
155.295
155.833
155.843
155.843
155.843
155.843
155.843
155.843
155.843
155.843
156.426
156.482
156.528
156.529
156.529
156.529
156.442
155.902
155.354
154.806
154.797
154.796
155.247
155.256
155.256
155.256
155.256
155.256
155.256
155.256
155.256
155.256
155.256
155.256
155.256
155.256
155.256
155.256
155.256
155.256
155.256
155.256
155.256
155.256
155.794
156.415
156.513
157.127
157.787
157.959
158.661
159.372
159.624
159.883
160.109
160.209
160.822
161.371
161.833
161.841
161.841
161.841
161.841
162.292
161.849
162.292
162.3
162.301
162.301
162.388
162.928
163.476
164.097
164.72
165.314
165.937
166.56
167.022
167.569
167.578
168.03
168.038
168.038
168.038
168.038
168.038
167.5
168.028
168.038
168.038
167.587
167.579
168.03
168.49
168.95
168.958
169.41
169.418
169.87
169.878
169.878
170.417
170.426
170.427
170.427
170.878
170.886
170.886
170.886
170.886
170.886
170.886
170.886
170.886
170.886
170.435
170.339
170.337
169.886
169.878
169.877
169.426
168.966
168.506
168.498
168.047
168.577
169.198
169.821
169.993
170.669
170.903
171.018
171.197
171.308
171.404
171.368
171.201
170.493
169.789
169.665
169.014
168.39
168.379
167.841
167.293
166.744
166.735
166.734
166.734
166.808
166.904
167.016
167.154
167.215
167.202
167.215
167.191
167.156
166.464
166.378
166.251
165.711
165.25
164.703
164.693
164.241
164.233
164.771
164.78
164.781
165.319
165.489
166.104
166.728
167.389
168.034
168.133
168.587
169.134
169.596
169.153
169.145
169.145
168.693
168.233
168.225
168.225
168.225
168.225
168.226
168.226
168.226
168.226
168.226
168.226
168.226
168.226
168.226
168.226
168.226
168.226
168.226
168.226
168.226
168.226
168.226
168.226
168.226
168.764
168.774
169.312
169.86
170.408
170.956
171.504
172.052
172.6
173.148
173.696
173.706
173.706
173.706
173.706
173.706
173.706
173.706
173.706
173.706
173.706
173.255
173.247
173.247
173.247
173.247
173.247
173.247
173.247
173.247
172.796
172.249
172.239
171.7
171.152
170.603
170.055
170.045
169.593
169.134
169.126
168.674
168.666
169.117
169.577
169.585
169.672
169.674
169.674
169.674
169.222
169.214
169.214
169.214
168.762
169.205
169.213
169.213
169.213
169.213
169.664
169.221
169.213
169.213
169.213
169.213
169.213
168.762
168.754
168.215
167.667
167.119
166.497
165.836
165.151
164.506
163.861
163.776
163.236
163.226
162.774
162.679
162.677
162.677
162.677
162.677
162.677
162.677
162.677
162.677
162.677
162.677
162.677
162.677
162.139
161.591
161.043
160.495
159.947
159.399
158.851
158.841
158.841
158.841
158.841
158.841
158.841
159.38
159.389
159.841
159.849
159.85
160.301
160.761
160.683
160.23
160.135
160.133
160.133
160.133
160.585
160.593
160.507
161.044
161.593
162.186
162.735
162.856
163.024
163.194
163.35
163.39
163.428
163.429
162.796
162.674
162.671
162.671
162.132
161.54
160.99
161.518
162.066
162.614
163.162
163.805
164.479
165.14
165.374
165.61
165.767
165.844
166.508
167.058
167.519
167.528
167.077
167.069
166.53
166.52
166.52
166.52
166.069
166.512
166.52
166.52
166.52
166.52
166.972
166.98
166.98
166.98
166.98
166.98
166.529
166.434
166.884
166.354
166.345
166.345
165.807
165.71
165.708
165.17
165.161
165.16
165.16
165.16
165.16
165.16
165.16
165.16
165.16
165.16
165.16
165.16
165.16
165.16
164.709
164.163
164.153
164.153
163.701
163.693
163.693
163.693
163.693
163.242
162.782
162.774
162.774
162.774
162.774
162.774
162.236
162.226
161.688
161.679
161.679
161.679
161.679
161.678
161.678
161.227
161.219
160.767
160.759
160.758
160.307
160.299
160.299
160.837
160.396
160.927
160.891
160.847
160.751
160.552
160.326
160.11
159.909
159.773
159.232
158.611
158.148
158.14
158.591
158.6
158.6
158.6
159.051
159.059
159.059
158.521
158.963
158.971
158.433
157.885
157.263
156.603
155.918
155.708
155.093
154.543
153.996
153.448
153.438
153.889
153.897
154.436
154.984
155.532
156.154
156.815
156.962
157.06
157.157
157.159
157.048
156.435
156.263
156.165
155.551
155.002
154.38
153.831
153.369
152.823
152.813
152.813
152.813
152.813
152.813
152.813
152.9
153.44
153.449
153.354
153.241
153.115
152.952
152.238
151.5
150.795
150.084
149.397
149.186
148.599
148.05
147.589
147.58
147.58
147.129
147.121
147.659
147.668
147.623
147.084
146.462
145.839
145.216
144.555
144.407
143.713
143.038
142.377
141.753
141.647
141.601
141.599
141.526
141.685
141.761
142.374
142.567
143.22
143.77
144.319
144.415
145
145.55
145.021
144.429
143.769
143.084
142.423
141.873
141.325
141.229
141.141
141.067
141.604
141.613
141.076
141.066
141.604
142.065
142.525
143.072
143.082
142.47
142.459
142.911
142.381
141.833
141.284
140.691
140.142
139.594
139.132
138.673
138.665
138.577
138.124
138.028
138.565
138.123
138.654
138.663
138.663
139.201
139.749
139.221
139.211
138.672
138.124
137.502
136.953
136.36
136.349
136.349
136.349
136.349
136.349
136.349
136.349
136.349
135.898
135.803
136.339
136.349
136.349
136.801
136.809
136.809
136.809
136.809
136.809
136.809
136.809
136.809
136.809
136.809
136.809
137.346
137.356
137.443
137.444
137.444
137.444
137.444
137.445
136.993
137.437
137.445
137.897
137.905
137.905
138.356
138.365
138.816
138.824
139.276
139.284
139.867
140.46
141.104
141.765
142.451
143.126
143.787
144.382
144.931
145.015
145.468
145.476
145.476
145.476
145.024
145.016
144.564
144.556
144.105
144.635
144.644
144.645
145.183
145.731
146.352
146.561
147.238
147.899
148.522
149.071
149.619
149.716
149.717
149.717
149.717
149.717
149.717
149.717
149.717
149.717
150.255
150.803
151.351
151.434
152.085
152.709
153.332
153.976
154.6
155.149
155.233
155.234
155.037
154.96
154.285
153.624
152.928
152.266
151.605
151.01
150.999
150.547
151.078
151.269
151.922
152.596
153.307
154.031
154.318
154.476
154.639
154.704
154.671
154.555
154.381
154.085
153.333
152.59
152.307
151.59
150.904
150.694
150.734
150.735
150.896
151.51
152.133
152.794
153.48
153.732
153.948
154.062
154.137
154.139
154.072
153.96
153.908
153.709
153.594
152.943
152.771
152.156
151.533
151.071
151.062
150.611
150.065
150.142
150.727
151.386
152.072
152.733
153.282
153.83
154.378
154.925
155.546
155.558
155.558
156.096
156.105
156.105
156.105
156.105
156.105
156.105
156.717
156.728
156.728
157.266
157.814
158.363
158.956
159.505
160.053
160.514
160.974
160.37
160.225
160.025
159.911
159.297
159.126
158.585
158.037
158.028
158.027
158.027
158.565
159.113
159.662
160.21
160.832
161.382
161.975
161.447
161.438
161.438
161.438
160.987
160.527
160.519
160.519
160.97
161.516
161.526
161.526
161.526
161.526
161.526
161.526
161.526
161.526
161.978
162.437
162.445
162.445
162.445
162.445
162.445
161.994
161.986
162.437
162.445
162.445
162.445
162.445
162.897
163.356
163.364
163.365
163.365
163.365
162.913
162.905
162.905
162.905
162.905
162.321
161.772
161.224
160.762
160.303
159.711
159.118
159.107
158.568
158.02
158.01
158.548
158.558
158.557
158.557
158.557
159.009
159.017
159.018
158.434
158.337
157.723
157.063
156.346
155.617
154.931
154.245
154.012
153.358
152.809
152.261
152.251
152.251
152.702
152.71
152.711
152.711
152.173
152.163
152.163
151.625
151.077
150.456
149.906
149.358
149.274
148.623
148.16
147.613
146.99
146.441
145.979
146.509
146.605
147.256
147.879
148.564
148.774
149.01
149.663
149.873
150.46
150.922
151.382
150.939
151.382
151.39
150.939
150.931
150.48
150.923
151.019
151.559
152.18
152.875
153.586
153.858
154.607
155.367
155.659
156.386
157.11
157.346
157.999
158.55
158.56
158.363
157.821
157.2
156.65
156.102
156.006
156.455
156.464
157.003
157.646
158.307
158.968
159.642
159.766
160.417
160.627
161.243
161.866
162.488
162.5
162.951
162.959
163.498
163.958
163.967
163.967
163.429
163.419
163.419
163.419
163.419
163.419
162.967
162.959
162.959
162.959
162.959
162.959
162.959
162.959
162.959
162.959
162.959
162.42
162.411
162.411
162.411
162.411
162.411
162.411
162.411
161.872
161.863
162.475
163.159
163.82
164.481
165.104
165.727
166.276
166.824
166.834
166.834
166.834
166.834
166.834
166.834
166.834
166.834
166.834
166.834
167.372
167.381
167.381
166.93
166.921
167.373
167.381
167.381
167.381
166.929
166.921
166.921
166.921
166.921
166.384
166.374
166.374
166.374
166.374
166.374
166.374
166.374
166.374
166.374
166.374
166.825
166.833
166.834
166.296
166.286
166.286
166.286
166.286
166.286
166.286
166.286
166.286
166.286
166.738
166.746
166.746
166.746
166.746
167.329
167.427
167.967
168.429
168.888
169.48
170.073
170.084
170.172
170.173
169.59
168.967
168.273
168.038
167.4
166.777
166.153
165.603
165.506
165.548
166.087
166.709
167.37
168.086
168.815
169.501
170.187
170.421
170.623
170.712
170.801
170.802
170.219
169.758
169.749
169.298
168.752
168.741
168.741
168.741
169.279
169.827
170.448
170.998
171.008
171.62
172.281
172.744
172.753
173.366
173.915
173.926
173.388
173.83
173.838
173.838
173.838
174.29
174.749
174.757
175.209
175.217
175.217
175.217
175.669
175.677
175.677
176.128
176.136
176.587
176.595
177.047
177.055
177.055
177.055
177.055
177.507
177.515
177.515
177.966
177.974
177.974
178.425
178.434
178.434
178.972
179.631
180.181
180.803
181.352
181.9
181.91
181.459
181.451
180.867
180.244
179.695
179.146
178.597
178.586
178.586
178.586
178.586
178.134
177.674
178.117
178.125
178.125
177.673
177.126
176.505
175.844
175.696
174.968
174.221
173.458
172.719
171.989
171.736
171.058
170.433
169.81
169.261
169.251
169.251
169.251
169.251
169.251
169.251
169.789
169.348
169.34
168.801
168.791
168.791
168.791
168.791
168.792
168.792
168.792
168.792
168.792
168.792
168.792
168.792
168.792
168.792
168.792
168.792
168.792
168.254
167.706
167.085
166.426
165.723
165.037
164.326
163.639
162.977
162.354
162.161
162.026
161.485
161.023
161.015
161.015
161.466
161.474
161.023
161.014
160.563
160.641
160.104
159.511
158.961
158.368
157.746
157.072
156.522
155.9
155.35
154.802
154.341
154.332
153.881
154.411
154.42
154.42
154.42
153.969
153.961
153.961
153.961
153.961
153.961
153.961
153.961
153.961
153.51
152.964
152.954
153.405
153.413
153.413
153.413
153.413
153.413
153.413
153.865
154.411
155.004
155.089
155.162
155.189
155.15
155.056
154.942
154.774
154.552
154.319
153.55
152.796
152.058
151.341
150.655
149.995
149.446
149.277
149.725
150.185
150.645
150.042
149.966
149.7
148.944
148.595
148.337
148.055
147.224
146.373
145.526
144.693
143.865
143.051
142.797
142.054
141.318
140.658
140.576
140.574
140.574
141.025
140.882
140.09
139.241
138.37
137.481
136.581
135.67
134.753
133.826
132.894
131.962
131.033
130.107
129.183
128.264
127.347
126.436
125.531
124.639
123.77
122.917
122.078
121.251
120.451
119.681
118.977
118.426
117.965
117.282
116.539
115.773
114.986
114.177
113.354
112.524
111.686
110.872
110.107
109.557
109.474
109.156
108.875
108.612
108.359
108.021
107.672
107.317
106.966
106.077
105.634
104.751
104.314
103.89
103.019
102.145
101.734
101.371
101.122
101.038
101.235
101.374
101.386
101.349
101.286
101.187
101.095
101.039
101.1
101.714
101.612
101.353
100.518
99.6543
98.774
97.8851
97.0009
96.1198
95.2417
94.8214
93.9595
93.6349
92.7896
91.9425
91.1026
90.273
89.9864
89.1949
88.4123
87.6299
86.8421
86.0305
85.2089
84.3721
83.5267
82.6746
81.8124
80.9354
80.0523
79.7008
79.3638
79.1096
78.9019
78.7517
78.6021
78.4933
78.3847
78.3183
78.2816
78.9141
79.5089
79.6068
80.0603
80.0684
80.0686
80.0686
80.0686
80.5205
79.979
79.7216
79.4362
79.214
79.0105
78.7489
78.524
78.2953
78.1093
77.7961
77.5465
77.223
76.8963
76.4782
75.6035
75.1689
74.2836
73.3942
72.5073
71.6233
71.1955
70.3256
69.4485
68.5737
67.7042
66.8412
65.9992
65.1777
64.3744
64.0394
63.8151
63.0959
62.4108
61.862
61.8522
61.852
61.852
61.1486
60.3804
59.5859
58.7698
57.9352
57.6311
57.394
57.1863
56.9973
56.8433
56.7207
56.591
56.5237
56.4862
56.4644
56.4481
56.4827
56.6514
57.3269
57.9876
58.5365
59.1571
58.6309
58.0104
57.3267
57.2001
57.1061
57.0551
57.024
57.0189
57.031
57.0495
57.067
57.0842
57.0862
57.066
57.0353
56.9837
56.9058
56.7833
56.6371
56.4149
56.1589
55.2986
54.4342
53.5758
53.4094
53.3671
53.3804
53.4307
53.5136
53.6135
53.7171
53.8153
53.9128
54.0161
54.1187
54.2123
54.2962
54.3723
54.439
54.5077
54.5736
54.6433
54.7046
54.7423
54.7685
54.7865
54.7968
54.7848
54.7522
54.6357
54.3709
54.0042
53.8455
53.7403
53.6462
53.5657
53.4982
53.4432
53.3888
53.3421
53.2673
53.1474
52.8185
52.5678
52.488
52.4693
52.5041
52.5727
52.7008
52.895
53.1751
53.4544
53.6932
53.8724
53.9953
54.0924
54.1557
54.206
54.233
54.2362
54.1947
54.1232
53.9636
53.5749
53.2938
53.218
53.2832
53.5581
53.7754
53.8463
53.8023
53.5964
52.7755
52.6845
52.7166
52.8268
53.1391
53.5584
53.7338
53.8398
53.9084
53.9512
53.9843
54.0187
54.06
54.1017
54.1415
54.1865
54.2161
54.2214
54.1899
54.1276
54.0504
53.9694
53.8988
53.8305
53.7743
53.7215
53.6772
53.6499
53.6447
53.6555
53.6868
53.7342
53.8562
54.71
54.8238
54.8483
54.8404
54.7968
54.6768
54.4896
53.6646
52.8618
52.7629
51.9865
51.1388
50.2727
49.3943
48.5036
47.6058
47.2539
47.0641
46.9175
46.8053
46.7424
46.7203
46.7251
46.7938
46.9682
47.2817
48.1436
49.0164
49.2813
49.4774
49.603
49.6942
49.7807
49.8438
49.8874
49.9197
49.9354
49.9459
49.9667
49.992
50.0272
50.0749
50.1058
50.1523
50.2267
50.3274
51.0854
51.8142
51.9638
51.8307
51.096
50.3185
49.5211
49.3995
49.3248
49.2662
49.2192
49.1851
49.1584
49.1576
49.1765
49.2107
49.2559
49.3134
49.3869
49.5065
49.6659
49.9195
50.0322
49.9854
49.7458
48.9382
48.1003
47.248
46.3831
46.0454
45.7839
45.5788
45.4353
45.3161
45.2292
45.1725
45.1407
45.1188
45.1435
45.2379
45.5231
46.3581
47.2116
48.0699
48.3266
48.4614
48.5517
48.6173
48.6689
48.6954
48.7043
48.6973
48.6775
48.6487
48.6176
48.5871
48.5549
48.5225
48.4982
48.5097
48.5695
48.7124
48.993
49.8121
50.6476
50.9543
51.0887
51.1732
51.2169
51.2357
51.2298
51.2042
51.1681
51.1189
51.0551
50.9924
50.933
50.8742
50.846
50.8271
50.8357
50.8848
50.9946
51.2316
52.0882
52.5121
53.3823
53.6563
53.8578
53.9947
54.1154
54.197
54.2441
54.2653
54.2629
54.2306
54.1741
54.0814
53.9407
53.7339
53.538
53.3993
53.3555
53.4203
53.6623
53.9368
54.3051
55.1441
56.0026
56.1958
56.288
56.3378
56.348
56.317
56.2452
56.081
55.7405
55.4629
55.31
55.2166
55.1568
55.1068
55.0512
54.9696
54.865
54.6018
54.2932
54.3462
55.1125
55.9249
56.1125
56.2248
56.2871
56.3067
56.2962
56.2711
56.2199
56.1587
56.1106
56.0742
56.0597
56.0684
56.1
56.1578
56.2497
56.3599
56.5048
56.7776
57.1195
57.9918
58.864
59.0749
59.1497
59.1064
58.2928
58.188
58.1441
58.1006
58.0592
58.0197
57.9761
57.9284
57.8562
57.5393
57.47
57.4765
57.5199
57.609
57.7709
58.1205
59.0121
59.3732
59.6446
59.8247
59.9391
59.9982
60.0139
59.9799
59.8309
59.5359
58.6897
57.8319
57.5932
57.4393
57.3707
57.3578
57.369
57.4356
57.5615
57.7526
58.0673
58.925
59.7813
59.9411
60.0078
60.0169
60.0032
59.9314
59.7993
59.6165
58.7512
57.8662
57.5148
57.3194
57.1951
57.1164
57.0691
57.0672
57.1146
57.1979
57.3758
57.6962
58.5552
58.8759
59.7149
59.8512
59.9249
59.9342
59.8926
59.7788
59.5896
59.2784
59.0684
58.9432
58.8587
58.8133
58.7974
58.8096
58.8476
58.9093
59.0167
59.1596
59.3792
60.2397
61.1049
61.9569
62.1048
62.1434
62.1158
62.0103
61.7039
60.8466
59.968
59.0804
58.7945
58.6312
58.5242
58.4577
58.4134
58.4
58.4135
58.4556
58.5362
58.674
58.9272
59.7819
60.635
61.474
62.2983
62.4837
62.5077
62.4295
62.1784
61.3705
60.538
60.2278
60.0867
59.989
59.926
59.8942
59.8941
59.9181
59.974
60.0573
60.1719
60.3221
60.5333
61.3829
62.2314
63.0655
63.8852
64.6776
65.4159
66.0393
66.0505
65.9647
65.2737
65.1209
64.998
64.9174
64.8389
64.7777
64.7328
64.6934
64.6591
64.6344
64.6273
64.6164
64.6112
64.6137
64.6158
64.6352
64.6568
64.7376
65.2758
65.8218
65.7446
65.0953
64.3932
64.3004
64.3021
64.3147
64.3476
64.375
64.4066
64.4439
64.4923
64.5613
64.6423
64.7418
64.8369
64.9591
65.1132
65.3098
65.6008
66.4055
67.1749
67.8354
67.8473
67.8475
68.4952
69.2217
69.995
70.7972
71.0834
71.4551
71.7547
72.068
72.9254
73.7942
74.1156
74.9569
75.7939
76.6184
77.4164
78.1992
78.9524
79.5761
80.1236
80.1335
79.6826
80.3217
80.5452
80.8811
81.1609
81.4563
81.6899
81.9667
82.2971
82.5922
83.0215
83.8977
84.7728
85.6396
86.0423
86.4241
87.2385
88.0277
88.7564
89.3048
89.3146
89.8523
90.0204
90.2619
90.4603
90.5908
90.714
90.9056
91.0555
91.2143
91.3949
91.5912
91.8449
92.0592
92.2907
93.0876
93.4316
94.1833
94.4494
95.1019
95.1995
94.6633
94.6536
94.8047
95.0247
95.1725
95.3525
95.6499
95.8521
96.0172
96.2334
96.4953
96.722
97.0496
97.3706
98.2171
99.0617
99.3506
100.136
100.906
101.591
102.14
102.149
102.688
102.698
103.401
104.153
104.947
105.225
106.047
106.896
107.754
108.622
109.497
110.37
111.233
112.087
112.927
113.754
114.116
114.883
115.629
116.29
116.302
116.302
116.302
116.991
117.316
118.121
118.504
118.813
119.219
119.551
119.89
120.775
121.674
122.027
122.901
123.775
124.639
125.488
126.317
127.115
127.41
128.024
128.035
128.035
128.035
128.035
128.645
129.381
130.145
130.493
131.303
132.135
132.981
133.835
134.701
135.117
135.967
136.809
137.641
138.453
139.245
140.016
140.744
141.405
141.417
141.417
141.417
141.417
141.417
141.417
141.417
141.417
141.955
142.654
143.417
144.224
144.605
145.44
146.298
147.167
148.044
148.926
149.805
150.225
151.08
151.392
151.671
152.476
153.254
153.454
153.529
153.531
153.531
154.069
154.726
155.429
156.192
156.516
156.772
157.572
158.403
159.245
160.09
160.933
161.763
162.586
163.385
163.729
163.942
164.112
164.763
165.311
165.321
165.321
165.321
165.321
164.783
164.774
164.773
164.322
164.314
164.851
165.312
165.859
166.407
166.417
165.966
166.496
166.054
165.595
165.135
165.127
165.127
165.127
165.127
165.127
165.127
165.578
165.586
166.125
166.585
167.133
167.681
168.303
168.897
169.447
170.039
170.501
170.51
170.51
170.51
170.51
170.961
170.431
169.884
169.874
169.874
169.874
169.874
170.325
170.785
171.332
171.975
172.649
172.823
173.5
174.186
174.861
175.523
176.118
176.741
177.335
177.346
177.797
177.806
178.257
177.814
178.257
178.803
178.812
179.351
179.898
180.557
180.75
181.291
181.95
182.653
183.315
183.938
184.598
184.697
184.785
184.787
184.249
184.777
184.787
184.787
184.335
184.327
184.327
184.327
184.327
184.327
183.789
183.779
184.318
183.789
183.78
183.78
183.78
183.78
183.241
182.694
182.072
181.523
180.975
180.878
180.876
180.876
180.876
180.876
180.876
180.876
180.876
181.327
181.336
181.787
182.334
182.795
183.342
183.439
182.902
182.354
182.299
181.76
181.212
180.751
180.204
179.743
179.734
180.186
180.194
180.194
180.194
180.194
180.194
179.655
179.194
178.573
178.339
177.661
176.986
176.282
175.558
174.84
174.587
173.919
173.274
172.723
172.262
172.253
171.802
171.794
171.794
171.794
171.794
171.159
170.464
169.721
168.95
168.163
167.356
166.542
165.714
164.879
164.053
163.696
162.907
162.129
161.377
160.646
160.02
159.469
159.458
159.457
159.456
159.319
158.578
157.798
157.522
157.239
156.4
155.538
154.672
153.796
152.93
152.071
151.674
151.386
150.58
149.788
149.039
148.362
147.809
147.346
147.337
146.798
146.565
146.346
146.1
145.296
144.461
143.613
142.752
141.883
141.007
140.673
139.817
138.968
138.579
137.754
136.949
136.166
135.459
134.861
134.851
135.301
134.77
134.48
134.137
133.772
132.924
132.054
131.169
130.274
129.372
128.466
127.559
126.659
125.767
124.882
124.012
123.159
122.333
121.547
120.839
120.826
120.826
120.19
119.405
118.574
118.167
117.297
116.943
116.589
115.69
114.774
113.853
112.936
112.024
111.12
110.225
109.341
108.475
108.083
107.283
106.574
106.104
106.096
105.401
104.596
103.747
102.876
101.989
101.091
100.184
99.7197
98.8068
97.8817
96.9611
96.0464
95.1401
94.2418
93.8062
92.9429
92.0946
91.2727
90.4737
89.6954
88.8848
88.5013
88.1068
87.2492
86.9107
86.0365
85.1456
84.256
83.8262
82.9626
82.0925
81.2113
80.3228
79.4268
79.0627
78.1643
77.2515
76.8704
75.9543
75.0231
74.0899
73.1609
72.774
72.4023
72.1109
71.7552
71.4093
71.0757
70.2255
69.3759
68.5254
67.6542
66.7704
65.8743
64.9707
64.0597
63.1429
62.222
61.2961
60.3736
59.452
58.9839
58.6125
58.2446
57.9216
57.5563
57.1913
56.7393
56.3751
55.9225
55.0208
54.1146
53.2121
52.3141
51.4193
50.5272
49.6371
49.2892
48.8639
48.5987
48.3942
48.1793
47.9446
47.7317
47.5358
47.3318
47.1126
46.863
46.5826
46.2052
45.7381
44.8221
44.3553
43.4511
42.5454
41.6435
40.7436
40.4809
40.2815
40.1335
40.0141
39.9042
39.8039
39.7019
39.6073
39.5181
39.4185
39.2982
39.1654
39.0132
38.8337
38.6338
38.3327
37.9614
37.5079
36.6026
36.2335
36.0126
35.8578
35.7304
35.6355
35.5546
35.4918
35.4365
35.3805
35.3309
35.2664
35.1942
35.1118
35.0181
34.9088
34.7766
34.6007
34.3554
33.9884
33.5361
32.6337
32.2615
32.0337
31.8833
31.7595
31.6525
31.5687
31.4995
31.4404
31.3843
31.3323
31.2742
31.2093
31.128
31.0362
30.9379
30.8093
30.6559
30.4302
30.0995
29.187
28.2678
27.8924
27.7211
27.6093
27.5182
27.4588
27.4124
27.3743
27.344
27.3157
27.2881
27.2577
27.2208
27.1777
27.1297
27.0694
26.9934
26.8949
26.757
26.5445
25.6405
24.7266
24.4474
24.3154
24.2272
24.1621
24.1133
24.0724
24.035
24.0039
23.9784
23.9571
23.931
23.8983
23.8577
23.8095
23.7517
23.6818
23.5985
23.4816
23.2682
22.8175
21.9082
21.6873
21.58
21.5143
21.4646
21.4235
21.388
21.3619
21.3409
21.3235
21.3081
21.2861
21.2563
21.2187
21.1751
21.1224
21.056
20.9659
20.8521
20.7187
20.5688
20.4564
20.3718
20.3038
20.2436
20.1908
20.1425
20.1
20.0555
19.9992
19.9294
19.8545
19.7886
19.7313
19.6834
19.6436
19.6111
19.5855
19.5655
19.5557
19.5569
19.5682
19.5791
19.5844
19.5814
19.5702
19.5499
19.517
19.4702
19.401
19.3162
19.2276
19.1594
19.1052
19.0645
19.0323
19.0087
18.9919
18.9805
18.9738
18.9686
18.9663
18.9638
18.961
18.9569
18.9525
18.9471
18.9403
18.9349
18.9233
18.9091
18.8877
18.8595
18.8238
18.7813
18.7337
18.6814
18.6258
18.5646
18.5041
18.4447
18.3901
18.3484
18.3174
18.2943
18.2759
18.2617
18.2483
18.2366
18.2249
18.2166
18.2088
18.1959
18.1761
18.1499
18.1166
18.0786
18.0412
18.003
17.9633
17.9199
17.8789
17.8458
17.8253
17.8144
17.8123
17.8141
17.8168
17.8208
17.8251
17.8268
17.8269
17.8266
17.8212
17.8091
17.7894
17.7657
17.7362
17.7032
17.6718
17.6439
17.6194
17.5976
17.5783
17.5678
17.5653
17.5666
17.571
17.5759
17.5765
17.5735
17.5653
17.5551
17.5446
17.5278
17.5046
17.4775
17.4464
17.4158
17.3873
17.3618
17.3387
17.3177
17.2964
17.2761
17.2631
17.2573
17.2576
17.2611
17.2685
17.2764
17.2839
17.2915
17.3007
17.31
17.3114
17.3049
17.2902
17.2685
17.24
17.2106
17.1839
17.1582
17.1323
17.1106
17.1022
17.1053
17.1259
17.1708
17.238
17.3105
17.3775
17.4446
17.4975
17.518
17.5166
17.5021
17.4765
17.4413
17.4008
17.3599
17.3202
17.2826
17.2503
17.2268
17.2163
17.2189
17.2277
17.2443
17.2653
17.2895
17.3167
17.3459
17.3706
17.3833
17.3809
17.3632
17.3456
17.3257
17.3048
17.2827
17.2591
17.2335
17.2109
17.1972
17.1983
17.2175
17.238
17.2642
17.2927
17.3206
17.3491
17.3755
17.4016
17.427
17.445
17.451
17.4528
17.4478
17.4364
17.4207
17.3994
17.3751
17.352
17.3318
17.3161
17.3071
17.3025
17.3001
17.3046
17.3143
17.3285
17.3433
17.3588
17.3715
17.3836
17.395
17.4017
17.4096
17.4113
17.4064
17.3932
17.3779
17.3624
17.3511
17.3399
17.3272
17.3192
17.3126
17.3114
17.3167
17.326
17.3328
17.3397
17.3432
17.3439
17.3453
17.3467
17.3451
17.3392
17.3254
17.3083
17.2907
17.2727
17.2553
17.2394
17.2219
17.2028
17.1878
17.1813
17.1847
17.1945
17.2088
17.2267
17.2483
17.276
17.3067
17.3419
17.3695
17.3912
17.4125
17.4271
17.438
17.4463
17.4508
17.4495
17.4456
17.4384
17.428
17.4194
17.4083
17.3995
17.3927
17.3853
17.3807
17.377
17.3739
17.3698
17.3705
17.3699
17.3676
17.3597
17.3475
17.3336
17.3141
17.2935
17.2725
17.2521
17.2315
17.2128
17.2008
17.1948
17.194
17.2015
17.2211
17.2483
17.2728
17.3036
17.3309
17.3591
17.3782
17.3889
17.3938
17.3902
17.3795
17.3622
17.3451
17.3282
17.3126
17.2995
17.2903
17.2866
17.2864
17.2913
17.3031
17.328
17.353
17.3743
17.3967
17.4134
17.4274
17.4418
17.4522
17.4586
17.4592
17.4497
17.4362
17.4231
17.407
17.392
17.3782
17.3645
17.3521
17.3437
17.3439
17.3513
17.3691
17.3936
17.4204
17.4434
17.4647
17.4829
17.5052
17.5217
17.5254
17.5218
17.5055
17.4718
17.4174
17.3443
17.2653
17.1902
17.1107
17.0452
17.0148
17.0048
17.0101
17.0247
17.0448
17.0688
17.093
17.1151
17.1386
17.1593
17.1742
17.1802
17.1741
17.1642
17.1522
17.1357
17.1207
17.1075
17.0949
17.0913
17.0999
17.1191
17.1563
17.189
17.2136
17.2377
17.2535
17.2663
17.2725
17.2738
17.2703
17.2617
17.2358
17.2099
17.1786
17.1484
17.1224
17.0993
17.0858
17.071
17.0525
17.0395
17.0408
17.0451
17.0615
17.0843
17.1033
17.1207
17.1299
17.1399
17.1556
17.1668
17.1762
17.1818
17.1802
17.1695
17.1615
17.1536
17.1514
17.1516
17.1504
17.15
17.1445
17.1424
17.1451
17.158
17.1636
17.1658
17.1588
17.1459
17.1277
17.1079
17.0889
17.0663
17.0414
17.0106
16.9798
16.9513
16.9295
16.9142
16.9082
16.9146
16.9294
16.9517
16.9908
17.0483
17.1051
17.1412
17.1688
17.1882
17.2005
17.2053
17.2084
17.213
17.2116
17.2043
17.1944
17.1876
17.1786
17.1695
17.1583
17.1423
17.1286
17.1118
17.1014
17.0989
17.0917
17.0922
17.0947
17.0996
17.1086
17.1252
17.1396
17.1544
17.173
17.1899
17.2095
17.2231
17.234
17.2448
17.255
17.2633
17.2709
17.2775
17.2792
17.2766
17.2777
17.2789
17.284
17.2874
17.2966
17.3073
17.3195
17.3316
17.3422
17.358
17.3647
17.3709
17.3733
17.3698
17.3481
17.3176
17.2911
17.2596
17.2317
17.2009
17.1821
17.1713
17.1639
17.1623
17.1729
17.1909
17.208
17.2376
17.2671
17.2881
17.3034
17.3098
17.315
17.3172
17.3084
17.2874
17.2651
17.2393
17.2158
17.2042
17.1997
17.2067
17.2206
17.2481
17.3014
17.3843
17.4677
17.527
17.5599
17.5743
17.5756
17.5694
17.5568
17.5364
17.5064
17.4705
17.4286
17.3882
17.3516
17.325
17.3078
17.302
17.3083
17.3285
17.3579
17.3952
17.4251
17.4436
17.4581
17.465
17.4685
17.4662
17.4626
17.4579
17.4519
17.4487
17.4481
17.4499
17.4552
17.4669
17.4735
17.4888
17.5028
17.5139
17.527
17.5368
17.5463
17.5561
17.5634
17.5733
17.5965
17.6075
17.6157
17.619
17.616
17.6086
17.587
17.565
17.5464
17.5249
17.503
17.4882
17.4812
17.4804
17.4818
17.4825
17.491
17.5021
17.5209
17.5349
17.5545
17.5695
17.5849
17.6012
17.6191
17.6376
17.6567
17.6744
17.6799
17.6892
17.7027
17.7177
17.7318
17.7483
17.7682
17.7919
17.8116
17.8265
17.8479
17.8749
17.892
17.9062
17.9139
17.9168
17.9172
17.9135
17.9115
17.9141
17.9109
17.897
17.8965
17.9035
17.9215
17.9452
17.9766
18.0171
18.0681
18.1124
18.1577
18.2129
18.2637
18.3065
18.3449
18.3774
18.3956
18.4033
18.3951
18.3787
18.3516
18.3098
18.2696
18.2544
18.2458
18.2457
18.2613
18.2806
18.3151
18.3517
18.3876
18.4164
18.4488
18.4636
18.4829
18.4997
18.5129
18.5259
18.5302
18.5401
18.5501
18.568
18.5867
18.6155
18.6349
18.6562
18.6781
18.6961
18.7227
18.7467
18.7782
18.7989
18.8176
18.8386
18.8714
18.9006
18.9252
18.9524
18.9725
18.994
19.0106
19.0372
19.0631
19.0871
19.1054
19.1291
19.1507
19.1701
19.1917
19.2107
19.2285
19.2379
19.2577
19.2797
19.307
19.3318
19.3708
19.4216
19.481
19.5393
19.6084
19.6998
19.7609
19.8093
19.8557
19.8988
19.9311
19.9487
19.9623
19.9621
19.9618
19.9657
19.9802
20.0072
20.0354
20.0682
20.1114
20.1703
20.2264
20.3116
20.404
20.481
20.5415
20.586
20.6205
20.6419
20.6282
20.5858
20.5492
20.5253
20.5183
20.5303
20.5576
20.598
20.6477
20.7034
20.7706
20.8453
20.9213
20.9967
21.1032
21.2016
21.3019
21.3718
21.4126
21.4518
21.4918
21.5224
21.564
21.6193
21.6681
21.7248
21.7702
21.8287
21.9051
21.9664
22.0379
22.1037
22.1563
22.2072
22.2574
22.2985
22.3545
22.3968
22.4334
22.4837
22.5219
22.5648
22.6154
22.6697
22.721
22.771
22.8103
22.8636
22.9118
22.9678
23.0099
23.0646
23.1183
23.1659
23.2144
23.2727
23.3296
23.3785
23.4302
23.4775
23.5569
23.6251
23.7162
23.8518
23.9945
24.127
24.4158
24.7396
25.645
25.9249
26.0685
26.1821
26.248
26.2957
26.352
26.3935
26.4176
26.4421
26.466
26.4977
26.5267
26.5639
26.6237
26.7109
26.8149
26.9351
27.2987
27.6686
28.5854
29.5124
29.9917
30.9175
31.8539
32.7853
33.1033
34.0273
34.3073
35.2215
35.5601
35.8907
36.2617
36.554
36.6888
36.8126
36.9396
37.0079
37.0715
37.1178
37.1665
37.2149
37.2824
37.3509
37.4614
37.5839
37.6873
37.8963
38.269
38.6402
39.0116
39.2714
39.5361
39.9841
40.1924
40.372
40.6248
40.7384
40.8379
40.9364
41.0679
41.2499
41.4618
41.6289
41.8753
42.0694
42.3138
42.673
43.5756
44.0238
44.3865
44.8309
45.727
46.0924
46.3322
46.5761
46.8484
46.984
47.1672
47.2802
47.3898
47.5368
47.6252
47.7771
47.9668
48.2038
48.4161
48.6642
48.8359
49.7366
50.6553
51.5702
51.8366
52.7401
53.6497
53.9137
54.1696
54.3364
54.4651
54.6266
54.824
54.9503
55.1001
55.2706
55.4891
55.8203
56.6807
57.5284
57.7906
58.0815
58.9603
59.3145
59.5879
60.0319
60.9346
61.2353
61.3738
61.4986
61.6076
61.6558
61.7042
61.7388
61.7598
61.7584
61.7577
61.749
61.7516
61.764
61.7976
61.8741
61.977
62.1747
63.0596
63.2697
63.3928
63.5107
63.6217
63.706
63.772
63.8261
63.8662
63.9136
63.9583
64.0205
64.0865
64.1728
64.2658
64.3841
64.56
64.8701
65.7317
66.597
67.4622
67.7917
68.1111
68.3592
68.5552
68.732
68.9094
69.0787
69.2051
69.3378
69.4723
69.6169
69.8116
70.0293
70.3558
70.6863
71.5456
72.4223
73.3052
73.7273
74.6033
75.4888
76.3712
76.7973
77.6675
78.0941
78.9577
79.8231
80.6949
81.1073
81.9806
82.8515
83.7263
84.6113
85.4991
86.3791
87.2683
88.1607
89.0479
89.4863
90.3349
91.2011
92.0422
92.8342
93.6142
94.4078
95.0381
95.0248
94.5733
94.75
94.9762
95.157
95.4083
95.6811
95.9949
96.4035
97.2823
98.1697
98.6151
99.4935
100.375
100.797
101.642
102.472
103.284
104.081
104.64
105.195
104.667
104.119
104.024
103.411
102.788
102.239
102.304
102.306
102.418
101.882
102.456
103.049
103.599
104.221
104.992
105.782
106.57
106.956
107.794
108.663
109.078
109.398
110.241
111.094
111.372
111.627
111.984
112.151
112.694
112.791
113.332
113.992
114.186
114.642
115.333
116.051
116.698
117.491
117.756
118.562
119.34
120.071
120.325
121.067
121.292
121.47
121.524
122.064
121.536
121.44
121.977
121.901
121.899
122.439
123.098
123.76
123.934
124.698
124.972
125.311
125.642
125.809
126.167
126.375
126.553
126.636
126.791
126.992
127.722
127.735
127.283
126.824
127.464
127.476
127.476
128.125
128.785
129.086
129.864
130.611
130.778
131.546
132.293
133.011
133.221
133.225
132.774
132.766
132.926
133.512
133.523
134.062
134.233
134.687
134.695
135.308
136.082
136.875
137.676
138.532
138.933
139.786
140.12
140.54
141.416
141.835
142.223
142.61
143.439
144.237
145.017
145.705
145.718
146.41
147.183
147.972
148.777
149.604
150.447
151.296
152.156
153.006
153.851
154.674
154.952
155.735
155.874
156.055
156.168
156.17
155.631
155.622
155.622
156.159
156.707
157.328
158.012
158.715
159.432
160.15
160.896
161.65
162.388
163.117
163.804
164.465
165.014
165.562
165.572
165.034
165.024
165.475
165.483
165.483
165.483
165.483
165.483
165.934
165.942
165.491
165.482
165.933
165.941
165.942
165.942
165.942
165.942
165.942
165.942
165.942
165.942
166.393
166.401
165.95
165.942
165.49
165.482
165.482
165.482
166.094
166.105
166.105
166.193
166.355
166.402
166.535
166.624
166.494
165.909
165.898
166.349
166.357
165.906
166.349
166.357
166.357
166.357
166.357
166.357
166.357
166.357
166.896
166.906
166.979
166.943
166.807
166.67
165.963
165.772
165.602
164.926
164.223
163.561
162.9
162.277
162.266
161.814
162.258
162.266
162.266
162.266
162.352
161.814
161.221
161.136
161.04
160.798
160.626
159.898
159.599
158.867
158.18
157.936
157.248
156.585
155.94
155.477
155.469
156.006
156.016
156.016
156.016
156.467
155.937
155.841
155.839
155.913
155.376
155.293
155.181
154.506
154.383
153.842
153.833
153.833
153.833
154.284
153.841
154.284
154.292
154.743
154.883
155.337
155.884
155.981
156.027
156.115
156.029
155.415
154.821
154.679
154.544
153.959
153.365
152.903
152.444
152.435
152.886
152.894
152.357
152.885
152.895
152.895
152.357
152.261
152.797
152.721
152.182
151.974
151.279
150.594
149.933
149.761
149.22
148.672
148.124
148.115
148.114
148.114
148.114
147.861
147.093
146.82
146.441
145.595
145.179
144.764
144.348
143.477
142.606
141.765
140.966
140.278
139.727
138.983
138.16
137.313
136.46
135.603
134.752
133.91
133.088
132.277
131.487
131.25
130.52
130.428
130.265
130.085
129.876
129.678
128.909
128.14
127.375
126.631
125.926
125.24
124.616
124.605
124.605
124.153
123.496
122.834
122.123
121.385
120.655
119.925
119.221
118.534
118.448
117.995
117.987
117.987
117.987
117.448
117.35
116.699
116.054
115.393
115.295
114.756
114.135
113.586
113.038
113.028
113.028
113.028
113.028
113.028
113.028
113.028
113.028
113.028
113.479
113.487
113.939
113.947
113.947
113.947
113.947
114.398
114.858
115.317
115.777
116.324
116.334
116.786
116.926
117.512
117.071
117.063
117.063
117.515
117.071
117.063
117.063
117.063
117.063
117.063
117.063
117.15
116.613
116.602
116.689
116.706
116.746
116.771
116.792
116.81
116.81
116.784
116.863
116.929
117.041
117.654
117.214
117.206
116.755
116.295
115.675
115.504
115.414
115.414
115.459
115.621
116.257
116.51
116.682
117.411
118.161
118.901
119.588
120.284
120.98
121.642
122.288
122.751
122.759
122.759
122.759
122.308
122.3
121.848
122.378
122.926
123.474
124.022
124.569
125.191
125.851
126.536
126.746
127.288
127.298
127.298
127.298
127.298
127.298
126.847
126.839
126.3
126.204
126.202
126.202
126.653
127.2
127.662
128.209
128.38
128.966
128.948
128.992
128.993
129.125
129.127
129.041
129.039
129.039
129.039
129.577
129.586
129.587
129.587
130.124
130.672
130.682
131.219
131.229
131.339
131.494
131.631
131.744
131.82
131.821
131.82
132.358
132.368
132.368
132.368
132.368
133.073
133.311
134.113
134.953
135.807
136.675
137.012
137.878
138.757
139.628
140.469
141.268
141.418
141.348
141.542
141.818
142.116
142.509
143.357
144.208
144.598
145.413
146.223
147.013
147.789
148.528
148.781
149.485
150.213
150.519
150.719
150.949
151.125
151.428
151.624
151.868
152.094
152.71
152.721
152.721
152.722
153.371
153.581
154.284
154.484
154.665
154.846
155.089
155.316
155.481
155.936
155.944
155.944
155.944
156.483
157.032
157.691
158.336
158.997
159.547
160.095
160.716
161.265
161.275
161.275
161.275
160.738
160.728
160.728
160.728
160.728
160.728
160.728
160.19
160.18
160.18
160.18
160.18
160.18
160.18
160.18
160.18
160.18
159.641
159.094
158.997
158.383
158.285
158.283
158.151
157.697
157.237
156.778
157.221
157.229
157.229
157.229
157.229
157.229
157.229
157.68
158.227
158.775
159.236
159.878
160.523
160.732
161.419
162.13
162.848
163.56
164.185
164.779
165.329
165.339
165.79
166.249
166.709
167.168
167.788
168.411
168.961
169.509
170.057
169.98
169.527
169.519
169.518
168.98
168.432
167.884
167.336
166.875
166.866
166.866
166.866
166.866
166.866
166.866
166.866
167.318
167.326
167.239
166.699
166.078
165.484
164.862
164.24
163.69
163.097
162.549
162.452
162.451
161.999
161.991
161.991
161.991
162.442
162.901
163.361
163.907
164.456
164.015
164.007
163.468
162.92
162.298
161.637
161.402
160.749
160.666
160.52
160.409
160.166
159.94
159.891
159.307
158.685
158.222
158.214
157.762
157.303
157.295
157.294
157.294
157.294
157.294
157.833
158.38
158.929
159.026
159.566
160.114
160.21
160.75
160.76
160.76
160.76
160.76
160.76
160.149
160.003
159.388
158.704
158.018
157.301
157.11
156.381
155.663
154.959
154.297
153.674
153.589
153.661
153.749
154.289
154.836
155.297
155.306
155.306
155.757
155.765
155.766
155.766
155.766
155.314
155.757
155.314
155.306
155.306
155.306
155.393
155.439
155.44
155.441
155.441
155.354
155.352
154.813
154.804
155.255
155.263
155.714
155.722
156.261
156.809
157.358
157.819
158.279
158.739
158.747
158.747
158.747
158.747
158.747
158.747
158.747
158.747
158.747
158.747
158.747
158.209
157.748
158.277
157.748
157.287
157.365
157.367
157.367
156.828
156.819
156.818
156.818
157.356
157.366
157.366
156.915
156.295
155.635
154.974
154.257
153.571
152.946
152.936
152.862
152.787
152.786
152.874
152.876
153.459
153.921
154.38
154.302
154.3
154.3
154.3
154.3
154.3
154.3
154.3
154.3
154.3
154.3
154.3
154.3
154.3
154.752
154.76
154.76
154.76
154.76
154.76
154.309
154.301
154.301
154.301
154.301
153.763
153.214
152.666
152.073
151.43
150.745
150.034
149.834
149.556
149.311
149.146
149.032
148.935
148.86
148.858
148.771
148.77
148.77
148.77
148.77
148.77
148.77
148.77
148.77
148.77
149.308
149.856
150.026
150.612
150.782
151.397
151.946
152.088
152.177
152.265
151.816
152.259
151.815
151.225
150.565
149.904
149.176
148.411
147.632
146.845
146.495
145.71
145.47
145.257
145.136
145.067
145.035
145.072
145.756
145.914
146.608
147.312
147.387
147.322
147.221
147.126
146.838
146.086
145.781
145.454
144.684
143.916
143.168
142.433
141.729
141.053
140.429
139.835
140.275
140.283
139.832
139.824
139.824
139.824
139.824
139.824
139.373
138.826
138.89
139.027
138.992
139.016
139.041
139.056
139.081
139.091
139.105
139.124
139.124
139.124
139.198
139.2
139.651
139.659
139.659
139.659
139.659
139.659
139.207
138.747
138.156
137.605
137.144
137.048
136.507
136.497
136.045
136.035
136.574
137.035
137.582
138.043
138.589
139.051
139.146
138.695
138.687
138.103
137.554
136.933
136.383
136.374
135.835
135.826
135.826
135.826
135.826
135.826
135.826
135.826
135.826
135.826
135.826
135.287
135.278
135.278
135.278
135.278
135.278
135.816
136.277
136.285
136.824
136.833
137.285
137.293
137.293
137.832
137.841
137.841
137.841
137.841
137.841
137.841
138.293
138.912
139.573
140.234
140.95
141.637
142.261
142.81
143.432
144.055
144.677
145.139
145.148
145.148
145.148
145.148
145.686
145.696
145.696
145.157
144.61
144.149
143.689
143.143
143.133
143.133
142.682
142.674
142.135
142.126
142.125
142.125
142.125
142.125
142.125
142.125
142.577
142.585
142.585
142.585
142.585
143.123
143.671
144.219
144.361
144.997
145.682
146.393
147.131
147.87
148.574
149.285
149.947
150.592
151.216
151.765
152.314
152.324
152.324
152.324
152.324
152.324
152.324
152.324
152.324
152.324
152.324
152.324
152.775
152.783
153.234
153.243
153.243
153.694
154.154
154.613
155.072
155.08
155.08
155.212
155.863
156.524
156.8
157.105
157.876
158.663
159.464
160.257
160.498
160.71
160.906
161.087
161.256
161.288
160.639
160.492
159.816
159.154
159.142
159.253
159.938
160.204
160.946
161.706
162.463
163.25
163.489
163.666
163.865
164.052
164.209
164.336
164.413
164.997
164.47
163.922
164.364
164.285
164.283
164.283
163.745
163.736
164.186
164.733
164.742
165.28
165.939
166.599
167.26
167.963
168.666
169.395
170.099
170.785
171.446
172.069
172.167
172.706
172.716
172.716
172.716
172.716
172.716
172.716
173.168
173.628
174.22
174.77
175.232
175.328
175.869
175.879
176.331
176.792
176.8
176.8
176.349
175.889
175.43
175.422
175.873
176.333
176.881
177.023
177.564
177.647
178.187
178.197
178.735
178.745
178.745
178.745
178.745
178.745
178.745
178.745
178.745
178.207
178.197
178.284
177.747
177.199
177.189
176.738
176.73
176.191
176.181
176.181
175.73
176.173
176.181
176.181
176.181
176.181
176.181
176.181
176.181
176.181
176.181
175.643
175.634
175.633
175.633
175.633
175.096
175.086
175.086
175.086
175.086
175.086
175.086
175.086
175.086
175.086
174.635
174.627
174.626
174.626
174.626
175.165
175.713
176.174
176.181
176.72
176.19
175.569
175.376
174.722
174.616
173.923
173.211
172.535
171.861
171.237
170.613
170.064
169.603
169.595
169.595
169.595
169.595
169.595
169.595
169.595
169.594
169.594
169.594
169.594
169.594
169.594
169.594
169.594
169.594
169.056
169.046
168.434
167.886
167.265
166.58
165.919
165.258
164.573
163.888
163.202
162.541
161.991
161.37
161.359
161.359
161.359
161.359
161.359
161.359
161.359
161.359
161.359
161.359
161.359
161.811
162.27
162.278
162.279
162.73
163.19
162.747
162.288
162.279
161.74
161.731
161.731
161.817
162.357
162.905
163.498
164.158
164.843
165.529
166.191
166.814
167.363
167.373
167.824
167.833
167.833
167.833
167.833
168.371
168.512
169.053
169.6
170.148
170.696
171.244
171.254
171.792
172.34
172.35
172.888
172.359
171.899
172.429
171.9
171.352
170.805
171.333
170.804
170.257
170.247
170.247
170.247
170.247
170.247
170.247
170.247
169.709
169.699
170.15
170.158
170.159
170.159
170.159
170.159
170.159
170.159
170.159
170.159
170.159
170.159
170.159
170.61
170.618
171.069
171.078
171.078
171.078
170.54
170.982
171.441
171.901
171.909
171.371
171.361
171.361
171.274
171.272
171.811
171.82
171.82
171.82
171.82
171.82
171.82
171.82
171.82
171.82
171.82
171.82
171.82
171.82
171.66
171.657
171.584
171.582
171.495
171.494
171.494
171.494
171.043
171.034
170.582
170.574
170.035
170.025
169.486
168.893
168.299
167.625
166.964
166.268
166.102
165.436
164.84
164.247
163.697
163.773
163.235
163.225
162.774
162.766
162.766
162.766
162.766
162.766
162.766
162.679
162.066
161.443
160.758
160.041
159.295
158.538
157.773
157.454
156.708
156.508
156.4
156.327
156.364
156.546
157.241
157.34
157.322
157.259
157.122
156.969
156.724
156.377
155.59
154.81
154.039
153.309
152.585
151.898
151.253
151.154
151.152
151.152
150.614
149.971
149.31
148.625
147.907
147.178
146.957
146.212
146.085
145.9
145.809
145.832
145.942
146.055
146.73
147.415
148.101
148.762
149.312
149.394
148.784
148.235
147.687
147.138
146.59
146.58
146.58
146.58
146.042
145.421
144.736
144.018
143.322
142.584
141.825
141.106
140.388
140.135
139.919
139.464
139.995
139.894
139.747
139.437
138.647
137.835
137.007
136.17
135.321
134.479
133.647
132.843
132.071
131.408
130.945
130.325
129.573
128.769
127.932
127.085
126.681
125.836
124.989
124.152
123.332
122.532
121.761
121.056
120.505
120.495
120.495
120.45
120.288
119.636
119.513
119.4
119.303
118.689
118.604
118.492
117.791
117.053
116.299
115.539
114.762
113.98
113.184
112.915
112.13
111.35
110.606
109.93
109.467
109.458
108.846
108.172
107.43
106.651
105.858
105.056
104.267
103.493
102.733
101.994
101.275
100.589
99.9279
99.3331
99.3224
98.7846
98.2374
97.6446
97.0961
97.013
97.0115
96.4733
96.4636
96.4634
96.4634
96.4634
96.4634
96.4634
96.4634
95.9256
95.9159
95.3324
94.7385
94.1444
93.5215
92.8976
92.8121
92.3589
92.5106
92.5994
92.7605
92.3121
92.3901
92.3915
92.9296
92.9393
93.3908
93.851
94.311
93.8673
94.3985
94.408
94.9471
95.5401
96.1344
96.8078
97.4694
97.6273
97.784
98.4497
98.5078
98.4801
98.4812
98.3215
98.2469
97.572
97.3628
96.7761
96.1544
95.6051
95.0577
95.0478
95.0476
95.1341
95.2959
95.3726
95.4351
95.5291
95.6308
95.7271
95.7891
95.8977
96.0066
96.1221
96.3014
96.5586
96.7229
97.1772
97.1853
97.7975
98.4916
99.2296
99.9896
100.767
101.561
101.918
102.166
102.936
103.169
103.438
104.154
104.841
104.948
104.95
104.95
104.412
104.402
104.496
104.696
105.373
106.091
106.82
107.579
108.333
109.072
109.807
110.519
111.181
111.731
112.279
112.289
112.289
112.289
112.289
112.289
112.828
113.449
113.999
114.547
115.095
115.643
115.653
115.653
115.653
115.74
116.353
116.586
116.845
117.532
118.27
119.03
119.749
120.467
120.632
120.759
120.674
120.01
119.964
119.963
120.001
120.061
120.119
120.223
120.356
120.501
120.667
120.949
121.204
121.966
122.629
123.092
123.129
123.287
123.497
123.661
123.813
123.964
124.088
124.224
124.414
124.561
124.765
124.987
125.143
125.146
125.146
125.146
125.191
125.266
125.304
125.343
125.319
125.247
125.153
125.058
125.014
125.007
125.084
125.176
125.387
126.154
126.935
127.193
127.328
127.42
127.45
127.426
127.331
126.996
126.209
126.031
125.923
125.91
125.959
126.066
126.317
127.096
127.87
128.019
128.055
128.056
127.983
127.878
127.694
127.476
127.27
127.07
126.976
126.929
127.54
127.551
127.55
127.439
126.732
126.003
125.257
124.491
123.744
123.025
122.867
122.19
122.15
122.281
122.867
123.49
123.662
123.666
123.505
123.343
123.18
122.955
122.74
122.539
121.952
121.33
120.736
120.187
120.177
119.725
120.169
120.177
119.726
119.718
119.717
119.717
119.717
119.717
120.255
120.802
120.812
121.35
121.972
122.52
123.142
123.764
124.449
125.109
125.704
125.875
125.965
126.053
125.516
125.055
124.96
124.871
124.824
124.803
124.765
124.786
124.786
124.939
125.14
125.326
125.941
126.04
126.493
126.953
126.422
125.801
125.178
124.629
124.007
123.457
122.996
122.45
122.353
122.352
122.352
122.89
123.351
123.359
123.359
123.898
123.908
123.37
123.361
123.361
123.288
123.2
122.66
122.651
122.65
122.65
122.65
122.65
122.199
121.74
121.148
120.526
119.881
119.287
118.737
118.189
117.64
117.179
116.719
116.711
116.711
116.26
115.8
115.34
115.332
114.794
114.245
114.148
113.608
113.599
114.05
114.058
114.058
114.058
114.058
113.519
113.51
113.511
113.437
113.487
113.522
113.594
113.704
113.894
114.638
115.362
116.067
116.771
116.907
116.837
116.762
116.111
115.488
114.938
114.973
115.018
115.064
115.188
115.874
116.578
117.307
118.019
118.664
119.339
119.934
120.483
121.031
121.58
121.138
121.13
121.668
122.216
122.386
123.001
123.685
123.951
124.661
124.927
125.623
126.341
127.003
127.664
127.763
127.226
127.216
127.754
127.888
128.13
128.872
129.64
129.959
130.298
131.086
131.875
132.657
133.412
133.69
134.369
134.919
134.929
134.929
135.09
135.784
136.502
137.261
137.576
138.347
139.113
139.867
140.614
141.301
141.896
141.907
141.907
142.445
142.566
143.274
144.003
144.749
145.515
146.262
146.443
147.129
147.815
148.439
148.902
148.91
148.91
149.362
149.982
150.605
151.228
151.4
152.076
152.751
153.412
154.008
154.63
155.224
155.773
155.783
156.235
156.243
156.243
156.157
156.155
156.155
156.155
155.617
155.607
155.607
155.607
155.607
155.156
155.147
155.147
155.147
154.696
154.15
154.14
154.14
154.591
155.05
155.51
156.057
156.518
157.064
157.612
158.206
158.849
159.51
159.682
159.883
160.424
160.885
160.893
160.31
160.299
159.847
159.388
159.466
160.08
160.702
161.252
161.873
162.423
162.433
162.52
163.059
163.607
163.078
162.53
161.982
161.434
160.812
160.263
160.208
160.745
160.755
160.755
160.915
161.005
161.007
160.556
160.547
160.547
160.547
160.009
159.912
160.362
160.415
161.028
161.672
161.816
162.357
162.905
163.454
163.464
163.916
163.924
163.924
164.375
164.383
164.384
164.384
164.384
164.385
164.472
165.012
164.935
164.395
163.934
163.387
162.839
162.246
162.163
162.05
161.937
161.855
161.792
161.766
161.728
161.801
161.802
161.264
160.803
160.795
160.795
160.722
160.749
160.823
160.825
160.774
160.662
160.55
160.453
160.378
160.378
159.926
159.918
159.918
159.918
159.918
159.918
159.918
159.918
159.918
159.918
159.831
159.829
159.829
159.378
159.822
159.83
159.378
159.37
158.918
159.361
159.369
159.369
159.369
159.369
159.82
160.367
160.376
160.377
160.915
161.376
161.384
161.385
161.836
162.295
161.852
161.844
161.844
161.844
162.295
162.303
162.303
162.303
162.303
162.754
162.763
162.763
162.763
163.214
163.222
163.222
163.222
163.222
163.222
163.222
163.222
163.222
162.684
162.762
162.311
161.72
161.17
161.16
161.16
161.698
161.707
161.708
161.708
161.256
161.247
161.247
160.796
160.336
160.327
160.327
160.779
160.787
160.787
160.787
160.787
160.787
160.336
160.328
160.328
160.328
160.328
159.876
160.407
160.416
160.416
159.965
160.495
160.504
160.505
160.505
160.505
160.956
160.964
160.964
160.964
161.416
161.962
161.972
161.972
161.972
161.972
161.972
161.434
161.424
160.886
160.876
160.876
160.876
160.425
160.868
161.328
161.336
161.336
161.788
162.379
162.841
163.301
163.761
164.221
164.229
164.229
164.229
164.229
164.229
164.68
165.14
165.148
165.149
165.687
166.236
166.784
167.332
167.953
168.502
169.095
169.106
169.644
170.192
170.653
171.112
171.658
171.667
171.668
171.216
170.756
171.286
171.834
171.392
171.922
171.932
171.932
172.383
172.391
172.391
171.94
171.932
171.932
171.932
171.932
171.932
172.383
172.842
172.85
173.389
173.937
174.398
174.406
174.944
175.493
175.954
175.962
176.501
177.093
177.716
178.376
179.037
179.74
180.427
181.112
181.774
182.324
182.872
183.42
183.881
183.89
183.438
184.042
184.184
184.273
184.924
185.598
186.259
186.92
187.565
188.188
188.738
189.199
189.207
189.207
189.207
189.207
189.207
189.207
189.207
189.207
189.207
189.746
189.756
189.756
190.207
190.215
190.215
190.129
190.579
191.039
191.047
191.047
191.047
191.047
191.047
191.047
191.047
191.047
191.047
191.047
191.047
191.047
190.508
189.915
189.292
189.084
188.406
187.677
186.959
186.262
185.587
184.963
184.341
183.792
183.244
183.234
182.697
182.075
181.453
180.83
180.17
179.485
178.8
178.114
177.453
176.793
176.243
176.233
176.146
176.597
177.188
177.738
177.748
177.748
177.748
177.296
177.288
177.288
177.74
177.748
177.749
178.2
178.66
178.668
178.669
178.669
178.669
178.669
178.217
178.209
178.209
178.66
178.668
178.217
177.757
177.21
177.199
177.199
176.747
176.739
177.19
176.746
176.738
176.738
176.286
176.278
176.278
176.278
176.278
175.826
175.818
175.818
175.279
174.817
174.271
174.262
173.724
174.252
173.724
174.253
174.262
174.262
174.262
174.714
174.722
174.722
174.722
174.722
174.722
174.722
174.722
174.722
174.722
174.722
174.722
174.722
174.722
174.722
174.722
174.722
174.722
174.722
174.271
174.263
174.263
174.263
173.811
173.803
173.803
173.803
173.803
173.803
173.803
173.803
173.803
173.803
174.255
174.263
174.715
175.174
174.731
174.723
175.175
175.183
175.183
175.183
175.183
175.183
174.732
175.176
175.635
175.06
174.438
173.793
173.098
172.375
171.636
170.893
170.123
169.345
168.579
167.836
167.131
166.445
165.894
166.422
166.431
165.893
165.22
164.503
163.765
163.011
162.263
161.51
160.791
160.087
159.401
158.74
158.116
157.493
157.395
157.394
157.845
158.305
158.313
158.313
158.313
158.313
158.313
158.313
158.313
158.313
158.313
157.862
157.316
157.306
156.854
156.846
156.846
156.846
156.395
156.387
156.387
156.387
156.387
156.387
156.387
156.924
156.934
156.934
156.934
156.934
156.483
156.475
156.023
156.015
156.015
156.015
156.015
156.015
155.564
155.104
155.097
155.142
155.217
155.256
155.319
155.499
155.595
155.669
155.795
156.409
157.031
157.58
158.128
158.138
158.675
159.296
159.919
160.541
161.201
161.886
162.572
163.257
163.38
163.493
163.495
163.421
163.42
162.808
162.797
162.259
162.249
162.249
161.711
162.153
161.71
161.702
161.702
161.249
161.241
161.241
161.241
161.241
161.241
161.241
160.789
160.78
161.231
160.787
160.24
159.646
159.052
158.88
158.789
158.874
158.875
158.424
158.329
158.328
158.328
158.78
158.788
158.788
158.702
158.701
158.162
157.615
157.067
156.971
156.358
155.809
155.8
156.251
156.259
155.721
156.249
155.721
156.249
156.258
156.259
156.259
156.259
156.259
156.259
155.721
155.173
154.625
154.615
154.077
153.529
152.981
152.433
151.885
151.875
151.875
151.875
151.875
151.875
151.875
151.875
151.875
152.326
152.334
152.334
152.334
152.247
151.708
151.115
150.455
149.752
149.035
148.305
147.559
146.82
146.096
145.384
144.722
144.127
143.533
143.522
143.07
143.062
142.611
142.603
142.602
142.151
142.143
142.142
141.603
140.944
140.866
140.813
140.747
140.712
140.693
140.707
140.738
140.804
140.896
141.113
141.235
141.391
142.067
142.618
142.628
142.628
143.167
143.84
144.557
145.295
146.049
146.796
147.013
147.111
147.192
147.194
147.17
147.09
147.002
146.846
146.16
145.484
144.839
144.243
143.694
143.232
143.224
143.224
143.224
142.771
142.224
141.601
141.408
141.268
140.574
140.302
139.586
138.881
138.195
137.985
137.37
136.776
136.227
135.767
135.22
135.211
135.21
134.673
134.663
134.125
133.577
133.37
132.716
132.483
131.757
131.019
130.26
129.53
128.811
128.577
128.332
128.217
128.169
128.169
128.781
129.403
129.953
130.123
130.738
130.836
130.838
130.299
129.751
129.203
128.582
127.958
127.335
126.712
126.117
125.444
124.893
124.3
123.751
123.741
123.827
124.366
124.988
125.537
126.158
126.169
126.708
126.717
126.717
127.255
127.265
127.716
127.724
127.724
128.177
127.734
127.726
127.188
127.178
127.178
127.178
127.631
127.188
127.18
127.632
128.179
128.773
129.367
129.991
130.542
131.004
130.881
130.792
130.717
130.053
129.368
128.657
127.928
127.199
127.007
126.299
126.162
126.049
125.973
125.97
126.044
126.584
127.131
127.141
127.68
128.227
127.699
127.553
126.834
126.077
125.298
124.497
123.681
122.851
122.018
121.726
121.452
121.201
120.427
120.199
119.995
119.838
119.761
120.298
120.308
120.308
120.308
120.308
120.308
119.857
119.237
118.577
117.891
117.188
116.45
115.682
115.445
115.205
115.015
114.899
114.848
114.827
114.851
114.902
114.979
115.153
115.404
116.058
116.653
117.247
117.709
118.169
118.177
118.629
118.637
118.637
119.089
119.097
119.548
120.095
120.755
121.416
121.64
122.343
123.072
123.815
124.539
125.251
125.955
126.641
127.19
127.812
128.36
128.37
127.833
127.15
126.421
125.683
124.901
124.1
123.293
122.473
121.636
121.337
121.141
121.032
121.704
121.697
121.599
121.465
121.302
121.113
120.892
120.636
120.332
119.995
119.588
118.761
117.989
117.524
117.242
116.962
116.724
116.497
116.31
116.148
116.013
115.888
115.754
115.615
115.477
115.349
115.238
115.1
114.886
114.746
114.11
113.487
113.475
112.863
112.851
112.938
113.137
113.79
114.475
114.67
114.861
114.999
115.106
115.139
115.123
115.141
115.116
115.05
114.975
114.436
113.888
113.34
113.781
113.251
113.693
113.701
114.24
114.249
114.337
114.498
114.53
114.559
114.56
114.56
114.639
114.641
114.685
114.773
114.775
114.688
114.235
114.227
114.227
114.227
114.227
113.776
113.316
113.308
113.308
113.308
113.308
112.769
112.221
111.76
112.202
112.21
112.748
112.307
111.65
110.933
110.157
109.808
109.011
108.216
107.433
106.651
105.897
105.154
104.449
103.787
104.358
104.906
105.528
106.202
106.436
107.138
107.867
108.596
109.326
109.592
110.26
110.921
111.093
111.635
112.182
112.192
112.192
111.654
111.061
110.418
110.295
110.293
110.311
110.339
110.4
110.497
110.626
110.832
111.043
111.278
111.55
112.34
112.585
113.342
114.093
114.798
115.423
115.434
115.434
115.434
115.434
114.897
114.349
114.252
114.324
114.363
114.389
114.407
114.45
114.556
114.708
114.874
115.108
115.262
115.393
116.121
116.825
117.521
118.183
118.733
119.194
119.202
119.202
119.202
118.751
118.743
118.291
117.832
117.285
116.824
116.815
116.277
115.728
115.718
115.267
114.807
115.25
115.258
115.258
115.258
115.258
115.258
115.258
115.258
114.72
114.71
114.71
114.71
114.71
114.771
114.877
114.955
115.052
115.167
115.271
115.368
115.517
115.668
115.823
115.958
115.377
115.607
116.4
116.793
117.653
118.538
119.435
120.336
121.235
121.671
122.531
123.366
124.138
124.604
125.337
125.714
125.983
126.232
126.42
126.562
126.683
126.754
126.809
126.848
126.86
126.832
126.786
126.729
126.7
126.74
126.762
127.374
127.924
128.545
129.096
129.557
130.017
130.025
130.025
130.563
131.111
131.732
132.355
132.501
132.656
132.794
132.859
132.971
132.935
132.824
132.748
132.673
132.133
132.124
131.585
131.576
131.576
131.576
132.027
132.487
133.078
133.672
134.295
134.889
135.483
136.033
136.581
137.042
137.589
138.137
138.599
138.607
138.607
138.607
138.607
139.058
139.518
139.526
139.526
139.526
139.526
140.065
140.613
141.074
141.083
141.083
141.083
141.534
142.191
142.908
143.684
144.484
145.289
145.546
145.868
146.641
146.944
147.679
148.384
149.046
149.058
148.606
148.598
148.598
149.049
149.058
149.058
149.058
148.606
149.049
149.057
149.058
149.509
149.517
149.517
149.517
149.517
150.055
150.648
151.292
151.5
152.178
152.889
153.618
154.336
155.04
155.727
156.351
156.974
157.568
158.117
158.127
158.666
158.675
158.675
158.675
158.675
158.139
158.129
157.592
157.046
157.037
157.575
158.123
158.134
158.745
159.405
160.09
160.785
161.447
162.07
162.693
163.242
163.863
164.486
164.497
164.045
164.037
164.037
163.585
163.577
163.577
163.577
163.577
164.028
164.036
164.488
164.496
165.034
165.495
165.504
166.042
166.591
166.062
166.504
166.512
166.512
165.974
165.381
164.721
164.046
163.401
162.778
162.154
162.098
161.646
161.099
161.089
161.628
162.249
162.871
163.532
164.217
164.902
165.606
166.329
167.016
167.702
168.364
168.508
169.094
169.556
169.565
170.017
170.025
169.573
169.565
169.565
169.565
170.016
169.573
169.113
168.567
168.018
167.375
167.165
167.061
167.007
167.068
167.196
167.924
168.163
168.324
168.416
168.443
168.436
168.365
168.275
168.146
167.956
167.741
166.917
166.08
165.243
164.405
163.565
162.746
161.942
161.147
160.378
159.626
158.839
158.043
157.775
157.515
157.252
157.042
156.749
156.555
156.351
156.104
155.868
155.568
155.275
154.98
154.145
153.3
152.99
152.15
151.299
150.446
149.584
148.713
147.837
146.969
146.11
145.261
144.418
143.584
142.754
141.933
141.112
140.303
139.503
138.685
137.856
137.016
136.187
135.367
134.56
133.757
132.971
132.194
131.417
130.658
129.912
129.197
128.447
127.685
126.909
126.148
125.398
124.656
124.494
124.265
123.484
123.082
122.212
121.315
120.407
119.488
119.013
118.088
117.15
116.208
115.267
114.332
113.401
112.929
112.022
111.118
110.231
109.372
108.573
108.015
107.548
107.539
107.539
106.953
106.306
106.06
105.419
104.865
104.855
104.855
104.855
104.313
103.617
102.844
102.036
101.195
100.35
99.4965
98.6364
97.7727
96.9036
96.032
95.6958
94.8308
94.4932
94.1702
93.8444
92.9799
92.1043
91.7614
90.8896
90.0067
89.1206
88.2325
87.344
86.4515
85.5591
84.6622
83.7605
82.8561
81.948
81.4869
80.5796
79.663
79.1949
78.2813
77.3605
76.4424
75.5278
74.6152
73.7067
72.8045
72.3595
71.4743
70.5798
69.6824
68.7787
67.8732
67.5047
66.6075
66.1503
65.2474
64.8745
64.5552
64.31
64.0907
63.8574
63.6064
63.3563
63.0791
62.6739
62.3559
61.5021
60.6394
59.7715
58.8928
58.0054
57.1175
56.2258
55.3296
54.429
53.5248
52.6174
51.7072
51.2445
50.3371
49.4198
48.5021
47.5892
46.6787
46.2215
45.3228
44.4177
43.514
42.6126
42.1609
41.7153
41.3515
40.9842
40.7087
40.4509
40.2262
39.9808
39.6835
39.3564
38.4472
38.0709
37.7814
37.5677
37.4239
37.3095
37.2344
37.1734
37.1159
37.0644
37.0125
36.9471
36.878
36.8016
36.722
36.6423
36.5377
36.4147
36.2777
36.1125
35.9283
35.7813
35.6448
35.5217
35.4021
35.2853
35.1905
35.1108
35.0451
34.9946
34.9429
34.8717
34.7832
34.6819
34.5774
34.4719
34.3648
34.2583
34.153
34.0465
33.9465
33.8598
33.7883
33.7267
33.6652
33.6039
33.5387
33.4794
33.4211
33.3677
33.2957
33.2145
33.114
33.0046
32.9114
32.828
32.7558
32.6718
32.5811
32.4808
32.383
32.2719
32.1577
32.0434
31.9065
31.7563
31.5734
31.4207
31.278
31.143
30.9862
30.8146
30.6309
30.4022
30.163
30.0209
29.9403
29.8842
29.8456
29.8183
29.8022
29.7948
29.7932
29.7997
29.8098
29.8196
29.8248
29.8252
29.8166
29.7967
29.7626
29.7088
29.6261
29.481
29.0958
28.6211
27.6893
26.7509
26.4047
26.1275
25.9126
25.664
25.3445
24.5138
23.6559
22.7805
22.4352
22.2329
22.096
21.9803
21.89
21.7975
21.7076
21.6208
21.5382
21.4617
21.3875
21.3147
21.2441
21.175
21.1021
21.0353
20.9725
20.9135
20.8581
20.806
20.7587
20.7179
20.6823
20.6493
20.6187
20.585
20.5533
20.5238
20.4958
20.4699
20.4452
20.4194
20.3926
20.3666
20.3433
20.3214
20.2986
20.2756
20.2526
20.2277
20.1992
20.1693
20.138
20.1112
20.0883
20.0687
20.0495
20.0285
20.0051
19.9816
19.9605
19.9387
19.9165
19.8863
19.843
19.7845
19.722
19.6593
19.5946
19.5254
19.4536
19.3813
19.3106
19.2459
19.19
19.1407
19.0894
19.0397
18.9929
18.9473
18.904
18.8623
18.8211
18.7833
18.7489
18.7183
18.6905
18.6607
18.6312
18.6071
18.5837
18.5634
18.5501
18.5387
18.5299
18.5241
18.5213
18.5212
18.5208
18.5199
18.519
18.5153
18.5086
18.4994
18.4855
18.4648
18.441
18.4143
18.3827
18.3455
18.3067
18.268
18.2292
18.1925
18.1631
18.15
18.1466
18.1554
18.181
18.2358
18.2985
18.3408
18.3675
18.3839
18.3937
18.394
18.3871
18.3725
18.3509
18.3255
18.2964
18.266
18.2339
18.2006
18.1764
18.1636
18.1599
18.1647
18.1751
18.1887
18.2028
18.2138
18.2262
18.2384
18.246
18.2477
18.2432
18.2329
18.2181
18.1994
18.1783
18.1534
18.1212
18.0845
18.0618
18.0516
18.052
18.0537
18.0504
18.042
18.0294
18.013
17.9905
17.9607
17.9235
17.8795
17.8294
17.7789
17.7341
17.6907
17.6513
17.6173
17.5883
17.568
17.5587
17.5592
17.5681
17.5866
17.6111
17.6479
17.6953
17.7546
17.8215
17.8656
17.8946
17.9145
17.9275
17.9314
17.9283
17.9178
17.9026
17.8824
17.8615
17.845
17.8328
17.8241
17.8182
17.8151
17.8114
17.8081
17.8042
17.8006
17.7966
17.7857
17.7614
17.7207
17.6537
17.5536
17.4723
17.4097
17.3599
17.3223
17.2961
17.2799
17.2725
17.2734
17.2829
17.297
17.3111
17.3235
17.3361
17.3462
17.353
17.3576
17.3642
17.3686
17.3696
17.3675
17.3647
17.3601
17.3518
17.3436
17.3371
17.3315
17.322
17.3127
17.3063
17.3044
17.3041
17.3068
17.3145
17.3242
17.3341
17.3454
17.3605
17.3817
17.4027
17.4166
17.4267
17.4328
17.4338
17.4292
17.4223
17.4106
17.3945
17.3767
17.3609
17.3508
17.3453
17.3428
17.3425
17.3458
17.3513
17.358
17.3656
17.3734
17.3781
17.381
17.3829
17.3858
17.3891
17.3903
17.3889
17.39
17.3972
17.41
17.4295
17.4556
17.4928
17.541
17.6023
17.6943
17.8079
17.8875
17.943
17.9854
18.0155
18.0341
18.0411
18.0329
18.0143
17.9853
17.9448
17.9008
17.8571
17.814
17.7738
17.7382
17.7069
17.6818
17.663
17.6535
17.6528
17.6552
17.6593
17.665
17.6709
17.6734
17.6741
17.673
17.6713
17.6666
17.6576
17.6432
17.6241
17.5988
17.5697
17.5371
17.4968
17.4328
17.366
17.3257
17.3059
17.3012
17.3054
17.3166
17.3343
17.3549
17.3749
17.3952
17.4135
17.4288
17.4419
17.4519
17.4597
17.4646
17.4665
17.4668
17.47
17.4774
17.4894
17.5086
17.5294
17.5515
17.5739
17.5973
17.6199
17.6404
17.6546
17.6602
17.658
17.646
17.6319
17.6125
17.5889
17.5612
17.5305
17.4984
17.4726
17.4545
17.4421
17.4355
17.4316
17.4314
17.4341
17.4401
17.4475
17.4553
17.4622
17.4664
17.4679
17.4665
17.4604
17.4499
17.4343
17.4128
17.3862
17.3538
17.3164
17.2703
17.2161
17.1519
17.0865
17.0468
17.0237
17.0121
17.0097
17.0165
17.0314
17.0527
17.079
17.1101
17.1406
17.1678
17.1914
17.2109
17.2275
17.2409
17.2525
17.2629
17.2723
17.2806
17.2839
17.2885
17.2959
17.3059
17.3186
17.3319
17.3439
17.3533
17.3601
17.362
17.3626
17.3612
17.36
17.3553
17.3454
17.3316
17.3143
17.2954
17.2751
17.2575
17.2427
17.2279
17.208
17.1887
17.1721
17.1602
17.1539
17.1542
17.1619
17.1713
17.1845
17.2058
17.2439
17.292
17.3547
17.4198
17.4909
17.5568
17.609
17.6563
17.696
17.7296
17.7546
17.7612
17.7541
17.7443
17.7301
17.7141
17.7009
17.6896
17.6788
17.6704
17.6662
17.6723
17.6892
17.717
17.7552
17.7924
17.8232
17.8475
17.8676
17.8814
17.8895
17.89
17.8857
17.8766
17.8678
17.8603
17.8537
17.8494
17.8466
17.8418
17.834
17.8223
17.8064
17.7863
17.7558
17.7206
17.6757
17.6051
17.5126
17.4514
17.4102
17.3798
17.3593
17.3474
17.3418
17.3394
17.3402
17.3426
17.3481
17.3552
17.3644
17.3742
17.3834
17.3908
17.3978
17.4012
17.4024
17.4004
17.3931
17.3828
17.3703
17.3572
17.3453
17.3386
17.3356
17.3392
17.3452
17.3534
17.3637
17.3762
17.3912
17.4075
17.4227
17.4331
17.4361
17.43
17.4175
17.4036
17.3897
17.3735
17.3553
17.3355
17.3132
17.2929
17.2792
17.2743
17.2758
17.2778
17.2799
17.2879
17.2992
17.3143
17.3323
17.3517
17.3683
17.376
17.3762
17.3696
17.3567
17.3379
17.3191
17.3002
17.2822
17.2657
17.2511
17.2408
17.2364
17.2404
17.2507
17.2685
17.2921
17.3246
17.3596
17.3985
17.4408
17.4851
17.5239
17.5529
17.5714
17.5817
17.5835
17.5785
17.5731
17.5661
17.5571
17.5476
17.5373
17.5276
17.5238
17.5247
17.5306
17.5412
17.5531
17.5697
17.5891
17.611
17.6353
17.6608
17.6791
17.691
17.6945
17.6914
17.683
17.6677
17.653
17.6368
17.6187
17.5989
17.5806
17.5631
17.5494
17.5394
17.5318
17.5277
17.5224
17.5206
17.5213
17.5235
17.5288
17.5344
17.5399
17.545
17.5472
17.5469
17.5455
17.5405
17.5372
17.5358
17.5347
17.5351
17.5336
17.533
17.5362
17.5439
17.5557
17.572
17.5899
17.6146
17.6486
17.6978
17.7695
17.8625
17.9428
18.0109
18.0686
18.1093
18.1266
18.1228
18.1004
18.0591
18.0007
17.9321
17.8497
17.7641
17.6733
17.5882
17.5197
17.4619
17.4188
17.3888
17.3703
17.3697
17.3777
17.3896
17.4053
17.4214
17.4347
17.447
17.4585
17.4685
17.4771
17.4785
17.4707
17.4521
17.4241
17.4005
17.3834
17.3766
17.3739
17.3789
17.3908
17.4118
17.4385
17.4659
17.4895
17.5063
17.5185
17.5251
17.5312
17.5355
17.5386
17.5416
17.544
17.5487
17.5565
17.5645
17.5741
17.5829
17.5941
17.6132
17.6395
17.668
17.699
17.7287
17.7606
17.7964
17.8306
17.8637
17.8922
17.9125
17.9265
17.9383
17.9491
17.9591
17.9676
17.9733
17.9798
17.9892
18.0044
18.0292
18.062
18.1016
18.1415
18.1813
18.2197
18.2588
18.29
18.3135
18.3319
18.3445
18.3519
18.3535
18.3591
18.367
18.3796
18.3984
18.4225
18.4472
18.4708
18.4953
18.5214
18.5507
18.5813
18.6125
18.6411
18.6641
18.6843
18.7044
18.7241
18.7367
18.7442
18.7459
18.7428
18.7395
18.7364
18.7395
18.7475
18.7613
18.7828
18.8151
18.8547
18.9024
18.9563
19.0095
19.0667
19.1198
19.1671
19.2065
19.2346
19.2517
19.2586
19.2523
19.238
19.2167
19.1918
19.1691
19.1598
19.1701
19.2088
19.277
19.4011
19.8641
20.0253
20.1132
20.1826
20.2529
20.3302
20.4616
20.9332
21.1031
21.1834
21.2247
21.2446
21.2473
21.2383
21.2199
21.1927
21.1655
21.1425
21.1261
21.1188
21.1191
21.1268
21.1427
21.1627
21.193
21.2353
21.2778
21.3216
21.365
21.406
21.4448
21.4819
21.5191
21.5569
21.59
21.628
21.6668
21.706
21.7439
21.7836
21.8272
21.8751
21.9271
21.9826
22.0424
22.0933
22.1501
22.2075
22.2684
22.331
22.3941
22.455
22.5092
22.5588
22.6045
22.6473
22.6775
22.7006
22.7081
22.6937
22.6562
22.6318
22.6224
22.6269
22.651
22.7032
22.7815
22.8723
22.9824
23.1019
23.2295
23.3485
23.4596
23.5616
23.6549
23.7359
23.8081
23.8708
23.9251
23.9778
24.0218
24.0697
24.1202
24.172
24.2262
24.2846
24.3426
24.4004
24.455
24.5037
24.5594
24.6177
24.6772
24.7393
24.803
24.8696
24.9384
25.0173
25.1071
25.2102
25.3045
25.4155
25.529
25.6343
25.7382
25.8339
25.9279
26.0112
26.0905
26.1639
26.2344
26.2954
26.3546
26.4159
26.4771
26.5424
26.6097
26.6868
26.765
26.8489
26.9337
27.0323
27.1371
27.2573
27.3907
27.5324
27.6892
27.857
28.0505
28.2519
28.4869
28.7323
28.99
29.2274
29.4657
29.7101
29.9489
30.1641
30.3585
30.5364
30.7039
30.8648
31.0327
31.1879
31.3446
31.5157
31.7097
31.9433
32.2112
32.5324
32.9029
33.3596
33.8177
34.7266
35.6426
36.1063
37.0132
37.3898
37.8437
38.2118
38.5035
38.7934
39.0836
39.313
39.5532
39.773
40.0025
40.2328
40.5053
40.8305
41.1587
41.5338
41.9944
42.9066
43.8251
44.743
45.6597
46.5738
47.4827
47.9342
48.8207
49.1263
49.4234
49.6882
49.9195
50.1275
50.3128
50.4896
50.6976
50.9311
51.1835
51.4783
51.8503
52.2241
52.5929
53.0392
53.9278
54.8076
55.666
56.0241
56.4924
57.2707
58.1239
58.9973
59.8717
60.7409
61.5567
62.0296
62.8005
63.6566
64.5476
65.4592
66.3825
67.3144
68.2521
69.1953
70.1364
71.0752
72.011
72.4926
73.4134
74.3377
75.2582
76.1728
77.0787
77.9739
78.4194
79.3083
80.2068
81.1064
82.0074
82.9093
83.8102
84.7127
85.616
86.512
87.4048
88.294
89.181
90.0651
90.9448
91.8228
92.6987
93.5719
94.4457
94.8768
95.2092
96.0795
96.5075
96.9274
97.2598
98.1295
98.4755
99.354
100.244
100.686
101.576
102.021
102.459
102.897
103.787
104.232
104.662
105.536
106.409
107.271
108.121
108.97
109.807
110.102
110.382
110.67
110.964
111.266
111.576
111.98
112.841
113.715
114.592
115.463
116.335
117.206
118.077
118.949
119.822
120.242
120.655
121.52
121.945
122.283
122.699
123.026
123.347
123.663
123.972
124.203
124.424
125.246
125.694
126.127
126.571
127.004
127.445
127.904
128.374
128.861
129.36
129.875
130.4
130.937
131.483
132.047
132.615
133.186
133.759
134.33
134.903
135.471
136.039
136.602
137.168
137.722
138.277
138.821
139.358
139.899
140.434
140.967
141.485
142.002
142.486
142.964
143.433
143.935
144.442
144.944
145.453
145.991
146.553
147.137
147.735
148.347
148.955
149.586
150.221
150.851
151.467
152.042
152.585
153.066
153.492
153.803
154.116
153.805
153.474
153.775
153.455
153.882
154.211
154.667
155.241
155.827
156.421
157.117
157.809
158.544
159.275
160.018
160.71
161.333
161.965
162.536
162.974
162.688
162.377
162.059
161.736
161.408
161.073
161.498
161.182
161.843
162.545
163.312
164.161
165.071
166.045
167.061
168.046
169.011
169.967
170.871
171.652
172.442
173.248
173.9
173.665
173.393
173.115
173.751
173.504
173.219
172.927
172.627
172.321
172.009
171.689
171.361
171.026
170.683
170.332
169.972
169.604
169.226
168.839
168.442
168.035
167.617
167.188
167.904
167.521
167.075
166.615
166.141
165.654
165.153
165.907
165.459
164.935
164.391
163.831
163.252
162.655
162.038
161.4
160.74
160.058
159.351
158.619
157.86
157.073
156.256
155.407
154.524
153.606
154.386
155.656
154.861
155.722
156.743
158.192
157.397
158.779
157.956
156.909
157.941
157.006
158.102
159.442
160.878
159.961
161.267
162.875
161.953
160.7
159.331
157.86
156.279
154.575
156.579
159.225
162.165
165.381
168.908
172.787
176.289
175.76
174.453
172.861
171.035
168.944
166.533
163.723
160.409
156.446
159.153
164.527
162.914
168.172
180.009
196.129
223.089
268.654
353.743
542.962
1116.19
4218.27
