105.461
106.46
105.577
104.668
103.764
102.866
101.975
101.093
100.732
100.359
99.4902
98.6336
97.8206
97.5135
97.1936
96.8532
96.5811
96.341
96.0968
95.9116
95.7521
95.6029
95.4148
95.1986
94.9588
94.7057
94.4535
94.1536
93.8105
93.468
93.1236
92.2434
91.3609
90.4849
89.5982
88.7053
87.811
86.9142
86.014
85.1121
84.2116
83.3116
82.4125
81.5185
80.6354
79.7641
78.9013
78.574
77.7195
76.854
75.9853
75.1128
74.6864
74.2617
73.8279
72.9304
72.0173
71.1058
70.1947
69.2853
68.3764
67.4697
66.5651
65.6626
64.765
63.8868
63.4908
63.1177
62.3008
61.4708
61.0893
60.7089
59.8761
59.0294
58.175
57.3016
56.9515
56.0657
55.1711
54.2808
53.9352
53.6063
53.2833
52.4325
51.5848
50.7637
49.9875
49.275
48.6293
48.0058
47.3033
46.5572
45.7804
45.5167
45.2436
44.409
43.5519
43.1383
42.2715
41.3896
40.5063
39.6208
38.7323
37.8414
36.9478
36.0547
35.7421
35.5531
35.4051
35.2928
35.2021
35.1344
35.0871
35.0528
35.0346
35.0242
35.0108
34.993
34.9636
34.9165
34.8417
34.7347
34.5676
34.3394
33.9962
33.1099
32.2085
31.843
31.5362
31.3731
31.2825
31.2297
31.2044
31.1921
31.1873
31.1891
31.1995
31.2134
31.2256
31.2354
31.2412
31.2431
31.245
31.2435
31.2408
31.2367
31.2335
31.2326
31.2351
31.2366
31.2351
31.2301
31.2245
31.2262
31.2328
31.2449
31.2588
31.2755
31.2896
31.2961
31.3013
31.3071
31.3036
31.2683
31.212
31.1101
30.9941
30.855
30.7473
30.7087
30.7045
30.7099
30.7205
30.7452
30.7735
30.7824
30.7577
30.6817
30.4099
30.3026
30.2935
30.293
30.2784
30.2404
30.129
29.2777
29.1286
29.093
29.1178
29.1842
29.2804
29.3986
29.5423
29.7089
29.9063
30.0942
30.2586
30.3713
30.4488
30.5038
30.5385
30.5666
30.5874
30.5936
30.5887
30.5727
30.5486
30.5193
30.49
30.462
30.4393
30.3988
30.3199
30.1925
30.0908
30.0173
29.9626
29.925
29.8888
29.8544
29.8173
29.7926
29.7884
29.8007
29.8083
29.8107
29.8095
29.8024
29.7935
29.7847
29.7772
29.7681
29.7515
29.7277
29.7161
29.7101
29.7065
29.7054
29.712
29.7228
29.7361
29.7519
29.7716
29.7915
29.8043
29.8115
29.8151
29.8272
29.8286
29.8278
29.8251
29.8234
29.8224
29.8249
29.8336
29.8522
29.8755
29.8951
29.9188
29.9416
29.9652
29.9874
30.0089
30.0285
30.0456
30.0425
30.0099
29.9624
29.9046
29.8564
29.8133
29.781
29.7547
29.7386
29.7328
29.7523
29.795
29.8535
29.9162
29.9762
30.0293
30.0686
30.0947
30.1063
30.1027
30.0687
29.9834
29.8294
29.6063
29.3536
29.1835
29.0588
28.9656
28.8976
28.8472
28.8201
28.8066
28.8005
28.8046
28.8189
28.828
28.8428
28.8635
28.8913
28.9283
28.9689
29.0179
29.077
29.139
29.2099
29.287
29.3489
29.3884
29.4084
29.412
29.4049
29.3809
29.3426
29.3051
29.2625
29.2275
29.1966
29.1729
29.1522
29.1336
29.1157
29.1024
29.0909
29.073
29.0503
29.0195
28.9791
28.9353
28.8932
28.8547
28.8207
28.787
28.7572
28.7365
28.7227
28.7172
28.7208
28.7272
28.7415
28.7642
28.7958
28.8368
28.8893
28.957
29.0402
29.1479
29.2875
29.4354
29.5828
29.7029
29.8065
29.8913
29.964
30.0182
30.0632
30.0921
30.106
30.1138
30.1272
30.151
30.1846
30.2342
30.3017
30.4032
30.5296
30.74
31.5772
32.4131
32.6207
32.7807
32.9653
33.1543
33.4245
33.6998
33.9851
34.8191
35.2186
36.0697
36.9343
37.8071
38.2211
39.0732
39.9234
40.7646
41.0561
41.3258
42.1175
42.8972
43.6577
44.3876
45.1262
45.8888
46.1644
46.4623
46.6666
46.8587
47.0603
47.2281
47.4027
47.5549
47.6989
47.8532
48.0255
48.2041
48.4464
48.752
49.6386
50.5301
50.8774
51.1366
51.2935
51.4331
51.5607
51.6777
51.8139
51.9841
52.1936
52.4203
52.7601
53.644
54.5393
54.8988
55.2522
56.1434
57.0428
57.4045
57.7557
58.194
58.5472
59.4356
60.3343
61.2322
62.1301
63.0238
63.9149
64.8021
65.6862
66.5656
67.4397
68.3101
68.7231
69.1231
69.9684
70.8311
71.6976
72.569
73.4431
74.3216
75.203
76.0875
76.9746
77.8646
78.7564
79.6438
80.5305
81.4157
82.3003
83.1833
84.0662
84.9468
85.8281
86.7077
87.5875
88.4704
88.8977
89.7652
90.637
91.0533
91.9081
92.2298
93.074
93.9197
94.7566
95.5887
96.419
97.2498
98.0875
98.3943
98.6952
98.8875
99.0979
99.2854
99.4484
99.606
99.7483
99.9026
100.069
100.253
100.462
100.709
101.031
101.354
101.676
101.999
102.857
103.731
104.063
104.921
105.784
106.058
106.361
106.586
106.765
106.94
107.083
107.278
107.449
107.674
107.989
108.315
108.65
109.08
109.97
110.871
111.779
112.69
113.602
114.06
114.963
115.875
116.789
117.704
118.62
119.537
120.454
121.373
121.844
122.758
123.677
124.594
125.509
126.42
127.329
128.235
129.137
130.036
130.93
131.821
132.708
133.587
134.459
135.323
136.178
137.02
137.849
138.656
138.896
139.206
139.964
140.753
141.556
142.372
143.195
144.029
144.868
145.715
146.568
147.424
148.286
149.136
149.976
150.8
151.155
151.919
152.119
152.218
151.768
151.222
151.285
151.468
152.084
152.168
152.708
152.718
153.256
153.266
153.266
153.266
152.815
152.807
153.258
153.266
153.266
153.266
153.804
154.352
154.362
154.363
154.363
154.363
154.363
154.363
154.901
155.449
156.108
156.794
157.479
158.208
158.937
159.694
160.464
161.225
161.964
162.694
163.356
163.5
163.502
163.502
164.041
164.211
164.468
165.194
165.937
166.694
166.986
167.69
168.365
169.026
169.577
169.586
169.587
169.542
169.541
169.003
168.381
168.297
168.222
168.009
167.911
167.297
166.674
166.051
165.589
165.042
164.494
164.033
164.025
164.025
164.025
164.025
164.476
164.935
164.943
164.943
164.943
164.943
164.943
164.943
164.943
164.943
164.943
164.943
164.943
164.943
164.405
163.857
163.847
163.308
163.299
163.299
163.299
162.848
162.388
161.842
161.745
161.16
160.538
160.366
159.751
159.629
159.015
158.465
157.917
157.369
156.82
156.36
156.351
156.438
156.978
157.637
158.282
158.418
159.112
159.823
160.557
160.736
160.893
160.986
161.025
161.026
160.952
160.951
160.951
160.951
160.5
160.492
161.03
160.589
160.581
161.164
161.712
162.334
162.383
162.421
162.446
162.36
162.297
162.17
161.966
161.754
161.555
161.277
160.581
159.895
159.27
158.721
158.173
158.614
158.083
158.074
158.074
158.074
158.074
157.622
157.076
156.528
156.518
155.935
155.386
154.764
154.141
153.592
153.043
152.495
152.034
151.488
151.027
150.567
150.559
150.108
150.1
150.1
150.1
150.1
150.1
150.1
150.638
151.099
151.107
150.656
150.648
150.11
149.649
149.64
149.102
149.092
149.092
149.092
148.641
148.633
148.633
148.633
149.084
149.092
149.63
150.179
150.64
150.648
150.648
150.487
149.835
149.712
149.061
148.976
148.391
147.842
147.745
147.205
147.196
147.195
147.195
147.195
147.195
147.195
147.195
147.195
147.195
147.195
147.195
147.195
147.195
146.657
146.647
146.647
146.109
146.099
145.56
145.012
145.003
145.002
145.002
145.002
145.002
145.002
145.002
145.453
145.461
145.462
145.462
145.913
146.372
146.38
146.38
145.842
146.283
146.291
146.291
146.291
146.291
146.291
146.291
146.874
147.423
147.971
148.142
148.145
148.145
148.134
148.075
147.995
147.894
147.767
147.491
147.313
147.157
146.956
146.303
145.753
145.292
144.833
144.286
144.276
143.825
143.817
143.278
142.73
142.182
141.56
140.887
140.183
139.466
138.754
138.036
137.35
137.243
137.167
136.554
136.543
136.543
136.543
136.092
136.535
136.994
137.54
138.089
138.681
139.304
139.927
140.55
141.21
141.296
141.836
141.933
141.935
141.935
141.847
141.395
141.299
140.759
140.298
140.29
140.377
140.379
140.379
140.379
140.917
141.014
141.599
141.77
141.934
142.549
142.647
143.187
143.284
143.737
143.294
143.286
143.737
143.745
143.745
143.745
143.745
144.357
144.98
145.64
146.351
146.536
146.826
147.033
147.2
147.325
147.379
147.398
147.38
147.318
147.182
147.106
146.493
146.482
146.482
145.943
145.934
145.934
146.385
146.931
147.479
147.94
147.993
147.921
147.919
147.84
147.685
147.5
147.302
147.002
146.795
146.526
146.281
145.594
145.383
144.767
144.218
144.208
144.208
144.208
144.208
144.208
144.208
144.208
144.659
144.667
145.206
145.666
145.675
146.213
146.223
146.223
146.223
146.674
146.682
146.682
146.682
146.682
146.682
146.682
146.682
146.682
147.221
147.769
148.39
149.051
149.261
149.376
149.407
149.452
149.379
149.378
149.378
149.29
148.75
148.202
147.741
147.733
147.282
147.274
147.274
146.823
146.814
146.814
146.363
145.904
146.434
146.444
146.444
146.982
146.992
147.53
148.079
148.088
148.089
148.089
148.089
148.089
148.089
148.089
148.089
147.55
147.541
147.54
147.54
147.54
147.54
147.54
147.628
147.178
146.632
146.084
146.074
145.622
145.163
145.155
145.155
145.155
145.155
145.606
146.226
146.849
147.534
147.786
148.482
149.205
149.956
150.156
150.332
150.488
150.689
150.804
150.893
150.808
150.719
151.255
150.814
150.806
150.806
151.344
151.892
152.441
153.062
153.736
154.439
155.157
155.869
156.048
156.725
156.919
157.534
158.157
158.168
158.169
157.63
158.072
157.629
157.621
157.62
157.62
157.62
157.62
157.62
157.62
157.62
158.159
157.717
158.161
158.707
159.255
159.352
159.354
159.441
159.443
159.356
159.354
159.805
159.813
159.813
159.813
159.813
160.264
159.734
160.176
160.635
160.105
160.546
160.554
160.554
160.554
161.005
161.013
160.475
159.927
159.379
158.831
158.282
157.821
157.813
157.813
157.813
157.813
158.264
158.359
158.493
159.107
159.792
160.478
161.181
161.329
161.554
161.632
161.707
161.634
161.021
160.916
160.251
159.59
158.966
158.417
157.824
157.362
157.892
158.514
159.137
159.839
160.543
161.277
161.573
162.324
163.078
163.808
164.513
165.208
165.419
166.035
166.584
166.594
166.594
166.594
166.594
166.594
166.143
166.135
166.135
166.135
166.135
166.135
166.135
166.135
166.135
165.596
165.587
165.048
165.039
164.5
164.49
163.952
163.404
163.394
163.394
162.943
162.934
162.934
162.934
162.934
163.385
163.932
164.525
164.623
165.236
165.786
166.334
166.882
167.43
167.978
168.439
167.997
168.44
168.448
168.448
168.899
168.907
168.456
168.899
168.82
168.28
168.27
168.27
168.27
168.27
168.27
167.819
167.228
166.606
165.983
165.322
164.637
163.951
163.305
162.631
162.546
161.961
161.412
160.951
160.405
160.395
160.395
160.846
161.305
161.852
162.4
162.41
162.861
162.869
162.869
162.869
162.869
162.869
162.869
162.869
162.869
162.869
163.32
163.328
163.329
163.329
163.867
164.415
164.963
165.424
165.971
166.432
166.978
167.076
167.077
166.99
166.901
166.361
165.74
165.117
164.567
164.019
163.47
162.922
162.374
162.364
162.902
162.912
163.363
163.371
163.372
163.91
163.92
164.458
164.468
164.919
164.927
164.927
164.927
164.927
164.927
164.927
164.927
164.927
164.476
164.919
164.927
164.927
164.927
165.378
165.838
165.759
166.295
166.305
165.767
165.219
164.626
164.077
163.455
162.795
162.109
161.944
161.22
160.491
160.325
159.648
158.987
158.814
158.199
157.65
157.189
157.719
158.267
158.815
159.363
159.912
160.373
159.93
159.922
159.922
160.009
159.472
159.914
159.834
159.833
159.382
159.374
158.922
159.453
159.913
160.46
161.008
161.63
162.253
162.897
163.571
164.232
164.856
165.406
165.999
166.46
166.018
166.01
165.558
165.55
165.55
165.55
166.001
166.009
166.009
166.009
166.009
166.009
166.461
166.469
166.469
166.469
165.93
165.382
164.834
164.286
164.189
163.649
163.027
162.404
161.855
161.306
160.685
160.222
159.676
160.204
160.214
160.752
160.762
161.301
160.859
161.39
161.486
161.488
160.95
160.808
160.223
159.579
158.919
158.233
157.572
156.91
156.249
156.105
155.565
154.972
154.51
154.051
154.043
154.042
154.042
154.493
154.502
154.502
154.502
153.963
153.371
153.162
152.509
152.362
152.206
151.53
150.868
150.224
149.6
149.006
148.995
149.578
150.2
150.823
151.484
152.169
152.855
152.962
153.044
153.119
153.091
152.98
152.755
152.616
151.922
151.193
150.464
149.76
149.098
148.453
147.859
147.309
147.3
146.761
146.751
146.751
146.751
146.751
146.751
146.751
146.3
145.841
145.382
144.835
144.287
143.738
143.19
142.642
142.094
141.633
141.086
141.076
141.527
141.535
142.074
142.622
143.17
143.792
144.415
144.965
145.513
145.61
145.699
145.701
145.118
144.495
143.851
143.228
142.605
141.982
141.359
140.809
140.348
140.34
140.34
140.34
140.34
140.34
140.34
140.34
140.34
140.34
140.34
140.791
140.799
140.799
140.799
140.348
139.889
139.881
140.419
140.429
140.967
141.515
142.063
142.656
142.754
143.368
144.028
144.713
145.417
146.151
146.88
147.585
147.733
147.846
147.922
148.084
148.174
148.176
148.176
148.176
147.725
147.716
147.716
147.716
148.167
148.175
148.176
148.627
148.722
148.724
149.262
149.272
149.185
148.645
148.474
147.859
147.199
146.538
145.843
145.168
144.507
143.912
143.363
142.902
142.355
142.345
142.345
142.345
142.796
142.804
143.256
143.264
142.813
142.805
142.804
142.804
142.804
142.804
142.804
142.804
142.804
142.804
142.804
142.804
143.343
143.891
144.439
144.987
145.536
146.084
146.705
147.328
147.878
147.888
147.962
147.876
147.829
147.217
146.623
146
145.377
144.754
144.656
144.116
144.019
144.017
144.104
144.238
144.823
145.466
146.127
146.362
147.015
147.676
148.337
148.394
148.395
148.978
148.901
148.899
148.316
147.723
147.261
146.802
146.255
146.246
146.245
146.784
146.925
147.577
148.238
148.924
149.627
150.313
150.975
151.169
151.201
151.173
150.99
150.338
149.677
148.991
148.305
147.644
146.983
146.897
146.94
146.941
147.015
147.214
147.891
148.577
149.281
150.01
150.739
151.443
151.654
151.752
151.799
151.8
151.668
151.592
150.979
150.335
149.711
149.162
149.152
149.152
149.603
150.062
150.521
151.068
151.616
152.164
152.713
153.261
153.809
154.27
154.817
154.827
154.827
154.827
154.827
154.827
154.827
154.827
154.827
154.827
154.827
155.278
155.737
155.833
155.966
156.58
157.224
157.848
158.471
159.094
159.717
159.728
159.641
159.101
158.508
157.959
157.338
156.744
156.121
155.572
155.023
154.562
154.554
154.554
154.554
154.554
154.554
155.005
155.464
155.472
155.473
155.473
155.473
155.473
155.473
155.022
155.464
155.472
155.022
155.013
154.562
154.554
154.554
154.554
155.092
155.64
156.189
156.65
157.109
157.568
157.576
157.577
158.028
158.036
158.036
158.036
157.585
157.577
157.577
157.577
158.028
158.036
158.036
158.036
158.574
159.122
159.744
160.367
161.027
161.689
162.384
163.059
163.72
164.315
164.864
164.874
164.874
164.335
163.787
163.195
162.601
162.008
161.459
160.91
160.813
160.273
159.725
159.264
159.256
159.255
159.255
159.255
158.717
158.096
157.435
156.732
156.021
155.292
154.553
153.796
153.031
152.276
151.558
150.862
150.176
150.053
149.977
149.902
150.032
150.647
151.241
151.863
152.486
153.109
153.659
153.756
153.758
153.219
153.078
152.914
152.3
151.706
151.083
150.985
150.532
149.985
149.525
149.516
150.054
150.064
150.603
151.063
151.655
152.248
152.172
152.083
152.037
151.387
150.726
150.04
149.78
149.059
148.355
147.669
146.983
146.338
145.714
145.616
145.746
145.822
146.456
147.117
147.778
148.463
149.149
149.811
150.472
151.096
151.645
152.193
152.742
153.203
153.211
153.211
153.211
153.211
153.211
153.211
153.662
153.757
154.298
154.846
155.438
156.061
156.684
157.328
157.951
158.501
157.973
157.425
156.876
156.234
155.573
155.023
154.474
153.926
153.916
153.378
152.83
152.82
152.82
152.82
152.82
152.82
152.82
152.82
152.82
152.82
152.82
152.281
152.272
151.82
151.229
151.131
151.042
150.458
149.909
149.448
149.44
149.44
149.44
149.978
150.526
151.074
151.667
151.678
152.29
152.884
153.055
153.145
153.234
153.075
152.461
151.8
151.139
150.515
149.892
149.269
148.646
148.097
147.636
147.627
147.627
147.627
147.627
148.078
148.086
148.087
148.538
148.546
148.997
148.467
148.457
148.457
147.919
147.371
146.822
146.812
146.361
146.353
146.353
146.353
146.353
146.353
146.353
146.353
146.804
146.812
146.812
146.2
145.54
144.879
144.169
143.435
142.681
141.911
141.15
140.396
139.666
138.962
138.276
137.614
137.064
136.516
136.506
136.957
137.503
138.051
138.6
139.192
139.335
139.92
139.931
139.931
139.931
139.858
139.812
139.724
139.139
139.129
138.59
138.129
138.659
139.281
139.941
140.644
141.355
142.084
142.823
143.58
144.346
145.1
145.818
146.063
146.741
147.403
148.027
148.199
148.653
148.21
148.202
148.202
148.202
148.202
148.202
148.653
149.199
149.747
150.34
150.963
151.586
152.18
152.802
153.352
153.274
153.273
153.141
153.028
152.377
151.753
151.159
150.61
150.149
149.602
150.131
150.14
150.723
151.383
152.044
152.73
153.441
153.558
153.578
153.526
153.458
153.325
153.152
152.891
152.529
152.241
151.429
150.622
149.828
149.053
148.298
147.586
146.924
146.3
146.289
146.289
145.75
145.036
144.244
143.418
142.568
141.704
140.827
139.941
139.047
138.597
137.704
136.809
135.922
135.045
134.181
133.332
132.509
131.721
131.54
131.624
131.713
131.715
131.638
131.412
131.15
130.868
130.03
129.71
129.389
128.523
127.649
126.782
125.924
125.08
124.25
123.437
122.657
121.917
121.366
121.356
120.706
120.441
120.272
120.042
119.792
119.564
119.285
118.906
118.08
117.3
116.636
116.173
115.425
114.612
113.763
113.431
112.556
111.66
111.206
110.764
110.324
110.048
109.778
109.549
109.324
109.066
108.812
108.566
108.353
108.089
107.795
107.157
107.145
106.471
105.707
104.895
104.058
103.223
102.429
101.71
101.697
101.572
100.798
99.9638
99.6459
99.3194
98.981
98.1039
97.6716
96.799
95.9239
95.0534
94.1876
93.3297
92.4768
91.6338
90.7979
89.9706
89.1522
88.9676
88.8376
88.7231
88.6453
88.5694
88.5025
88.4374
88.3551
88.2528
88.115
87.9405
87.742
87.5129
87.1794
86.8519
85.995
85.1435
84.3049
83.4905
82.7124
81.9822
81.8372
81.8346
82.3729
82.921
83.4692
84.091
84.685
85.2341
85.8269
85.3714
85.2585
85.0077
84.2745
83.4954
82.6964
81.887
81.0604
80.2111
79.3494
78.4847
77.6159
76.7419
75.8656
75.438
74.5641
73.6766
72.7837
72.3461
71.4705
71.0379
70.1651
69.2876
68.4107
67.5361
66.666
65.8042
64.9623
64.129
63.3081
62.5116
61.7404
61.001
60.3141
59.7189
59.7082
60.2464
60.3879
60.4068
60.3353
60.1785
59.9592
59.6772
59.2919
58.9835
58.13
57.7959
56.9339
56.0691
55.2161
54.3762
53.5537
53.3626
53.2782
53.286
53.3936
53.7099
54.4973
55.3081
55.5924
55.8789
56.0586
56.1713
56.2412
56.2704
56.2594
56.1943
56.0555
55.8818
55.0956
54.283
53.9927
53.8707
53.8133
53.7817
53.7671
53.7605
53.763
53.7673
53.7767
53.7972
53.8232
53.8481
53.8724
53.8927
53.9087
53.9187
53.9148
53.8881
53.8083
53.4711
53.1186
52.9416
52.853
52.8021
52.779
52.7721
52.7766
52.7888
52.8023
52.8304
52.8621
52.8913
52.9161
52.9326
52.9368
52.9293
52.8936
52.8229
52.5811
52.3215
52.1769
52.0976
52.0471
52.005
51.9798
51.9676
51.9607
51.9584
51.9445
51.8755
51.6809
51.2838
51.1809
51.1533
51.17
51.225
51.3147
51.4352
51.6004
51.7972
52.0715
52.4182
52.6895
52.863
52.9838
53.0732
53.1332
53.1702
53.1607
53.1177
53.0079
52.782
51.9237
51.7417
51.6746
51.6887
51.7907
52.0738
52.3194
52.3034
51.5162
51.3438
51.2879
51.3007
51.3767
51.5322
51.8676
52.2935
52.4774
52.5962
52.6602
52.6964
52.7175
52.7405
52.7695
52.8011
52.8321
52.858
52.8894
52.8698
52.8318
52.7636
52.6963
52.6352
52.5745
52.5202
52.4698
52.4291
52.396
52.3813
52.3802
52.3957
52.4172
52.447
52.4903
52.553
52.6438
52.8619
53.6293
53.8209
53.691
52.9177
52.1035
51.2681
50.4182
49.5543
48.6813
47.7973
46.9059
46.4847
46.2574
46.1002
45.9824
45.9168
45.8866
45.8919
45.952
46.1383
46.9881
47.4015
47.7238
47.9144
48.0622
48.1663
48.2501
48.3215
48.381
48.423
48.4495
48.4703
48.4878
48.5138
48.5472
48.5895
48.6501
48.7214
48.7998
48.928
49.1244
49.9096
50.6807
50.8372
50.8223
50.6753
50.4293
49.6221
49.2458
49.0414
48.9189
48.8346
48.776
48.7388
48.727
48.7322
48.7616
48.8182
48.8859
48.9871
49.1101
49.3041
50.115
50.3058
50.3382
50.2761
50.1051
49.7303
48.8881
48.022
47.6859
47.3524
47.107
46.9192
46.7677
46.6516
46.562
46.4992
46.4805
46.4906
46.5483
46.6985
47.5153
48.3518
48.6626
48.8774
49.0251
49.124
49.1913
49.2446
49.2846
49.3062
49.3112
49.3058
49.287
49.2686
49.2493
49.2316
49.2134
49.1996
49.1912
49.2187
49.3116
49.505
50.3194
50.6959
51.0702
51.1937
51.2779
51.3276
51.3595
51.3681
51.3562
51.3269
51.2846
51.2318
51.1763
51.1256
51.0784
51.037
50.9944
50.9836
51
51.0523
51.1996
52.0089
52.8323
53.6647
54.0494
54.2503
54.3761
54.4533
54.5156
54.562
54.5837
54.5799
54.5619
54.5143
54.4522
54.3787
54.2806
54.1634
53.9817
53.741
53.6049
53.6244
53.7938
54.5758
55.3926
56.2243
56.5318
56.6531
56.7259
56.7738
56.7961
56.788
56.7422
56.6539
56.4932
56.1434
55.7902
55.631
55.5436
55.5015
55.4774
55.4468
55.4001
55.3213
55.1532
55.0628
55.7525
55.9758
56.086
56.1613
56.212
56.2391
56.2319
56.2002
56.1496
56.088
56.0053
55.9565
55.9273
55.9268
55.9531
56.0054
56.093
56.2282
56.4452
56.7183
57.6077
58.5011
59.387
59.5571
59.6413
59.6797
59.6733
59.6094
59.4921
59.214
58.3418
57.989
57.8243
57.7256
57.6663
57.6391
57.64
57.6759
57.7404
57.853
58.0569
58.9319
59.8104
60.1407
60.3785
60.4911
60.5503
60.5588
60.5195
60.3592
59.5317
59.134
58.8232
58.6491
58.5287
58.4698
58.4472
58.4606
58.5104
58.6058
58.776
59.0148
59.416
60.2594
61.1027
61.2518
61.2899
61.2761
61.206
61.0633
60.8274
59.9697
59.0895
58.7864
58.601
58.4646
58.3917
58.3505
58.3375
58.3563
58.412
58.5106
58.7063
59.024
59.872
60.7218
61.0174
61.1325
61.1833
61.1626
61.0757
60.89
60.0562
59.8114
59.6808
59.5996
59.5432
59.5151
59.5085
59.5296
59.5761
59.6481
59.7526
59.8804
60.0925
60.9432
61.798
62.6381
62.8083
62.8436
62.7806
62.6146
61.7758
60.9134
60.5744
60.3318
60.1545
60.0259
59.9393
59.8804
59.8471
59.8359
59.8508
59.8885
59.961
60.0653
60.256
61.1004
61.4947
62.3146
63.1219
63.3572
63.3834
63.2553
62.4838
62.1274
61.7592
61.6317
61.5408
61.4773
61.4332
61.4134
61.4164
61.4423
61.4899
61.5652
61.6701
61.802
61.9781
62.2791
63.1052
63.9237
64.7111
65.4549
66.1176
66.1295
66.1297
66.1297
65.9315
65.8353
65.7811
65.7437
65.7083
65.6715
65.6395
65.6125
65.5828
65.5622
65.5436
65.5255
65.5048
65.4826
65.4572
65.4412
65.4324
65.4103
65.4544
65.4552
65.4552
64.8723
64.7266
64.7334
64.7719
64.8137
64.8516
64.8965
64.9436
64.9904
65.0421
65.1097
65.1827
65.2649
65.3534
65.4508
65.5759
65.7312
65.8964
66.144
66.4024
66.9454
66.9552
67.4938
68.1948
68.5029
69.2887
70.0965
70.9274
71.2321
71.627
72.0306
72.441
73.2977
73.7038
74.54
75.3691
76.1876
76.9813
77.736
78.4121
78.585
78.5881
78.5882
78.5882
79.2932
80.0713
80.4279
80.7112
81.0159
81.3328
81.5855
81.8454
82.1138
82.4548
82.7893
83.1147
83.9674
84.3651
85.1851
85.9934
86.7648
87.4523
87.4647
87.4649
88.0033
88.6248
89.3571
89.5887
89.7628
89.9082
90.0703
90.2243
90.3873
90.5492
90.7207
90.9743
91.1852
91.3831
91.6363
91.959
92.7019
93.3888
93.5619
94.0161
94.0243
94.0244
94.2564
95.0198
95.2121
95.4229
95.6765
95.9145
96.0986
96.3041
96.5288
96.7922
97.0768
97.3957
98.2441
98.6334
99.4519
100.251
100.566
101.235
101.785
101.795
101.795
102.333
103.034
103.787
104.572
105.389
106.221
107.066
107.923
108.79
109.663
110.537
111.402
112.259
112.653
113.473
114.283
114.615
115.362
115.573
115.577
115.577
115.577
115.688
116.431
116.695
116.975
117.278
117.548
117.876
118.213
119.097
119.546
119.894
120.772
121.198
122.06
122.915
123.753
124.562
125.333
126.009
126.022
126.473
126.481
126.03
126.56
127.253
127.467
127.789
128.589
128.965
129.347
129.738
130.59
131.457
131.865
132.709
133.549
134.377
134.731
135.499
136.239
136.925
137.476
137.486
137.486
137.486
137.486
137.486
137.035
137.027
137.027
137.676
138.413
139.19
140
140.831
141.23
142.084
142.955
143.835
144.18
145.046
145.914
146.772
147.077
147.899
148.167
148.924
149.104
149.195
149.197
148.745
149.32
150.004
150.282
151.027
151.81
152.168
152.979
153.809
154.649
155.493
156.327
157.155
157.968
158.767
159.008
159.738
159.983
160.637
161.187
161.648
161.205
161.197
161.197
161.197
161.648
161.656
161.656
161.656
162.195
162.655
163.115
163.574
163.131
163.574
163.582
163.132
162.672
162.664
162.213
161.754
162.197
162.205
162.205
162.205
162.205
162.205
162.656
162.751
163.291
163.388
164.002
164.625
165.248
165.797
166.346
166.894
166.453
166.896
166.904
166.453
166.445
166.445
166.445
166.445
166.445
166.445
166.445
166.983
167.154
167.806
168.467
168.701
168.928
169.615
170.301
170.445
171.06
171.683
172.232
172.693
172.701
172.25
172.693
172.701
172.702
172.702
172.701
172.702
173.313
173.936
174.53
175.153
175.838
176.512
177.174
177.259
177.393
177.482
177.033
177.025
176.486
176.476
176.927
176.397
175.937
175.928
175.928
175.928
175.928
175.928
175.928
175.477
175.469
174.93
174.382
173.921
173.375
172.914
172.367
171.819
171.722
171.137
171.127
171.578
171.586
172.037
172.045
172.045
172.045
172.583
172.593
173.132
173.68
174.228
174.821
175.37
175.918
175.928
175.841
175.839
175.301
175.742
175.167
174.706
174.159
173.698
173.69
173.69
173.69
173.69
173.69
174.141
174.149
173.698
173.69
173.558
172.944
172.772
172.529
172.27
171.549
170.863
170.603
169.949
169.288
168.664
168.566
168.113
168.105
168.105
167.654
167.645
167.107
166.448
165.731
164.993
164.678
163.891
163.082
162.261
161.428
160.595
159.777
158.968
158.629
157.866
157.111
156.407
156.283
155.698
155.687
155.687
155.614
154.921
154.693
153.9
153.62
153.243
152.4
151.992
151.13
150.259
149.847
149.001
148.16
147.785
146.989
146.21
145.474
144.799
144.787
144.786
144.786
144.137
143.959
143.199
142.845
142.029
141.188
140.335
139.922
139.06
138.184
137.316
136.455
135.604
134.769
133.95
133.16
132.412
131.707
131.112
131.552
131.109
130.418
130.093
129.729
128.89
128.474
128.054
127.174
126.278
125.375
124.468
123.568
122.673
121.789
121.367
120.517
120.13
119.329
118.563
117.937
117.926
117.252
116.473
116.091
115.24
114.364
113.926
113.034
112.128
111.214
110.294
109.378
108.467
107.564
106.669
106.237
105.377
104.533
104.17
103.91
103.905
103.454
103.164
102.352
101.499
100.625
99.7362
98.8362
98.379
97.4711
96.5496
95.6261
94.7076
94.2467
93.3509
92.4566
91.5743
90.7098
89.8715
89.0872
88.4402
88.4286
88.2558
87.9082
87.524
87.1156
86.693
86.3467
85.4549
84.5458
84.169
83.7123
82.8084
81.9038
81.0077
80.1121
79.2166
78.3207
77.8756
76.9881
76.6307
76.2806
75.8364
75.4706
75.0118
74.6429
74.2803
73.924
73.6191
72.7391
71.8586
70.9891
70.1342
69.2765
68.4215
67.5499
66.6654
65.7681
64.8638
63.9536
63.0378
62.1174
61.1926
60.2711
59.3509
58.9696
58.5994
58.2319
57.3258
56.994
56.542
56.1757
55.7252
54.8216
53.9128
53.0082
52.1073
51.2102
50.3169
49.4244
48.9842
48.6424
48.349
48.0841
47.8089
47.605
47.4092
47.2192
46.9849
46.7735
46.5123
46.2484
45.9455
45.5668
45.1028
44.1892
43.2705
42.8067
41.9008
41.5232
41.2639
41.0613
40.8785
40.7209
40.5923
40.4769
40.3738
40.2813
40.1878
40.0838
39.9755
39.8539
39.7194
39.5768
39.3886
39.1598
38.8685
38.0061
37.148
36.9102
36.7735
36.6704
36.5816
36.4954
36.4177
36.3471
36.2784
36.2144
36.1472
36.0677
35.9756
35.876
35.7658
35.6422
35.505
35.3348
35.1175
34.2525
33.4031
32.5776
32.4345
32.3046
32.1888
32.0863
31.9894
31.9014
31.823
31.7526
31.687
31.6258
31.5549
31.4784
31.3936
31.2967
31.1869
31.0525
30.8767
30.6582
30.3277
29.4093
28.9286
28.6867
28.529
28.4188
28.3292
28.2567
28.1933
28.1355
28.0865
28.0462
28.0105
27.9694
27.9215
27.8629
27.7962
27.7203
27.6326
27.5255
27.3814
27.0986
26.2026
25.972
25.8489
25.7777
25.7293
25.6899
25.6587
25.6321
25.6076
25.5892
25.5752
25.5563
25.5305
25.4979
25.4557
25.4022
25.3326
25.2407
25.1216
24.9115
23.9978
23.5268
23.3509
23.2559
23.197
23.1569
23.1307
23.1144
23.1019
23.0922
23.0838
23.0733
23.0541
23.0254
22.9891
22.9443
22.8888
22.8156
22.7169
22.5669
22.2823
21.3646
21.1469
21.0275
20.9412
20.8773
20.825
20.7841
20.7526
20.7255
20.7013
20.6778
20.6499
20.6151
20.5725
20.53
20.4887
20.4476
20.4056
20.3672
20.3342
20.3076
20.2878
20.275
20.2696
20.26
20.2451
20.2236
20.1968
20.1595
20.1066
20.0388
19.9563
19.8768
19.7946
19.7289
19.6766
19.6371
19.6032
19.5751
19.5568
19.5475
19.5451
19.5409
19.5339
19.5254
19.5141
19.4995
19.4857
19.4698
19.4488
19.4233
19.3931
19.3621
19.3296
19.294
19.2566
19.217
19.1745
19.1321
19.0903
19.048
19.0055
18.9664
18.9368
18.9142
18.8959
18.8808
18.8654
18.8527
18.8421
18.8347
18.8301
18.8279
18.8235
18.8177
18.8146
18.8139
18.8216
18.836
18.8525
18.8688
18.886
18.9035
18.9221
18.94
18.9535
18.9658
18.9744
18.9748
18.9758
18.976
18.9651
18.9423
18.9113
18.8745
18.8303
18.7699
18.6923
18.6036
18.4963
18.4148
18.3536
18.3068
18.2704
18.2408
18.2173
18.2001
18.1882
18.1802
18.1796
18.1794
18.1743
18.1623
18.1407
18.1086
18.0651
18.007
17.9222
17.8148
17.6758
17.5919
17.5477
17.5264
17.5193
17.5205
17.5258
17.5336
17.5448
17.5571
17.5678
17.5779
17.5855
17.5897
17.5899
17.587
17.5827
17.5784
17.5772
17.5794
17.5846
17.593
17.6002
17.6063
17.6136
17.6233
17.6354
17.6487
17.6599
17.6688
17.6736
17.6744
17.6763
17.6795
17.6805
17.6756
17.663
17.6409
17.6141
17.5859
17.5599
17.5359
17.5107
17.4872
17.4687
17.4589
17.4554
17.458
17.4668
17.4775
17.4884
17.503
17.5246
17.5524
17.589
17.6364
17.6901
17.7373
17.7747
17.8046
17.8263
17.835
17.8245
17.8012
17.7698
17.7348
17.6984
17.6637
17.6326
17.6058
17.583
17.5637
17.5511
17.5452
17.5423
17.5398
17.5364
17.5345
17.5367
17.5421
17.5505
17.5604
17.5686
17.5736
17.5796
17.5878
17.5983
17.6057
17.6059
17.6042
17.602
17.6001
17.5948
17.5884
17.5807
17.5724
17.5632
17.5542
17.5485
17.5408
17.5301
17.5183
17.5108
17.5061
17.504
17.5047
17.5083
17.5143
17.5174
17.5223
17.5298
17.5333
17.5347
17.5349
17.5334
17.5305
17.5261
17.5213
17.5195
17.5197
17.5196
17.5266
17.5397
17.5608
17.5968
17.6558
17.7569
17.9468
18.2514
18.7198
19.0132
19.2665
19.4032
19.4978
19.5833
19.6577
19.7126
19.7523
19.779
19.7935
19.7984
19.8028
19.8067
19.8097
19.807
19.7984
19.7886
19.7786
19.7685
19.7552
19.7391
19.7186
19.694
19.6667
19.6374
19.6072
19.5715
19.529
19.4782
19.4245
19.3725
19.3235
19.2785
19.2382
19.2017
19.1694
19.147
19.1356
19.1342
19.1417
19.1491
19.1518
19.1558
19.1601
19.1652
19.1693
19.1701
19.1701
19.1693
19.1678
19.1723
19.1835
19.1959
19.2097
19.2252
19.2438
19.2676
19.2958
19.3303
19.3698
19.4102
19.4467
19.4828
19.512
19.5345
19.5503
19.5595
19.5625
19.5612
19.5568
19.5486
19.5375
19.5241
19.512
19.5019
19.4939
19.4878
19.4847
19.4839
19.4859
19.4932
19.5035
19.5155
19.5248
19.5312
19.535
19.5353
19.5311
19.5225
19.5116
19.4986
19.4822
19.4668
19.452
19.438
19.4246
19.4133
19.4056
19.4016
19.4003
19.4046
19.4143
19.4255
19.4374
19.4501
19.4645
19.478
19.4876
19.4931
19.494
19.4907
19.4834
19.4757
19.4685
19.4615
19.4548
19.4484
19.4474
19.455
19.4767
19.5101
19.5534
19.5977
19.6451
19.6943
19.7453
19.8029
19.845
19.8644
19.8716
19.8709
19.8692
19.8771
19.8844
19.8906
19.8954
19.8978
19.8979
19.8977
19.8968
19.895
19.8926
19.8855
19.8762
19.8653
19.8546
19.8446
19.8339
19.8193
19.8006
19.778
19.7535
19.734
19.7199
19.7091
19.7005
19.6955
19.6964
19.7062
19.7246
19.7487
19.7758
19.8029
19.8261
19.8503
19.8764
19.9045
19.9356
19.9652
19.9858
20.0009
20.0111
20.0166
20.0192
20.0152
20.0046
19.9878
19.9658
19.9435
19.9271
19.9177
19.9205
19.9297
19.939
19.9491
19.9606
19.9737
19.9868
19.9973
20.0006
19.996
19.976
19.9441
19.9057
19.8566
19.7881
19.6818
19.4909
19.1883
18.7274
18.45
18.2229
18.1226
18.0617
18.0037
17.9517
17.9143
17.8876
17.8703
17.862
17.8592
17.849
17.8333
17.8139
17.802
17.7973
17.7967
17.799
17.8037
17.8097
17.8176
17.8336
17.8578
17.8901
17.9278
17.9662
18.0044
18.0437
18.0822
18.1202
18.1576
18.1886
18.2109
18.2234
18.2261
18.2257
18.2196
18.2048
18.1839
18.1577
18.1264
18.0948
18.0692
18.052
18.0451
18.0458
18.0538
18.0666
18.0822
18.1017
18.1235
18.1421
18.1542
18.1601
18.1591
18.1512
18.139
18.1227
18.0997
18.0705
18.0353
18.0019
17.9702
17.9466
17.931
17.9232
17.9192
17.9209
17.9302
17.9477
17.9755
18.0035
18.0298
18.0533
18.0736
18.0898
18.1009
18.1015
18.0914
18.0721
18.0454
18.0152
17.9841
17.956
17.9314
17.9097
17.8933
17.8855
17.8868
17.8966
17.9162
17.9417
17.9704
17.9969
18.0195
18.0392
18.0525
18.061
18.0643
18.063
18.0564
18.0457
18.0307
18.0163
18.0047
17.9953
17.9926
17.9973
18.0128
18.0366
18.0639
18.0942
18.127
18.1553
18.176
18.1913
18.1984
18.1934
18.173
18.1379
18.0914
18.0319
17.9646
17.8866
17.7979
17.6959
17.5825
17.4924
17.4331
17.3903
17.3637
17.3518
17.3492
17.3622
17.3891
17.4275
17.472
17.5174
17.562
17.607
17.6467
17.6832
17.7166
17.7441
17.7659
17.7835
17.7994
17.8151
17.8313
17.8466
17.8614
17.875
17.8896
17.9049
17.9218
17.9401
17.9564
17.9707
17.9801
17.9834
17.9819
17.9759
17.9677
17.9641
17.9594
17.9517
17.9409
17.926
17.9117
17.9077
17.9107
17.92
17.9345
17.9503
17.9764
18.013
18.0583
18.1113
18.1688
18.2201
18.2614
18.2921
18.3137
18.3325
18.3453
18.3559
18.3646
18.3714
18.3758
18.3826
18.3949
18.4121
18.433
18.4516
18.4681
18.4801
18.4905
18.5005
18.5122
18.5283
18.5443
18.5607
18.5745
18.5934
18.6171
18.649
18.683
18.7165
18.7479
18.7696
18.786
18.8012
18.8183
18.839
18.8605
18.8822
18.9045
18.9274
18.951
18.984
19.0247
19.0671
19.1076
19.1429
19.1727
19.2029
19.2318
19.2591
19.2866
19.3062
19.319
19.3353
19.3551
19.38
19.41
19.438
19.4651
19.4919
19.5168
19.5408
19.5698
19.6023
19.6359
19.6679
19.6964
19.7268
19.7619
19.8005
19.8472
19.8999
19.9435
19.9821
20.0212
20.06
20.1007
20.1404
20.175
20.2064
20.2348
20.2623
20.2934
20.3243
20.3538
20.383
20.4113
20.4395
20.4715
20.505
20.5362
20.5619
20.5773
20.5953
20.6179
20.6422
20.6669
20.695
20.7268
20.766
20.8139
20.8697
20.9308
20.9993
21.0728
21.1516
21.2387
21.3292
21.4269
21.5305
21.6426
21.7741
21.8755
21.9348
21.9774
22.0125
22.0433
22.0708
22.0972
22.1211
22.1432
22.1615
22.1877
22.2242
22.2647
22.3056
22.3444
22.3822
22.4166
22.4501
22.479
22.5107
22.5318
22.5442
22.5616
22.591
22.6369
22.6914
22.7493
22.8109
22.8773
22.9422
23.0064
23.0683
23.1207
23.1662
23.2065
23.2475
23.2948
23.3499
23.4118
23.4774
23.546
23.6167
23.6894
23.7677
23.848
23.918
23.9648
23.9928
24.0136
24.0352
24.0619
24.091
24.1243
24.1601
24.1986
24.2399
24.2906
24.3556
24.4369
24.5275
24.6331
24.7584
24.9002
25.0612
25.2489
25.5376
25.7652
25.973
26.1443
26.2379
26.2974
26.3411
26.377
26.4126
26.4481
26.483
26.5187
26.5525
26.5867
26.6486
26.7893
27.1093
27.2007
27.2764
27.3355
27.38
27.4121
27.4316
27.4445
27.4746
27.5374
27.6556
27.873
28.1204
28.4125
28.7362
29.0623
29.4349
29.8991
30.3676
31.2858
31.6729
32.0498
32.3527
32.5917
32.8219
33.0041
33.1686
33.3118
33.4377
33.557
33.6868
33.8272
33.9879
34.1914
34.4156
34.7521
35.0941
35.9793
36.8861
37.8006
38.2707
39.1859
39.657
39.9579
40.2181
40.421
40.611
40.7547
40.8866
40.9884
41.0772
41.1693
41.2693
41.3892
41.5212
41.7069
41.8942
42.2343
42.5839
43.4777
44.3823
45.2892
45.7464
46.0357
46.324
46.6421
46.8707
47.0998
47.3122
47.49
47.6478
47.8227
48.0272
48.2384
48.5065
48.7699
49.1897
49.5173
49.8368
50.2522
51.1274
52.0153
52.9087
53.805
54.2552
54.6139
54.9735
55.3363
55.6564
55.9438
56.2286
56.5856
56.9422
57.2976
57.7379
58.6288
59.5259
60.4211
61.3151
62.2114
63.107
63.5504
63.9845
64.3312
64.6742
64.9423
65.1712
65.3736
65.5564
65.7468
65.9645
66.2142
66.4879
66.7981
67.1052
67.9416
68.239
69.0518
69.8481
70.6668
71.5231
71.9426
72.2768
72.5735
72.81
73.0272
73.2313
73.426
73.627
73.7939
73.9524
74.1375
74.3523
74.5658
74.8375
75.1811
75.6103
75.9513
76.3705
76.7994
77.6841
78.5691
79.446
80.3125
80.7239
81.5815
82.4491
83.3176
84.1878
85.0592
85.9343
86.8197
87.7131
88.6124
89.0609
89.9449
90.8269
91.7003
92.5702
93.4339
94.2904
95.1403
95.9793
96.8102
97.646
98.5033
99.3807
99.7289
100.068
100.363
100.631
100.899
101.168
101.468
101.812
102.148
102.557
103.401
104.242
105.068
105.873
106.657
106.966
107.688
108.313
108.997
109.163
109.444
110.259
110.58
110.91
111.179
111.446
111.788
112.133
112.478
113.364
114.258
114.583
115.354
115.951
116.772
117.608
118.454
119.308
120.169
121.039
121.912
122.232
122.602
122.838
122.977
123.629
123.67
124.254
124.847
124.945
124.947
125.398
125.406
125.944
126.492
127.114
127.799
128.494
129.236
129.993
130.315
131.088
131.871
132.637
132.85
133.119
133.259
133.46
134.002
134.012
134.012
134.012
134.012
134.463
134.471
134.922
135.542
136.202
136.919
137.648
137.885
138.201
138.992
139.26
140.049
140.301
140.479
140.688
140.844
141
141.541
142.089
141.561
141.551
141.551
141.551
142.163
142.786
142.929
143.605
144.291
144.994
145.728
146.478
147.208
147.904
148.139
148.755
149.378
149.841
150.387
150.935
150.945
150.946
150.946
150.946
150.946
151.397
151.943
152.491
153.039
153.632
153.804
154.419
154.517
154.606
154.608
154.608
154.069
154.06
153.608
153.149
152.69
152.682
153.133
153.592
153.687
153.776
154.39
155.05
155.736
156.439
156.684
157.337
157.961
158.555
158.566
158.566
158.028
158.556
158.566
158.566
158.566
158.566
159.017
159.564
160.156
160.816
161.502
162.205
162.923
163.641
164.387
165.134
165.853
166.539
167.225
167.849
168.399
168.86
169.407
169.867
170.327
170.335
170.335
170.335
170.335
170.786
170.794
170.795
170.795
170.795
170.795
170.795
170.256
169.708
169.16
169.601
169.609
169.609
169.609
169.609
169.609
169.609
169.609
169.609
169.609
169.158
169.15
169.15
169.688
170.236
170.378
170.992
171.164
171.241
171.287
171.287
171.287
171.2
170.66
170.199
169.74
169.732
169.732
170.183
170.191
170.191
170.191
170.729
171.19
170.66
170.65
170.577
170.649
170.613
170.501
170.355
170.185
169.466
168.737
168.571
167.894
167.233
166.609
166.06
165.511
165.502
165.501
165.501
165.501
166.04
166.501
166.596
166.553
165.97
165.909
165.259
164.574
164.307
164.013
163.267
162.549
161.853
161.167
160.505
159.881
159.332
158.871
158.863
159.313
159.322
159.322
159.322
159.86
159.782
159.781
160.232
159.628
159.544
158.931
158.287
157.663
157.069
156.52
155.972
155.424
154.875
154.327
154.317
154.856
155.316
155.325
155.863
155.422
155.952
156.006
156.007
156.007
156.007
155.395
154.751
154.645
153.994
153.4
153.302
152.761
152.213
152.655
152.662
152.663
152.663
152.663
152.124
151.576
150.983
150.812
150.16
149.474
148.771
148.053
147.307
147.028
146.324
145.629
144.954
144.309
143.759
143.298
143.289
143.289
143.289
143.74
143.748
144.2
144.659
145.205
145.215
145.754
145.312
145.305
145.304
145.304
144.766
144.218
143.67
143.66
143.572
143.12
142.66
142.652
142.652
143.103
142.66
142.652
142.652
143.19
143.739
143.836
143.299
143.29
142.838
142.292
141.831
141.823
141.823
141.823
141.823
141.823
141.823
141.823
141.823
141.823
141.823
141.823
141.371
140.912
140.366
139.773
139.179
138.557
137.896
137.211
136.525
135.863
135.24
134.617
134.067
133.519
132.971
132.961
132.509
132.501
132.501
133.04
133.588
134.136
133.607
132.986
132.326
131.64
130.937
130.208
129.478
128.76
128.064
127.402
127.23
126.644
126.095
125.547
125.537
125.988
125.996
126.447
126.993
127.542
127.639
127.641
127.728
128.268
128.146
128.012
127.471
126.923
126.375
125.826
125.365
125.357
124.906
124.898
125.436
125.984
126.606
127.155
127.814
128.476
128.632
128.889
129.071
129.252
129.409
129.547
129.66
130.274
130.285
130.285
129.747
129.286
129.278
129.277
129.277
128.826
128.818
129.401
129.994
130.638
130.848
131.074
131.332
132.077
132.38
132.639
132.876
133.103
133.756
133.841
134.381
134.842
134.312
134.302
134.302
134.302
134.302
134.302
134.841
135.389
135.399
136.011
136.633
137.257
137.901
138.524
139.118
139.667
140.215
140.764
141.312
141.86
141.87
141.87
141.87
141.87
141.87
142.321
142.329
142.868
143.416
143.964
143.974
144.586
144.779
144.964
145.166
145.752
146.301
146.311
146.85
146.859
146.86
146.86
146.86
146.86
147.398
147.495
148.08
148.702
149.362
149.597
150.292
151.01
151.756
152.486
153.198
153.893
154.568
155.213
155.763
156.224
156.233
156.233
156.233
156.233
156.233
156.233
156.233
155.782
155.774
155.774
155.686
155.685
155.553
155.39
155.313
155.312
155.312
155.225
155.31
155.763
156.222
155.779
155.771
155.771
156.222
156.23
156.23
156.23
156.23
156.681
156.777
156.24
156.099
156.096
155.964
155.424
154.963
154.416
153.868
153.32
152.771
152.762
152.761
152.761
152.761
152.761
153.212
153.672
153.767
154.352
154.494
154.57
154.682
154.746
154.809
154.921
154.997
155.159
155.162
155.162
155.249
155.251
155.702
155.71
155.259
155.251
155.251
154.712
155.241
155.324
155.363
155.388
155.43
155.474
155.528
155.572
155.606
155.644
155.608
155.651
155.74
155.741
155.741
155.29
154.831
154.823
154.822
154.371
154.814
155.361
155.822
155.83
156.413
157.006
157.555
158.104
158.652
158.662
158.662
158.211
158.115
157.502
156.879
156.33
155.67
154.985
154.323
153.7
153.615
153.453
153.405
153.404
153.943
154.491
154.501
154.501
155.039
155.587
156.136
156.146
155.695
155.236
155.227
155.678
156.137
156.146
155.695
155.687
155.686
156.137
156.597
156.605
157.056
157.515
157.974
157.983
157.983
158.521
158.531
158.531
159.07
159.079
158.541
157.993
157.445
156.984
156.437
155.778
155.117
154.493
153.944
153.395
152.847
152.386
151.84
151.83
151.829
151.829
151.829
151.829
151.829
151.829
151.829
151.829
151.829
151.829
151.829
151.291
150.67
150.207
150.737
150.209
150.65
151.109
151.568
151.577
151.038
151.567
151.577
151.577
151.577
151.577
151.577
151.577
151.577
151.577
151.577
151.577
151.577
152.028
152.036
152.036
152.036
152.036
151.585
151.577
151.577
151.577
151.577
151.577
151.577
151.577
151.577
151.126
150.506
150.495
149.956
149.786
150.234
149.703
149.694
149.606
149.649
150.262
150.885
151.434
151.982
152.531
152.541
152.541
152.541
152.992
153
153
153
153
153
152.549
152.09
151.631
152.073
152.169
152.302
152.843
152.985
153.074
153.076
153.615
154.163
154.711
155.259
155.269
155.269
155.269
155.269
155.269
155.269
155.269
155.72
155.728
156.179
156.726
157.274
157.896
158.519
159.068
159.617
160.078
160.624
161.172
161.633
161.642
161.642
161.642
162.093
162.101
162.101
162.64
162.649
163.188
163.809
164.019
164.672
164.906
165.573
166.247
166.909
167.081
167.734
168.284
168.745
169.291
169.301
169.301
169.753
169.761
169.761
169.761
169.31
168.851
168.842
168.842
168.842
168.842
168.842
168.842
168.842
169.38
169.841
170.301
170.847
171.469
172.092
172.641
173.301
173.986
174.648
175.271
175.894
176.517
177.111
177.661
177.67
177.671
178.209
178.219
178.219
178.219
178.219
178.67
179.129
179.588
179.597
179.597
179.597
179.597
180.048
180.056
180.507
180.515
180.515
180.515
180.515
180.515
180.515
180.966
180.975
180.975
180.975
180.975
180.975
180.975
181.513
182.061
182.609
183.07
183.617
184.276
184.399
184.474
184.476
185.014
184.95
184.949
185.488
185.497
185.498
185.498
185.498
185.498
185.498
185.498
185.498
185.498
185.498
185.498
184.959
184.949
185.561
186.023
185.493
185.41
184.87
184.322
183.774
183.226
183.216
182.765
182.174
181.625
181.615
181.615
181.076
181.067
181.066
181.517
181.526
181.526
180.987
180.439
179.891
179.343
178.721
178.098
177.999
177.386
176.763
176.213
176.204
175.752
175.744
175.744
175.744
176.195
176.815
176.826
176.826
176.9
176.363
176.28
176.167
176.054
175.917
175.21
174.486
173.762
173.076
172.414
172.204
171.588
171.039
170.578
170.118
170.11
170.11
170.11
170.11
170.11
170.023
169.86
169.184
168.931
168.667
167.922
167.603
167.291
166.99
166.255
165.525
164.829
164.184
163.56
163.011
163.001
163.001
163.001
163.001
163.001
163.001
162.55
162.09
162.082
162.082
161.544
160.996
160.447
159.855
159.306
158.684
158.09
157.541
156.993
156.444
155.983
155.975
155.524
155.516
155.516
155.516
155.516
155.516
155.967
155.975
156.426
156.434
155.983
155.975
156.426
156.434
156.434
156.434
156.434
156.434
156.885
156.893
156.894
156.894
157.345
157.804
158.263
158.271
158.271
158.271
158.271
158.272
158.272
158.272
158.272
158.272
158.272
158.271
158.271
158.271
158.271
158.271
158.271
158.271
157.82
157.812
157.812
157.812
157.812
157.812
157.812
157.812
157.361
157.353
156.902
156.355
155.894
155.435
154.976
154.967
154.967
154.967
154.967
154.967
154.967
154.967
154.967
154.967
154.516
153.97
153.509
153.501
152.962
152.369
151.82
151.199
150.538
149.915
149.365
148.817
148.268
147.72
147.259
146.8
146.792
147.33
147.878
148.426
148.436
149.048
149.059
148.521
147.899
147.277
146.592
145.896
145.179
144.475
143.763
143.118
142.494
141.945
141.396
141.386
141.925
141.934
141.934
142.022
142.184
142.725
142.823
142.912
143.452
144
144.461
145.052
145.601
145.611
145.611
146.149
146.159
146.159
146.159
146.159
146.159
146.697
147.245
147.794
148.342
148.425
148.587
148.59
148.59
148.59
148.517
147.904
147.711
147.096
146.473
145.879
145.33
145.32
145.32
145.858
146.406
146.954
147.576
148.236
148.898
149.583
150.3
151.024
151.748
152.435
153.096
153.306
153.384
153.472
153.925
154.384
154.392
154.393
154.393
154.393
154.844
155.39
156.012
156.697
157.4
158.124
158.877
159.648
160.418
161.179
161.922
162.652
163.348
163.455
164.069
164.618
164.628
164.177
164.169
163.718
163.71
163.71
164.161
164.62
164.628
164.628
165.167
165.715
166.263
166.856
167.405
168.026
168.62
169.17
169.718
170.266
170.727
170.735
171.186
171.195
171.195
171.195
171.195
171.195
171.195
170.656
170.647
170.646
171.098
171.106
170.567
170.019
170.009
169.471
168.923
168.462
167.915
167.367
166.819
166.271
166.261
166.261
165.809
165.35
165.342
165.342
165.342
165.342
164.891
164.344
163.796
163.174
162.514
161.829
161.167
160.464
159.768
159.093
158.469
157.875
157.777
157.775
157.775
157.775
157.775
157.775
157.775
157.775
158.226
158.234
158.685
159.232
159.154
159.153
159.066
158.526
158.516
158.516
158.516
158.516
158.516
158.516
158.516
158.516
158.967
158.975
159.426
158.983
158.975
158.946
158.872
158.791
158.766
158.703
158.525
158.368
158.241
158.128
157.965
157.875
157.262
157.251
157.251
157.251
157.251
157.251
157.702
158.248
158.87
159.493
160.178
160.873
161.591
162.295
163.006
163.652
164.275
164.825
165.373
165.921
165.931
165.931
165.931
166.382
166.841
166.85
167.301
167.76
167.768
167.769
167.769
167.23
166.682
166.134
165.541
165.079
164.62
164.612
164.612
164.612
164.612
164.612
164.612
164.612
164.612
165.15
165.16
165.698
165.781
165.944
166.02
166.095
166.191
166.192
166.266
166.312
166.4
165.863
165.853
165.315
165.305
164.854
164.846
164.846
164.846
164.846
164.846
164.846
164.846
164.846
164.846
165.297
165.843
166.304
166.312
166.312
166.312
166.312
166.312
166.312
166.312
166.312
166.312
166.312
166.312
166.312
166.312
165.861
165.853
165.853
165.853
165.402
165.394
165.932
165.942
165.942
165.942
166.393
166.401
166.852
166.861
166.861
166.861
166.861
166.861
166.861
166.861
166.278
165.656
165.106
164.484
163.935
163.313
162.763
162.303
161.756
161.295
160.836
160.827
160.827
160.827
160.827
160.827
160.376
159.917
159.909
159.297
158.703
158.043
157.34
157.174
156.984
156.27
156.122
155.984
155.8
155.796
155.723
155.721
156.26
155.818
155.81
156.261
156.721
156.729
156.729
156.729
156.729
156.729
156.816
156.818
156.891
156.93
156.993
157.06
157.753
157.997
158.213
158.377
158.963
159.512
158.984
158.974
158.523
158.515
158.515
158.515
158.515
157.976
157.967
157.967
157.428
157.418
157.418
157.506
157.595
157.596
157.145
157.137
157.137
157.137
157.137
157.137
157.137
157.137
157.675
157.685
158.136
158.683
159.304
159.927
160.63
161.316
162.002
162.73
163.435
164.11
164.771
165.395
165.945
166.566
166.578
166.578
166.578
166.578
166.578
166.578
166.578
166.578
166.578
166.578
166.578
166.578
166.578
166.578
166.578
166.578
166.578
166.578
166.578
166.578
166.578
166.578
166.578
166.578
166.578
166.578
166.578
166.578
166.578
166.578
167.116
167.664
168.213
168.805
169.267
169.726
169.735
169.735
169.735
169.735
169.735
169.735
169.735
169.735
169.735
170.186
170.194
170.732
171.193
171.74
172.288
172.836
173.458
174.008
174.556
175.017
175.563
175.573
176.112
176.122
176.573
176.581
176.581
176.581
176.581
176.581
176.581
176.581
176.581
176.581
176.043
175.495
174.873
174.212
173.589
172.966
172.343
171.793
171.2
170.651
170.641
170.19
170.182
170.182
170.182
170.182
170.633
170.641
170.103
169.51
169.412
168.828
168.205
167.545
166.859
166.164
165.502
164.878
164.218
163.668
163.119
162.571
162.11
161.651
161.643
161.191
161.766
162.388
162.4
162.429
162.429
162.429
162.294
162.038
161.846
161.55
161.259
160.513
159.794
159.076
158.414
157.753
157.654
157.652
158.19
158.812
159.406
160.066
160.769
160.935
161.212
161.279
161.321
161.321
161.271
161.104
161.007
160.861
160.196
160.002
159.387
158.837
158.289
158.279
157.828
157.82
157.82
158.271
158.73
159.277
159.825
160.446
161.069
161.125
161.126
161.039
161.488
161.409
161.408
160.957
160.949
160.948
161.399
161.408
161.408
161.408
161.408
161.946
161.956
161.956
162.494
163.042
163.503
163.963
164.422
164.43
164.43
164.43
164.43
164.43
164.43
164.43
164.43
164.43
164.43
164.43
164.43
164.43
164.43
164.43
163.979
163.52
163.061
163.053
162.514
162.504
161.966
161.373
160.824
160.276
159.728
159.718
159.718
159.718
159.718
159.267
159.258
159.258
159.258
159.258
159.258
159.258
159.258
158.807
158.799
158.348
158.34
158.34
158.34
158.34
157.801
157.792
157.791
157.791
157.791
157.791
157.791
157.791
157.791
157.791
157.791
157.791
157.791
157.791
157.791
157.791
157.34
157.332
156.881
156.335
155.786
155.776
155.325
155.317
155.317
155.317
155.317
155.317
155.317
155.317
154.866
154.858
154.858
154.319
154.31
153.858
153.312
152.764
152.754
152.215
152.206
151.667
151.657
151.657
151.119
150.658
150.65
150.65
150.65
150.65
151.188
151.736
152.358
153.018
153.191
153.806
153.978
154.519
155.112
155.661
155.671
156.122
156.13
156.13
156.13
156.13
156.13
156.13
156.668
157.261
157.81
158.403
159.025
159.686
160.371
161.067
161.728
161.901
162.553
163.104
163.652
163.749
163.663
164.113
164.121
164.572
164.58
164.58
165.119
165.711
166.26
166.882
167.567
168.284
168.484
168.78
169.523
169.738
170.447
171.165
171.827
172.488
173.039
173.5
173.508
173.508
173.057
173.049
173.049
173.587
174.048
174.705
175.35
176.035
176.28
176.989
177.707
177.952
178.168
178.804
178.889
179.429
179.526
179.077
179.069
179.069
179.069
179.069
179.069
179.069
179.069
179.069
179.069
179.607
179.617
180.155
180.165
180.704
180.713
181.165
181.711
181.721
181.721
181.721
181.721
181.721
181.721
181.721
181.721
181.721
181.721
181.27
180.811
180.264
179.716
179.094
178.922
178.307
177.647
176.986
176.325
175.701
175.152
174.603
174.055
173.507
173.046
173.038
173.037
173.037
173.488
173.948
174.407
174.415
174.415
174.415
174.503
174.549
174.505
174.46
174.459
173.921
173.911
173.46
173.452
173.451
173.451
173.451
173.451
173.451
173.451
173
172.992
173.443
173.451
173.902
173.911
173.911
173.46
172.913
173.442
172.913
172.365
172.355
172.355
171.904
171.896
171.445
171.436
171.436
171.436
171.436
171.436
171.436
171.436
170.985
171.428
171.436
171.887
172.434
172.982
172.992
173.443
173
172.992
172.992
172.992
172.992
172.992
172.992
173.443
173.451
173.451
173.99
173.999
174.451
174.997
175.545
175.555
176.094
176.104
176.104
176.104
176.104
176.642
177.103
177.111
177.111
177.111
177.111
177.111
177.111
176.66
176.652
177.103
177.111
177.562
177.032
176.484
175.936
175.343
174.794
174.246
173.785
173.326
172.866
172.858
172.858
172.858
172.858
172.858
172.858
172.858
172.858
172.858
172.858
172.858
172.858
172.407
171.86
171.851
171.763
171.761
171.223
171.213
170.675
170.665
170.214
170.206
170.206
170.206
169.755
169.747
169.746
170.285
170.745
170.754
170.841
170.843
170.304
170.295
169.756
169.746
169.746
169.746
169.746
170.197
170.205
169.755
169.746
169.746
169.746
169.746
169.746
170.197
170.206
169.755
170.198
170.657
170.214
170.744
170.754
171.205
171.664
172.123
172.132
172.132
172.132
172.132
172.132
172.132
172.132
172.132
172.132
172.132
171.593
171.133
170.586
170.038
169.416
168.867
168.208
167.522
166.877
166.253
165.704
165.111
164.649
164.641
164.641
164.641
165.092
165.551
166.098
166.646
167.268
167.891
168.063
168.264
168.917
169.127
169.742
170.292
170.389
170.929
171.477
171.487
171.487
171.487
171.487
171.487
171.487
171.487
171.487
172.026
171.584
172.027
172.574
173.166
173.76
174.309
174.857
174.867
175.318
175.327
175.778
175.247
174.7
174.69
174.69
174.69
175.141
175.149
175.149
175.149
175.149
175.149
174.698
175.141
175.687
175.697
176.236
176.784
176.793
176.794
177.245
176.802
177.245
177.253
177.253
177.253
177.253
177.253
177.253
177.253
177.253
177.253
176.802
176.255
176.246
175.794
175.335
175.327
175.778
175.247
174.787
174.779
174.327
174.319
174.319
173.868
173.86
173.409
173.401
173.4
173.4
173.4
172.862
172.314
171.692
171.069
170.923
170.229
169.511
168.773
168.039
167.304
166.6
165.914
165.252
164.607
164.057
163.96
163.507
163.499
163.499
163.499
164.037
164.134
164.063
163.995
163.883
163.714
163.441
163.147
162.836
162.065
161.282
160.511
159.763
159.034
158.315
157.611
156.987
156.437
155.976
155.517
155.96
156.419
156.427
155.889
155.768
155.621
155.474
154.76
154.549
153.805
153.521
152.8
152.113
151.468
151.296
150.754
150.206
150.196
150.196
150.196
150.647
150.655
151.194
151.203
151.742
151.752
151.752
151.752
151.752
151.752
151.752
152.203
152.211
152.211
152.211
152.211
152.211
152.211
152.211
152.662
152.67
152.67
153.121
153.13
153.13
153.13
153.13
153.13
153.13
152.679
152.219
152.211
152.211
152.211
152.211
152.211
152.211
151.76
152.29
152.751
153.298
153.846
154.467
155.017
155.676
156.362
157.007
157.092
157.049
157.093
157.006
156.355
155.732
155.182
154.634
154.173
153.626
153.616
153.616
153.616
154.067
154.526
154.535
154.986
154.543
154.084
153.988
153.375
152.714
152.48
151.771
151.042
150.313
149.608
148.922
148.26
147.599
147.004
146.906
146.905
146.453
146.445
146.445
146.445
145.907
145.359
144.81
144.262
143.669
143.548
143.451
142.776
142.072
141.386
140.725
140.101
139.478
138.884
138.335
138.325
138.776
138.333
138.325
138.325
138.325
138.325
137.874
137.865
137.327
137.185
136.534
135.873
135.178
134.474
133.788
133.126
132.465
131.841
131.743
131.202
131.644
132.19
132.2
132.2
132.2
131.662
131.114
131.03
130.831
130.154
129.959
129.282
128.579
128.344
127.728
127.585
127.044
126.496
126.486
126.486
127.024
127.572
128.194
128.817
129.502
129.667
129.836
130.027
130.139
130.213
130.232
130.233
130.177
130.126
130.014
129.938
129.776
129.161
128.612
128.602
128.602
129.053
129.673
130.333
130.994
131.711
131.907
132.039
132.215
132.351
132.449
132.503
132.512
132.503
132.482
132.468
132.406
132.331
132.169
132.079
131.539
131.529
132.067
132.615
132.824
133.059
133.747
134.47
135.22
135.436
136.16
136.89
137.038
137.135
137.749
138.298
138.395
138.397
138.397
138.397
138.397
138.397
137.946
137.938
137.938
137.938
137.938
137.4
136.851
136.303
135.644
134.941
134.237
133.508
132.779
132.045
131.333
130.646
129.985
129.34
128.79
128.329
128.321
128.321
128.321
128.321
128.321
127.87
127.323
127.226
127.092
126.441
125.78
125.156
124.454
123.736
123.049
122.814
122.161
121.537
120.988
120.439
120.43
120.429
120.429
119.978
119.519
120.049
120.642
121.191
121.288
121.939
122.024
122.113
122.653
122.576
122.574
122.036
121.488
120.939
120.93
120.391
120.381
120.381
120.832
121.291
121.838
122.46
123.12
123.806
124.523
124.714
125.433
126.138
126.373
126.488
126.556
126.602
126.558
126.019
126.01
125.558
125.099
124.64
125.17
125.718
126.266
126.814
127.407
128.067
128.712
129.397
130.101
130.787
130.91
131.073
131.149
131.283
131.285
131.285
131.285
131.736
131.744
131.744
131.744
131.744
132.195
131.753
132.283
132.875
133.084
133.286
133.435
134.128
134.232
134.344
134.457
135.071
135.621
135.63
135.18
134.72
134.712
135.163
135.622
136.169
136.717
137.339
137.999
138.685
139.33
139.564
140.26
140.407
140.483
140.529
140.457
140.361
139.747
139.198
138.65
138.64
138.64
138.64
138.64
139.178
139.726
140.274
140.896
141.556
142.242
142.928
143.645
144.341
145.003
145.627
145.799
145.875
145.964
145.966
145.966
145.966
145.514
145.506
145.506
145.506
146.045
146.666
147.26
147.904
148.589
149.306
149.506
149.784
149.977
150.147
150.285
150.266
150.245
150.171
150.096
149.512
148.963
148.502
148.945
148.866
148.326
148.316
147.865
148.395
147.866
147.245
147.16
147.024
146.31
145.554
145.222
144.433
143.627
142.824
142.038
141.267
140.952
140.217
139.513
138.837
138.287
138.815
139.363
139.911
140.571
141.274
141.527
141.796
141.979
142.092
142.18
142.273
142.385
142.408
142.335
142.247
141.707
141.158
140.698
140.238
140.23
140.23
140.768
141.316
141.909
142.118
142.233
142.308
142.462
142.632
142.77
142.863
142.881
142.911
142.838
142.836
142.298
142.288
141.837
142.28
142.739
142.747
142.747
142.747
143.198
143.206
143.207
143.658
143.666
144.204
144.752
145.301
145.849
146.397
146.407
146.945
146.955
146.955
146.955
146.955
146.955
146.955
146.955
146.955
146.955
147.494
147.503
146.965
147.407
147.37
147.34
147.266
147.174
147.02
146.785
146.599
146.397
146.233
145.618
145.069
144.608
144.6
144.6
144.6
144.6
144.6
144.017
143.373
143.226
142.992
142.8
142.515
142.301
141.536
140.75
139.972
139.225
138.478
137.759
137.055
136.393
136.22
136.217
135.766
136.209
136.668
137.215
136.613
136.552
136.416
136.246
135.51
134.771
134.542
134.229
133.928
133.202
132.484
131.797
131.173
130.623
130.163
130.154
130.154
130.154
130.605
130.162
130.693
130.789
130.879
131.041
131.226
131.303
131.304
131.23
131.229
130.691
130.681
130.143
129.682
129.135
129.125
128.587
128.577
128.577
128.577
128.577
128.577
128.126
128.118
128.569
128.664
129.117
129.125
128.674
128.666
128.666
128.215
127.756
127.747
127.747
127.747
127.296
127.288
126.837
126.378
126.908
127.368
127.377
127.377
127.332
127.381
127.477
127.479
127.479
127.523
127.611
128.064
128.072
128.611
129.159
128.63
128.621
128.621
128.708
128.87
129.034
129.172
129.347
129.555
129.79
130.039
130.296
130.552
130.876
131.639
131.866
132.062
132.757
133.432
133.982
133.992
133.541
133.533
133.533
133.533
133.984
133.992
134.531
135.152
135.775
136.369
136.467
137.081
137.253
137.794
138.342
138.891
138.9
139.352
139.36
139.811
139.819
139.368
138.909
138.901
138.901
138.79
138.714
138.589
138.462
138.36
138.3
138.208
138.156
138.044
137.968
137.429
137.332
137.33
137.33
137.33
137.33
137.33
137.33
137.33
137.868
137.427
136.968
136.959
136.421
135.873
135.325
134.776
134.767
134.766
134.315
133.856
133.397
132.938
132.929
132.929
132.929
132.929
132.929
132.929
132.929
133.467
133.477
134.06
134.683
135.306
135.539
135.784
136.471
137.116
137.777
137.95
138.565
139.114
139.124
139.124
139.124
139.124
139.124
138.586
139.159
139.802
139.949
140.023
140.212
140.337
140.547
140.729
140.967
141.196
141.395
142.133
142.4
142.645
143.299
143.471
143.474
143.387
143.385
143.385
143.385
143.546
143.731
143.825
144.081
144.28
144.558
145.318
146.091
146.851
147.586
148.304
148.991
149.615
150.164
150.625
150.634
150.634
150.634
150.095
149.998
149.458
149.361
149.359
149.81
149.731
150.268
150.278
150.89
150.901
151.439
151.449
151.988
152.448
152.995
153.005
153.092
152.556
152.008
151.459
150.867
150.223
150.013
149.398
148.775
148.603
148.149
147.602
147.592
147.054
147.495
147.954
148.413
148.422
148.422
147.971
148.414
147.971
147.963
147.875
147.335
146.787
146.704
146.629
146.672
146.673
146.673
146.746
147.359
147.458
147.911
147.919
147.919
147.919
147.919
148.457
148.918
148.926
148.926
149.377
149.837
150.383
150.931
151.48
152.028
152.576
153.124
153.673
154.134
154.142
154.68
155.228
155.238
155.238
155.238
155.238
155.69
155.698
155.698
155.247
155.239
155.689
155.159
155.15
155.15
155.15
155.601
155.609
156.06
156.068
156.068
156.068
156.519
156.527
156.527
156.527
156.527
156.979
157.438
157.897
158.444
159.103
159.726
160.4
161.075
161.77
162.474
163.16
163.835
164.496
165.12
165.67
166.218
165.777
165.769
165.23
165.221
164.609
163.986
163.325
162.64
162.429
162.203
161.536
161.43
161.354
161.28
161.366
161.367
160.829
161.27
161.729
162.189
162.648
162.656
162.656
162.656
162.656
162.656
162.656
162.656
162.118
161.57
161.022
161.012
160.473
160.376
160.825
160.834
160.834
160.834
161.285
161.293
161.293
161.744
161.752
161.214
160.753
160.745
160.745
160.206
159.658
159.604
159.603
159.603
159.632
160.171
160.225
160.313
160.853
161.401
160.96
161.403
161.411
161.411
161.324
160.784
160.701
160.026
159.322
158.627
158.374
158.129
158.058
157.859
157.782
157.62
157.078
156.53
156.52
156.52
156.52
155.982
155.972
155.972
155.972
155.972
155.972
155.972
156.51
157.058
157.606
158.155
158.616
158.624
159.162
159.172
159.711
159.72
159.721
159.721
159.721
159.721
159.721
159.721
159.721
159.721
160.259
160.807
161.355
161.41
161.592
161.707
161.782
161.857
161.932
162.384
162.48
162.481
163.02
163.029
163.03
163.03
163.03
162.579
163.021
162.447
162.349
162.186
162.11
162.035
161.96
161.959
161.959
162.046
162.092
162.093
162.181
161.731
162.174
162.182
162.182
162.182
162.182
162.182
162.182
162.182
161.731
161.723
161.184
160.636
160.088
159.54
159.53
159.079
158.62
158.611
158.611
158.611
158.611
158.611
158.611
158.611
158.611
158.611
158.16
157.614
156.971
156.31
156.058
155.37
154.653
154.468
153.791
153.129
152.484
151.935
151.386
150.925
150.917
150.917
150.917
150.466
149.919
149.327
148.704
148.06
147.375
146.671
145.942
145.204
144.48
143.761
143.075
142.43
141.806
141.212
140.619
140.07
139.609
139.062
138.378
137.641
137.322
136.543
136.266
135.524
135.363
135.203
135.077
134.988
134.89
134.836
134.791
134.736
134.7
134.747
134.834
134.836
135.009
134.647
134.215
133.741
133.182
132.608
131.988
131.383
130.796
130.235
129.708
129.232
129.296
129.591
130.135
130.144
130.683
131.231
131.241
131.241
131.241
131.241
131.241
130.996
130.627
130.256
129.884
130.051
130.26
130.019
130.553
131.101
131.65
132.242
132.62
133.165
133.758
133.769
134.307
134.768
134.776
134.777
135.228
135.236
135.442
135.081
135.147
135.26
135.357
135.515
135.692
135.814
135.99
136.19
136.377
136.664
136.917
137.168
137.711
138.259
138.269
138.269
138.269
138.563
138.203
137.731
137.187
136.602
135.989
135.34
134.669
133.983
133.312
132.657
132.023
131.436
130.908
130.534
130.032
129.341
128.579
127.797
127.032
126.283
125.56
124.875
124.216
124.41
123.731
122.934
122.092
121.774
121.383
121.083
120.79
120.505
120.224
119.42
119.091
118.842
118.343
117.969
117.412
116.779
116.099
115.819
115.079
114.891
114.657
114.48
114.294
114.115
113.943
113.777
113.616
113.31
113.101
112.899
112.627
112.368
111.676
110.998
110.29
109.561
108.817
108.053
107.273
106.482
106.129
105.779
105.506
105.225
104.945
104.664
103.843
103.464
103.091
102.268
101.436
100.604
99.7721
98.9388
98.1082
97.2789
96.4507
95.6213
95.2459
94.9651
94.7815
94.615
94.4907
94.3609
94.245
94.1359
93.9909
93.8226
93.6378
93.36
93.0826
92.719
91.9054
91.0845
90.2708
89.9199
89.6664
89.4609
89.2863
89.1364
89.0246
88.9359
88.8713
88.8198
88.7518
88.6606
88.536
88.3691
88.1793
87.9562
87.7359
87.4683
87.1129
86.8391
86.7015
86.623
86.573
86.5355
86.5224
86.4466
86.3847
86.3295
86.2754
86.2067
86.127
86.0401
85.972
85.9173
85.8073
85.5917
85.167
84.3644
83.9109
83.4587
83.0455
82.6488
82.3183
81.9947
81.7198
81.4332
81.1296
80.8044
80.4489
80.0439
79.6463
79.0323
78.1765
77.3172
76.4545
75.591
74.7262
73.8604
72.9915
72.1218
71.2501
70.6353
70.1601
69.7049
69.254
68.8046
68.2369
67.6693
66.8628
66.0545
65.2497
64.4309
63.8455
63.0136
62.1702
61.3214
60.4693
59.6115
58.749
57.8819
57.0113
56.1378
55.5058
54.9946
54.5942
54.158
53.8134
53.4728
53.1345
52.8446
52.5105
52.1502
51.759
51.2646
50.7587
50.2503
49.376
48.4941
47.6105
46.7263
45.8414
45.2061
44.6995
44.3013
43.9799
43.7056
43.4617
43.2584
43.0803
42.9212
42.7514
42.5551
42.3285
42.0451
41.6962
41.1896
40.8063
40.6073
40.473
40.3558
40.2163
40.062
39.8852
39.673
39.4395
38.8029
38.5977
38.5074
38.4667
38.444
38.4215
38.3915
38.3542
38.3054
38.2504
38.1799
38.0781
37.8988
37.5146
36.9938
36.6559
36.3923
36.1753
36.009
35.8596
35.7313
35.6143
35.5159
35.4302
35.3409
35.2447
35.1442
35.0384
34.9162
34.7809
34.6382
34.477
34.3012
34.1081
33.8944
33.7125
33.5533
33.4134
33.3008
33.2125
33.1461
33.1036
33.0661
33.0351
33.012
32.9842
32.9543
32.9218
32.8809
32.8336
32.7793
32.7186
32.6552
32.5892
32.5227
32.4519
32.3776
32.301
32.2262
32.1498
32.0747
32.0009
31.9319
31.8662
31.802
31.7492
31.7007
31.655
31.6101
31.5671
31.5149
31.4519
31.382
31.304
31.2205
31.1254
31.015
30.8993
30.7788
30.6536
30.528
30.4106
30.2926
30.1809
30.0719
29.9713
29.8952
29.8307
29.7786
29.752
29.7484
29.7298
29.6953
29.6463
29.5898
29.5254
29.4489
29.3699
29.2893
29.2069
29.1188
29.0381
28.9667
28.8999
28.8361
28.7695
28.6898
28.5731
28.4238
28.2907
28.1804
28.0742
27.9722
27.8834
27.8037
27.744
27.7071
27.6885
27.6761
27.6593
27.6381
27.6133
27.5843
27.5466
27.503
27.4547
27.4054
27.3534
27.3053
27.2674
27.2381
27.2203
27.2159
27.2323
27.2908
27.3716
27.479
27.625
27.7062
27.7367
27.736
27.7137
27.6723
27.6064
27.5193
27.4166
27.3184
27.2245
27.1375
27.0589
26.9872
26.9197
26.8593
26.8095
26.7732
26.7514
26.7481
26.7698
26.7968
26.8182
26.8364
26.8595
26.8885
26.9112
26.9265
26.9278
26.9108
26.8819
26.8492
26.8216
26.7924
26.7601
26.7233
26.6832
26.639
26.5938
26.548
26.5018
26.4538
26.4026
26.3465
26.2888
26.2316
26.1768
26.1286
26.0829
26.0414
26.0048
25.9723
25.946
25.9266
25.9137
25.9072
25.9061
25.907
25.909
25.9146
25.924
25.9385
25.9556
25.9764
26.0016
26.0223
26.0274
26.0239
26.0155
26.0024
25.9858
25.9665
25.9459
25.9204
25.8829
25.8459
25.8142
25.7855
25.7571
25.7288
25.701
25.6714
25.6398
25.6076
25.5814
25.5566
25.5311
25.5056
25.4804
25.4548
25.4296
25.4116
25.4036
25.4078
25.4188
25.4344
25.4549
25.48
25.5225
25.595
25.6854
25.7664
25.8345
25.8884
25.913
25.9231
25.9152
25.8911
25.8548
25.8096
25.7677
25.732
25.7031
25.6781
25.6581
25.6407
25.6278
25.6244
25.6312
25.6521
25.6786
25.7037
25.7271
25.7532
25.7824
25.8125
25.8399
25.858
25.8628
25.8491
25.8232
25.7933
25.7597
25.7312
25.7088
25.6903
25.6747
25.6614
25.654
25.658
25.6736
25.699
25.7366
25.7819
25.8326
25.8818
25.9309
25.9809
26.0246
26.0496
26.0566
26.0452
26.0023
25.9239
25.8451
25.7803
25.7255
25.6789
25.6371
25.5995
25.5652
25.5331
25.5046
25.4849
25.469
25.4523
25.4392
25.4284
25.4201
25.4152
25.4152
25.4229
25.4384
25.4517
25.4647
25.4787
25.4873
25.5002
25.5256
25.5658
25.6238
25.6849
25.7467
25.8059
25.8616
25.915
25.9654
26.0043
26.0269
26.0352
26.0314
26.0223
26.0084
25.9893
25.9628
25.9244
25.8694
25.7761
25.669
25.5325
25.3536
25.2253
25.1403
25.0798
25.0354
25.0131
25.015
25.0389
25.0758
25.1226
25.1719
25.2166
25.2631
25.3143
25.3716
25.4271
25.4675
25.4871
25.4857
25.4602
25.4103
25.3554
25.2941
25.2293
25.1548
25.0685
24.9863
24.9122
24.8535
24.8189
24.8001
24.7908
24.79
24.7938
24.8031
24.8193
24.8411
24.8687
24.8966
24.9187
24.9337
24.942
24.9463
24.953
24.9604
24.9633
24.9576
24.9394
24.9138
24.8963
24.8865
24.8826
24.8801
24.8709
24.857
24.8439
24.8328
24.8235
24.8152
24.7991
24.774
24.7417
24.7037
24.6654
24.6272
24.5936
24.5753
24.5746
24.5921
24.6257
24.6751
24.7245
24.7756
24.8224
24.8686
24.9108
24.944
24.9665
24.9833
25.0038
25.0282
25.0585
25.0907
25.1263
25.1567
25.1824
25.2066
25.229
25.2478
25.2576
25.2605
25.2541
25.2407
25.2169
25.1906
25.1608
25.1269
25.0918
25.0463
24.9817
24.8964
24.8117
24.7236
24.6346
24.5592
24.4947
24.4473
24.4107
24.3835
24.3621
24.3449
24.3323
24.3249
24.3237
24.3287
24.3396
24.3546
24.3782
24.4145
24.4664
24.5068
24.5396
24.5657
24.5823
24.5875
24.5789
24.5584
24.5327
24.5086
24.4954
24.4914
24.4888
24.4881
24.4893
24.4932
24.5036
24.5251
24.5587
24.6026
24.6389
24.6568
24.6631
24.6558
24.6351
24.6003
24.5559
24.4992
24.4293
24.3544
24.2904
24.2379
24.1936
24.1576
24.139
24.134
24.1365
24.1478
24.1671
24.193
24.2215
24.251
24.2874
24.3286
24.3698
24.4081
24.4434
24.4736
24.5021
24.5336
24.5673
24.6001
24.6224
24.6384
24.657
24.6814
24.7103
24.7411
24.7667
24.7784
24.7733
24.7417
24.6995
24.6501
24.597
24.5433
24.4901
24.4442
24.4109
24.3869
24.3705
24.3645
24.3657
24.3737
24.3944
24.4264
24.4676
24.5075
24.5524
24.6299
24.7878
25.0767
25.1983
25.2552
25.2805
25.3019
25.3145
25.3225
25.3254
25.3161
25.2947
25.2683
25.2461
25.2221
25.1859
25.1362
25.0824
25.0334
24.9898
24.9505
24.9164
24.8817
24.8471
24.8144
24.7868
24.7639
24.7451
24.7269
24.71
24.6959
24.6843
24.6791
24.6815
24.6963
24.7219
24.7619
24.8194
24.9067
25.0056
25.1178
25.26
25.365
25.4472
25.5119
25.5616
25.5996
25.6305
25.656
25.6774
25.6922
25.6983
25.7079
25.7218
25.7404
25.7673
25.8063
25.8562
25.9211
26.0177
26.1227
26.239
26.3348
26.4297
26.5146
26.5826
26.6188
26.6334
26.6309
26.6031
26.5544
26.4924
26.4173
26.3438
26.2714
26.2072
26.1542
26.1115
26.0787
26.0611
26.0547
26.0501
26.0464
26.0433
26.0435
26.0466
26.0545
26.0674
26.0857
26.1047
26.1243
26.1537
26.1983
26.2582
26.3134
26.3594
26.3971
26.4266
26.449
26.4623
26.4604
26.4356
26.4007
26.3608
26.3281
26.3005
26.2761
26.2549
26.2363
26.2239
26.2183
26.2224
26.2281
26.2345
26.2375
26.2363
26.2328
26.2271
26.2171
26.1949
26.1525
26.0812
26.015
25.9561
25.9031
25.8626
25.8337
25.816
25.8118
25.8192
25.8382
25.8629
25.8912
25.9225
25.9577
25.987
26.0118
26.0319
26.0394
26.0344
26.0131
25.9882
25.9697
25.9533
25.9363
25.918
25.8986
25.8852
25.8813
25.8857
25.8973
25.9116
25.9252
25.9399
25.9625
25.9958
26.0439
26.0993
26.1577
26.2155
26.2664
26.3138
26.3599
26.4002
26.428
26.4412
26.4421
26.4334
26.4179
26.3978
26.3704
26.3356
26.2951
26.2556
26.2129
26.1709
26.1308
26.0935
26.0595
26.0262
26.0024
25.9857
25.9838
25.9944
26.0174
26.0494
26.0866
26.1281
26.1692
26.2115
26.2484
26.2859
26.3185
26.3428
26.3565
26.353
26.334
26.3034
26.272
26.2304
26.1565
26.0002
25.7036
25.5711
25.5071
25.4815
25.4644
25.4512
25.4379
25.4273
25.4222
25.4216
25.4348
25.4486
25.4607
25.4774
25.5003
25.5281
25.5598
25.5977
25.6403
25.6864
25.7304
25.7833
25.8426
25.9021
25.9618
26.0205
26.0788
26.1338
26.1845
26.2292
26.2658
26.2843
26.2864
26.2781
26.2543
26.2128
26.1417
26.0581
25.9625
25.8402
25.7582
25.7032
25.6647
25.6434
25.5962
25.5565
25.5248
25.5016
25.4867
25.4793
25.4668
25.4498
25.4284
25.3973
25.3574
25.3063
25.2387
25.1409
25.0382
24.9279
24.8424
24.7586
24.6842
24.6258
24.5984
24.5842
24.5792
24.5822
24.5849
24.5882
24.5921
24.5972
24.6026
24.6059
24.6026
24.6002
24.5999
24.5994
24.5988
24.5987
24.5994
24.6036
24.6131
24.6294
24.6647
24.711
24.7584
24.7836
24.7941
24.7907
24.7706
24.7298
24.6848
24.6431
24.6016
24.5599
24.5191
24.4856
24.4612
24.4492
24.4489
24.4586
24.4718
24.4887
24.5111
24.5399
24.5746
24.6114
24.6538
24.6933
24.728
24.7596
24.7898
24.8196
24.8478
24.8727
24.8955
24.9118
24.922
24.9269
24.9272
24.922
24.9133
24.8941
24.8653
24.8308
24.7915
24.7483
24.6987
24.6494
24.6005
24.5539
24.5102
24.4805
24.4663
24.4666
24.4881
24.5522
24.7098
24.8725
24.9811
25.0757
25.1519
25.221
25.2816
25.3365
25.3834
25.4186
25.4463
25.4667
25.4945
25.5235
25.5469
25.5601
25.5611
25.552
25.5382
25.5234
25.5159
25.5165
25.5088
25.5018
25.5038
25.5172
25.538
25.5651
25.5968
25.6315
25.6659
25.699
25.7312
25.762
25.7989
25.8305
25.8538
25.8702
25.8786
25.8788
25.8693
25.8531
25.8303
25.8012
25.7625
25.7258
25.697
25.6753
25.6664
25.6742
25.7126
25.7909
25.955
26.382
26.5928
26.7702
26.991
27.2649
28.1528
29.0536
29.948
30.2233
30.406
30.557
30.6709
30.7635
30.852
30.9319
30.9985
31.0489
31.0993
31.1502
31.192
31.2274
31.2578
31.283
31.3028
31.325
31.3566
31.3997
31.4559
31.529
31.6257
31.7445
31.9119
32.1725
33.0457
33.4793
33.9046
34.7803
34.9798
35.1072
35.1891
35.2522
35.295
35.3243
35.3442
35.354
35.3564
35.3627
35.3773
35.3988
35.4345
35.4788
35.5383
35.6054
35.7199
35.856
36.0165
36.1704
36.3036
36.4283
36.5426
36.6686
36.8037
36.9739
37.19
37.4395
37.7266
38.1736
39.0734
39.5298
39.8889
40.1998
40.5095
40.8618
41.2099
41.5621
42.0047
42.4529
43.356
44.2702
45.1872
46.1072
47.0288
47.9528
48.8821
49.809
50.7324
51.6515
52.5656
53.474
54.3775
55.273
56.1602
57.0366
57.8895
58.7266
59.5564
60.4071
61.2744
62.1542
63.0413
63.937
64.8397
65.7473
66.2102
66.6715
67.1371
67.5124
67.789
68.1113
68.3654
68.6154
68.837
69.1163
69.4659
69.7382
70.078
70.4184
70.753
71.625
72.0564
72.9297
73.8122
74.6955
75.5782
76.4615
77.3441
78.2296
79.1199
80.0171
80.9211
81.3804
82.2874
83.2066
84.1301
85.057
85.5357
86.0096
86.4865
86.9601
87.8797
88.802
89.7176
90.6252
91.5218
92.404
93.2689
94.094
94.8299
95.5643
96.3564
96.6269
96.9115
97.7459
98.603
99.016
99.4266
99.8468
100.272
100.702
101.574
101.999
102.412
102.824
103.683
104.55
105.415
106.276
107.134
107.988
108.402
108.81
109.219
109.541
109.863
110.187
110.514
110.84
111.168
111.498
112.369
113.251
114.128
115.009
115.894
116.783
117.138
117.576
117.886
118.242
119.139
119.598
120.504
120.965
121.41
121.846
122.183
122.459
122.662
122.847
123.023
122.939
123.611
124.328
124.553
124.717
124.182
123.523
122.838
122.764
122.78
123.117
123.499
123.906
124.32
124.746
125.19
125.655
126.13
126.618
127.115
127.624
128.144
128.677
129.222
129.77
130.314
130.852
131.383
131.901
132.404
132.882
133.307
133.63
133.26
133.386
133.525
133.143
133.541
134.03
134.578
135.163
135.779
136.418
137.076
137.753
138.446
139.143
139.839
140.532
141.217
141.899
142.574
143.241
143.901
144.542
145.159
145.791
146.456
147.141
147.847
148.547
149.242
149.907
150.515
151.085
151.609
151.915
151.584
151.872
152.305
152.811
153.327
153.786
154.25
154.721
155.069
155.419
155.091
154.739
154.381
154.018
153.648
153.273
152.891
152.503
152.109
151.708
151.3
150.886
150.464
150.035
149.598
149.154
148.702
148.242
147.773
147.296
146.81
146.315
145.811
145.297
144.774
144.24
144.547
144.888
145.238
145.764
146.491
147.142
147.935
148.75
149.631
150.406
151.04
151.837
152.5
153.173
153.861
153.381
153.846
153.346
152.796
152.23
151.651
151.058
150.45
149.826
149.187
148.531
147.858
148.31
147.668
146.958
146.227
145.474
145.92
146.437
146.972
147.523
146.801
145.993
145.156
144.292
143.401
142.481
141.53
140.548
139.532
138.481
137.392
138.09
138.922
137.903
136.729
137.142
137.676
138.238
138.824
139.435
138.267
138.763
139.404
140.083
138.833
137.374
135.832
134.21
132.505
130.709
131.07
131.649
132.279
133.42
134.676
136.015
137.441
138.964
140.593
142.339
140.626
138.366
135.874
133.167
130.222
127.006
127.969
128.911
131.132
133.361
130.431
130.962
127.233
127.469
128.627
130.161
133.258
137.95
144.735
153.055
162.124
173.508
175.319
172.724
181.657
202.462
248.72
363.751
720.038
2657.43
