63.9114
65.1658
65.2868
65.3842
64.4991
63.599
62.7
62.7844
62.8872
62.9908
63.0946
62.7593
61.881
61.0027
60.6677
60.3948
60.1982
60.0558
59.9266
59.8114
59.6882
59.5609
59.4299
59.2748
59.028
58.1583
57.8059
57.5303
57.3605
57.2325
57.1282
57.0449
56.9778
56.9187
56.856
56.7808
56.6829
56.5354
56.3092
55.4334
55.001
54.7363
54.5847
54.4632
54.342
54.2088
54.0718
53.8992
53.7068
53.5127
53.275
53.0018
52.6614
52.3281
51.9174
51.059
50.1965
49.3469
49.0493
48.8224
48.5477
48.3751
48.1915
47.9787
47.7355
46.874
46.4449
46.1472
45.9537
45.7972
45.6573
45.5432
45.4271
45.29
45.1357
44.9155
44.4995
43.6343
43.3049
43.0615
42.8461
42.6267
42.4097
42.1574
41.8372
40.9809
40.1197
39.2587
38.4011
37.993
37.1502
36.3044
35.4579
34.6095
34.2072
33.8915
33.0292
32.6007
32.3031
32.0555
31.7855
31.5509
31.3145
31.1251
30.9359
30.7725
30.6107
30.4723
30.3276
30.18
30.0554
29.9319
29.8193
29.71
29.6112
29.5169
29.4474
29.3897
29.3576
29.3405
29.298
29.2486
29.1851
29.0999
29.0043
28.8988
28.7599
28.6199
28.4737
28.3114
28.1569
28.034
27.9533
27.9058
27.886
27.8999
27.9772
28.0933
28.2733
28.5045
28.632
28.7171
28.7713
28.8049
28.821
28.825
28.815
28.7997
28.7734
28.7368
28.6883
28.6522
28.6373
28.6404
28.6598
28.6871
28.7338
28.7825
28.8378
28.8834
28.9198
28.9447
28.9614
28.9701
28.9708
28.9648
28.9505
28.9298
28.8944
28.8472
28.7891
28.7253
28.6656
28.611
28.5609
28.5372
28.5289
28.5263
28.5378
28.5506
28.5577
28.5677
28.5868
28.6103
28.6389
28.6589
28.6761
28.6909
28.6971
28.6947
28.6889
28.6766
28.6374
28.5885
28.5516
28.5442
28.5424
28.5455
28.556
28.577
28.6036
28.6313
28.6606
28.6816
28.7032
28.7266
28.7528
28.7831
28.8184
28.854
28.8918
28.9162
28.9234
28.9237
28.9138
28.892
28.8559
28.8043
28.7471
28.6813
28.6072
28.5402
28.4869
28.4488
28.4273
28.4216
28.4329
28.4597
28.5018
28.5614
28.632
28.6908
28.7279
28.7545
28.7729
28.783
28.789
28.7904
28.79
28.7827
28.7734
28.7667
28.7653
28.7677
28.7729
28.776
28.7716
28.763
28.7505
28.7434
28.7372
28.7284
28.7128
28.6896
28.6576
28.623
28.5903
28.5508
28.5028
28.4369
28.3802
28.3349
28.3084
28.2989
28.3001
28.3055
28.3136
28.3265
28.3467
28.3758
28.3985
28.4165
28.432
28.4434
28.4585
28.4803
28.5044
28.5261
28.5447
28.5537
28.5745
28.6038
28.6348
28.6688
28.6886
28.694
28.6929
28.6932
28.6884
28.6888
28.6769
28.6559
28.6299
28.6011
28.5828
28.5873
28.6075
28.6371
28.6787
28.721
28.7664
28.8154
28.8568
28.8963
28.926
28.9401
28.9498
28.9576
28.961
28.9627
28.9639
28.9628
28.9683
28.9766
28.9902
29.0099
29.0218
29.0167
28.9821
28.9247
28.8733
28.8309
28.7954
28.7679
28.7441
28.7259
28.7163
28.7125
28.7191
28.7346
28.7467
28.7494
28.7374
28.7122
28.6725
28.6113
28.498
28.3543
28.1538
27.9062
27.7687
27.6798
27.6248
27.5939
27.5834
27.5904
27.6175
27.6529
27.6985
27.7624
27.8354
27.8912
27.9539
28.0272
28.1135
28.2119
28.3207
28.4848
28.7409
29.1438
30.0176
30.4551
30.889
31.3259
32.2181
32.5784
32.7985
32.9662
33.1024
33.2078
33.2861
33.3389
33.3762
33.4021
33.4237
33.4484
33.4824
33.5258
33.5811
33.6675
33.7902
33.9845
34.312
35.1803
35.5168
35.7984
36.0092
36.1799
36.3443
36.4921
36.6056
36.7356
36.895
37.0698
37.2936
37.5233
37.9213
38.3281
39.1867
40.0516
40.9178
41.7879
42.2096
43.0864
43.9677
44.8448
45.7176
46.5849
47.4456
48.3046
48.7091
49.5678
50.4487
51.327
52.2095
53.0967
53.989
54.8856
55.7895
56.6993
57.6143
58.5264
59.4283
60.3252
61.2178
62.1043
62.9836
63.8536
64.7082
65.5463
66.3754
66.7656
67.6208
68.4946
69.3704
70.2514
71.1339
72.0197
72.9088
73.8038
74.6973
75.5886
76.4782
77.3675
78.261
79.157
80.0587
80.9647
81.874
82.7792
83.685
84.5907
85.4966
86.4015
86.8538
87.2959
88.183
88.5336
88.8698
89.2944
89.715
90.1328
90.5447
91.4036
92.2685
93.1359
94.008
94.8839
95.7591
96.6288
97.4996
98.3705
99.242
100.115
100.533
100.934
101.781
102.633
103.031
103.879
104.282
105.125
105.972
106.814
107.212
108.065
108.927
109.788
110.651
111.51
112.373
112.788
113.069
113.323
113.6
113.908
114.138
114.365
114.551
114.74
114.964
115.261
115.57
116.421
117.291
117.638
118.517
119.405
120.295
121.185
122.075
122.967
123.852
124.194
125.057
125.921
126.781
127.031
127.352
127.684
128.023
128.452
128.752
129.186
129.542
129.9
130.802
131.717
132.629
133.536
134.44
135.349
135.726
136.096
136.393
136.639
136.872
137.097
137.296
137.476
137.683
137.899
138.151
138.372
138.597
138.939
139.273
140.135
140.455
141.283
142.104
142.935
143.754
144.019
144.253
144.474
144.593
144.638
144.551
144.331
143.653
143.463
143.302
143.169
142.628
142.621
142.844
143.575
144.348
145.147
145.964
146.798
147.644
148.496
149.349
150.195
151.028
151.399
151.743
152.515
152.73
152.956
153.498
153.056
153.587
154.179
154.839
155.534
156.237
156.955
157.702
158.42
159.107
159.768
160.392
161.016
161.028
161.48
161.037
161.029
160.577
160.118
160.023
160.022
159.57
159.562
159.562
159.562
159.562
159.562
160.013
159.57
159.562
159.562
159.562
159.11
159.102
159.102
159.102
159.102
159.102
158.651
158.643
158.642
158.642
158.642
158.105
158.095
158.095
158.095
158.095
158.546
158.554
158.554
158.554
158.017
157.469
157.459
157.459
157.459
156.921
156.911
156.373
155.912
155.904
155.903
155.903
155.452
155.444
155.444
155.444
155.444
155.444
155.444
155.895
156.355
156.363
156.45
156.99
157.451
157.372
157.283
157.12
156.506
156.043
156.035
155.496
155.486
155.486
155.486
155.486
155.486
155.486
155.486
155.937
156.396
156.405
156.405
156.856
156.864
157.316
156.873
156.865
156.864
157.316
157.324
157.324
157.324
157.324
157.324
157.324
157.776
158.368
158.539
159.126
159.136
159.165
159.195
159.196
159.195
159.116
158.953
158.767
158.047
157.344
157.22
156.569
155.946
155.324
154.775
154.766
154.765
154.228
154.756
154.765
154.766
154.229
154.83
154.841
154.843
154.843
154.684
154.653
154.492
154.415
154.32
153.779
153.231
152.769
152.222
151.761
151.753
152.291
152.839
152.923
153.587
154.272
154.968
155.691
156.438
156.618
156.86
157.062
157.288
157.503
157.507
157.594
157.144
157.674
157.684
157.684
157.146
157.136
157.674
158.222
158.77
159.392
159.585
160.261
160.947
161.181
161.819
162.442
163.036
163.586
164.134
164.595
164.066
164.056
164.056
164.056
164.056
164.056
164.056
164.056
164.056
164.056
164.508
164.967
164.975
165.514
165.437
165.435
165.349
164.81
164.262
164.252
163.713
163.165
163.155
163.155
163.155
163.155
163.155
163.155
163.155
163.155
162.704
162.609
162.608
163.059
163.518
164.065
164.075
164.526
164.083
164.075
164.075
164.075
164.075
164.075
164.526
164.534
164.535
164.535
164.986
164.994
164.994
164.994
164.994
164.543
164.535
163.997
163.448
162.827
162.204
162.191
161.652
161.19
160.643
160.182
159.721
159.713
159.261
158.801
159.331
159.426
159.428
159.428
159.428
159.966
159.976
160.514
160.975
160.984
160.984
160.533
160.976
160.984
160.984
160.984
160.984
160.446
160.436
160.436
160.436
160.436
160.888
160.896
160.896
161.434
161.982
162.066
162.68
163.142
162.613
162.53
161.945
161.396
160.847
160.299
159.838
159.83
159.83
159.83
159.83
159.83
159.83
159.83
159.378
158.832
158.734
158.121
157.498
156.813
156.127
155.409
154.691
153.995
153.334
152.673
152.049
151.426
151.328
151.326
151.865
152.458
153.052
153.261
153.915
154.618
155.329
156.063
156.793
157.496
158.158
158.818
159.441
160.064
160.074
160.074
160.074
160.612
160.084
160.075
160.074
160.611
160.621
161.159
161.706
162.253
162.874
162.959
163.571
163.657
163.754
163.757
163.683
163.523
163.425
163.29
162.704
162.155
161.692
162.223
161.78
161.32
160.86
160.852
160.851
161.39
161.851
161.859
162.311
162.771
163.317
163.778
164.238
163.794
163.786
163.786
163.786
163.248
163.238
163.238
163.238
162.7
163.141
163.149
163.149
163.15
162.699
162.24
161.693
161.145
160.523
159.9
159.815
159.202
158.541
157.918
157.295
156.701
156.69
156.078
156.067
156.067
156.067
156.067
156.067
156.067
156.605
156.077
156.605
157.152
157.7
157.172
157.163
157.25
156.714
156.166
155.573
155.562
155.024
155.014
154.563
155.005
155.464
156.011
156.021
156.021
155.57
155.562
155.562
155.562
156.013
156.021
156.021
156.021
156.021
156.021
156.021
155.483
155.473
155.473
155.473
155.473
155.473
155.473
155.473
155.925
156.384
156.93
157.479
158.1
158.723
159.274
159.284
159.285
159.286
159.199
159.067
158.614
158.519
158.43
157.89
158.332
158.34
158.34
158.34
158.34
158.34
158.34
158.34
157.889
157.88
158.331
157.888
157.88
157.88
157.88
157.429
157.375
157.374
157.374
157.374
156.923
156.915
156.915
156.915
156.915
156.915
157.001
157.002
157.002
157.089
157.702
157.845
158.386
158.351
158.35
158.19
158.187
157.648
157.101
156.64
156.094
155.633
155.086
155.528
156.074
156.623
157.244
157.867
158.553
159.239
159.956
160.674
161.37
162.031
162.693
163.316
163.939
164.489
164.499
164.499
164.499
164.048
164.491
164.499
164.499
164.499
164.499
164.499
164.499
164.499
164.499
164.499
164.499
165.037
164.508
164.499
164.498
165.036
165.046
165.046
164.594
164.586
164.586
164.134
163.674
163.666
164.204
164.213
164.751
165.298
165.846
166.467
167.09
167.735
168.331
168.925
169.023
169.026
168.443
168.433
168.347
168.214
168.211
167.759
167.213
166.752
167.195
166.752
166.744
166.744
166.744
166.206
166.648
166.656
166.656
167.195
167.742
167.752
167.301
167.292
167.379
167.38
167.381
167.381
167.832
168.291
168.75
169.296
169.845
170.466
171.089
171.712
172.335
172.996
173.081
173.112
173.083
172.409
172.318
171.595
170.866
170.155
169.468
168.765
168.103
167.479
167.468
167.468
166.93
166.92
167.458
168.006
168.016
168.103
168.104
168.149
167.612
167.558
166.908
166.698
165.99
165.286
164.589
163.944
163.32
163.126
162.584
161.991
161.441
160.98
160.971
160.971
160.519
160.511
160.511
160.511
161.049
161.059
161.059
161.059
160.607
160.599
160.148
160.14
160.14
160.14
160.14
160.14
160.14
160.14
160.14
160.678
161.139
161.685
162.233
162.375
162.291
162.289
162.216
162.141
161.449
160.745
160.022
159.283
158.545
157.827
157.14
156.516
156.345
155.731
155.72
156.171
156.179
156.179
156.179
156.63
157.221
156.694
156.146
155.525
155.354
154.702
154.041
153.33
152.627
151.94
151.706
151.029
150.404
150.233
149.691
150.133
150.141
150.724
151.273
151.895
151.906
152.445
152.993
153.454
154
154.461
155.008
155.017
155.018
154.479
154.47
154.469
154.469
154.469
154.469
154.469
154.469
154.469
154.469
154.018
153.558
153.549
153.097
153.089
153.089
153.54
153.548
153.548
153.096
152.636
152.628
152.628
152.628
152.628
152.628
152.628
152.177
152.169
152.707
152.717
152.717
152.717
152.717
152.717
152.631
152.629
152.091
152.533
152.454
151.915
151.293
150.744
150.196
149.735
149.726
149.726
149.726
149.726
149.275
149.267
149.718
150.178
150.769
151.231
151.778
152.371
152.381
152.833
153.379
153.841
153.311
153.753
153.31
152.764
152.216
152.744
152.754
152.216
152.206
152.206
152.206
152.206
152.658
152.666
153.118
153.126
153.126
153.126
153.126
153.126
152.588
152.578
152.578
152.127
152.119
152.118
151.667
151.658
152.196
152.789
152.96
153.636
154.34
155.073
155.351
155.602
155.829
155.941
156.009
156.038
155.944
155.279
155.131
154.455
153.831
153.282
153.185
153.097
153.096
153.096
153.634
154.227
154.886
155.547
156.264
156.969
157.127
157.152
157.115
157.075
156.965
156.872
156.684
156.393
155.671
154.953
154.729
154.112
153.517
152.968
152.419
151.87
151.408
150.948
151.392
151.4
151.851
151.859
151.859
151.859
151.859
151.32
150.859
150.4
149.852
149.391
148.845
148.384
148.375
148.826
149.373
149.921
150.542
151.166
151.868
152.571
153.295
154.034
154.772
155.49
155.639
155.715
155.716
155.745
155.134
154.474
153.85
153.301
152.753
152.205
152.195
152.733
153.281
153.903
154.525
155.185
155.846
156.019
156.713
156.787
156.851
156.852
156.773
156.65
156.446
155.696
154.917
154.169
153.416
152.691
151.967
151.292
150.63
150.006
149.457
149.447
148.908
148.448
148.439
148.978
148.404
147.745
147.05
146.333
145.583
144.82
144.06
143.289
142.541
142.258
142
141.304
141.111
140.524
140.062
140.054
140.054
140.054
139.967
140.418
140.426
139.975
139.966
139.515
139.507
139.055
139.047
138.435
137.885
137.875
137.423
137.415
137.415
137.415
137.953
137.963
138.501
137.972
138.501
139.048
139.67
140.22
140.317
140.769
140.778
140.778
140.326
139.779
139.769
139.23
138.682
138.134
138.124
138.124
138.124
137.673
137.214
137.205
137.205
136.754
137.284
137.294
137.745
138.291
138.839
138.849
138.849
139.387
139.397
139.397
139.397
138.946
138.938
138.938
138.938
138.938
138.938
138.938
138.938
138.938
139.476
139.485
139.485
139.937
139.945
139.945
140.397
140.405
140.405
139.954
139.859
139.858
139.858
139.858
140.309
140.769
141.229
141.821
142.414
143.009
143.653
144.327
144.562
145.24
145.864
146.413
146.961
147.508
148.056
148.603
148.162
148.154
148.154
148.154
148.154
148.154
148.692
149.312
149.973
150.658
151.319
151.552
152.282
153.035
153.765
154.483
155.159
155.784
156.379
156.928
157.026
157.115
157.117
157.569
157.577
157.039
157.029
157.029
157.029
156.492
156.482
157.021
157.482
157.942
158.489
158.95
159.045
159.498
159.506
159.506
159.506
158.968
158.42
157.799
157.25
156.702
156.692
156.24
155.781
155.322
155.852
156.399
157.021
157.615
158.237
158.446
159.062
159.611
160.159
160.168
159.557
158.896
158.222
157.518
156.79
156.085
155.374
155.236
154.56
154.526
154.525
154.747
154.991
155.277
156.023
156.782
157.562
157.858
158.151
158.868
159.14
159.357
159.558
159.722
160.264
160.274
160.361
160.275
160.273
160.273
160.856
161.516
162.211
162.928
163.678
164.441
165.201
165.972
166.72
167.454
168.173
168.877
169.523
170.117
170.579
170.587
170.588
170.588
170.675
170.676
170.676
170.676
170.676
171.128
171.136
171.587
172.047
172.667
173.217
173.226
173.227
173.227
173.227
172.776
172.768
172.767
172.767
172.767
172.229
171.769
171.222
171.212
171.664
171.672
171.672
171.672
171.585
172.123
172.584
173.131
173.679
174.228
174.238
174.238
174.238
174.689
175.148
175.156
175.156
175.608
175.616
175.616
175.616
175.616
175.164
174.704
174.696
174.696
174.696
174.696
174.243
174.686
174.694
174.694
174.242
174.234
174.234
173.781
173.321
172.774
172.764
172.764
172.226
172.216
172.216
172.216
172.216
172.216
172.216
172.668
173.214
173.223
173.224
172.685
172.138
171.59
170.968
170.346
169.686
169.011
168.388
167.765
167.594
167.052
166.506
165.958
165.41
165.4
165.4
165.4
165.851
165.859
165.859
165.859
165.322
164.774
164.153
163.604
162.983
162.36
161.811
161.715
161.175
160.627
160.617
160.617
160.617
160.617
160.617
160.617
161.068
161.528
161.988
161.996
161.996
162.534
162.544
162.544
162.092
162.622
162.631
162.18
162.172
162.172
161.72
161.261
161.704
161.712
161.712
161.712
161.712
162.25
162.798
163.419
163.517
164.057
164.067
164.518
164.526
164.977
164.985
164.534
163.988
163.527
163.067
163.058
163.058
162.607
162.599
162.685
163.298
163.507
164.173
164.877
165.605
166.31
167.021
167.245
167.471
167.57
167.732
167.735
167.648
167.559
167.02
166.472
166.462
166.376
166.826
166.834
166.747
167.197
167.656
168.116
168.124
168.124
168.576
169.122
168.594
168.046
167.425
166.876
166.254
165.705
165.112
165.102
164.564
164.554
164.016
164.006
164.006
164.006
164.006
164.006
164.006
164.006
163.468
163.458
163.371
162.831
162.821
162.735
162.195
161.647
161.099
160.55
160.54
160.088
160.08
160.08
160.079
160.079
160.079
160.53
160.539
160.539
160
160.529
160.536
160.404
160.401
159.767
159.172
158.527
157.866
157.242
157.768
157.24
156.692
156.683
156.144
156.135
156.134
156.134
156.134
156.134
156.134
155.596
155.049
154.456
153.834
153.211
152.588
151.904
151.67
151.427
150.748
150.125
149.451
148.901
148.805
148.353
148.344
147.806
148.248
147.718
147.709
147.511
147.234
146.992
146.192
145.357
145.05
144.203
143.334
142.455
141.578
140.71
139.851
139.006
138.172
137.363
136.571
136.361
136.246
136.782
137.403
138.025
138.686
139.36
139.984
140.155
140.318
140.859
141.406
141.954
141.796
141.032
140.224
139.394
138.536
137.663
136.777
135.882
135.518
135.16
134.88
134.53
134.256
133.986
133.653
133.331
133.027
132.746
131.97
131.245
130.547
129.901
129.305
129.294
128.839
128.194
127.469
126.685
125.876
125.038
124.19
123.33
122.912
122.041
121.158
120.733
119.869
119.007
118.604
118.22
117.4
116.58
115.789
115.026
114.319
113.589
112.882
112.177
111.915
111.246
110.559
109.961
109.788
109.244
108.583
108.387
108.18
107.852
107.497
107.119
106.277
105.864
105.001
104.571
103.696
103.259
102.381
101.498
100.617
99.7395
98.8646
98.4441
98.0313
97.7103
97.3048
96.9087
96.609
96.3124
96.0244
95.7404
94.9256
94.6491
93.8654
93.0848
92.8624
92.1008
91.3374
90.5614
89.7792
88.9949
88.1981
87.4064
87.1397
86.8823
86.6927
86.4296
86.2205
85.958
85.7481
84.9654
84.7166
83.9261
83.6703
82.8823
82.0914
81.2992
80.5209
79.7231
78.9117
78.0907
77.8091
77.0028
76.7184
76.4424
75.6261
75.3364
75.0525
74.7629
74.4748
74.1971
73.3919
73.0392
72.2596
71.4926
71.1964
70.5141
69.8654
69.8537
69.8535
69.8535
69.7776
69.0689
68.8377
68.6285
68.3509
68.148
67.885
67.6618
67.4485
67.1902
66.3278
65.996
65.6746
64.8196
64.4992
63.6548
62.8048
61.9553
61.1103
60.2744
59.4238
59.1134
58.8242
58.5885
58.3904
58.2048
58.0387
57.9604
57.9245
57.942
58.6161
59.2395
59.3156
59.1687
58.9731
58.6597
57.8593
57.5755
56.7424
56.4255
55.5673
55.3385
55.1953
55.1039
55.0351
54.9914
54.9611
54.9419
54.9371
54.9462
54.9568
54.9696
54.9944
55.0179
55.0494
55.0752
55.1002
55.1418
55.1792
54.727
54.7189
54.2645
53.6424
52.9188
52.1525
51.7996
51.445
50.6143
49.7639
48.9002
48.7368
48.6341
48.5748
48.5467
48.5539
48.597
48.6605
48.7604
48.8974
49.1051
49.4553
49.8916
50.7788
51.6717
52.5538
52.8108
53.0398
53.1834
53.257
53.2289
53.1577
53.0323
52.8335
52.0522
51.7034
51.5322
51.424
51.3653
51.3215
51.3012
51.2824
51.2698
51.2623
51.257
51.2572
51.254
51.2521
51.2467
51.2384
51.2266
51.207
51.1899
51.1552
51.1083
51.0186
50.9454
50.8393
50.7196
50.6084
50.4498
50.3018
50.0587
49.8393
49.5429
49.3468
49.1429
49.0544
49.0112
48.9947
49.0061
49.0349
49.0777
49.1321
49.2037
49.2946
49.3814
49.4689
49.553
49.6266
49.6897
49.7427
49.7923
49.8325
49.8636
49.8842
49.8874
49.8749
49.8577
49.8383
49.8255
49.8169
49.8076
49.7983
49.7926
49.7918
49.8747
49.9746
50.1531
50.4706
51.2465
52.0432
52.8349
53.6397
53.9035
54.0698
54.2362
54.3436
54.4258
54.4813
54.5695
54.6692
54.7941
54.9422
55.1894
55.9705
56.7626
57.0896
57.8792
57.9533
57.9655
57.9389
57.8869
57.8277
57.7576
57.6822
57.5999
57.5158
57.4349
57.3569
57.2763
57.1934
57.1091
57.0207
56.9294
56.8453
56.7546
56.7243
56.7238
56.7238
56.2681
56.2384
56.2799
56.3202
56.3862
56.4461
56.5113
56.5702
56.6326
56.6932
56.7381
56.7637
56.7748
56.778
56.7653
56.7412
56.7053
56.6614
56.6107
56.5545
56.4973
56.4621
56.4347
56.4054
56.3872
56.3787
56.3995
56.4675
56.6756
57.3872
58.073
57.6302
57.0078
56.9108
56.8573
56.8295
56.8021
56.7961
56.7897
56.7962
56.8061
56.8234
56.8541
56.8914
56.9335
56.9745
57.0213
57.0688
57.1208
57.1722
57.2284
57.2906
57.3398
57.3736
57.3878
57.3847
57.3602
57.3195
57.2146
57.0362
56.6934
55.8937
55.5388
55.3417
55.2521
55.205
55.1959
55.197
55.2225
55.2522
55.2907
55.3328
55.3908
55.446
55.4876
55.5278
55.5478
55.562
55.5595
55.5258
55.4435
55.2142
54.9012
54.105
53.289
52.4596
52.2294
52.0008
51.827
51.674
51.5541
51.4447
51.3331
51.2534
51.1777
51.1207
51.0872
51.0835
51.0985
51.1428
51.2192
51.3404
51.5246
51.6884
51.8421
51.9898
52.1167
52.2216
52.3194
52.3981
52.4581
52.5018
52.524
52.5286
52.518
52.4968
52.4759
52.4672
52.463
52.4529
52.4538
52.4494
52.4493
52.4501
52.449
52.4563
52.4609
52.4559
52.4447
52.4369
52.4241
52.414
52.4063
52.391
52.3801
52.3481
52.338
52.3258
52.3148
52.3124
52.3179
52.3288
52.3404
52.371
52.3988
52.4331
52.4624
52.4995
52.5349
52.5536
52.5555
52.5417
52.5138
52.4572
52.3805
52.2774
52.0989
51.8926
51.6261
51.2395
50.4088
49.5778
48.7618
47.9795
47.7746
47.7046
47.6719
47.8408
48.5604
48.6924
48.6852
48.6356
48.5436
48.3858
48.1145
47.2951
46.457
46.0589
45.2066
45.0811
45.037
45.0354
45.0622
45.1135
45.1905
45.2848
45.4137
45.5575
45.7445
45.9602
46.1424
46.2797
46.3921
46.4729
46.5232
46.5335
46.4751
46.3133
45.4748
44.6178
44.2145
44.0048
43.8317
43.7167
43.6116
43.5434
43.5015
43.4734
43.4605
43.4633
43.4888
43.525
43.5654
43.6039
43.6473
43.6955
43.741
43.7939
43.8471
43.8943
43.9322
43.9655
43.9997
44.0421
44.084
44.1161
44.1446
44.1454
44.0363
44.0343
43.5808
43.574
44.1883
44.2696
44.2778
44.2642
44.2449
44.2146
44.185
44.1496
44.113
44.0754
44.0307
43.9893
43.9489
43.9168
43.8838
43.8609
43.8452
43.8439
43.8574
43.8779
43.9343
43.9708
44.0108
44.0335
44.0706
44.0906
44.1056
44.1108
44.1091
44.1108
44.1069
44.1125
44.119
44.131
44.1399
44.154
44.1749
44.2042
44.2507
44.2925
44.3366
44.3693
44.3973
44.4303
44.4579
44.4809
44.4886
44.4973
44.4889
44.4851
44.4671
44.4834
44.5115
44.535
44.5847
44.6382
44.6845
44.7254
44.7653
44.7983
44.8329
44.8506
44.8557
44.8512
44.8276
44.7895
44.7437
44.676
44.5791
44.4473
44.257
44.0915
43.9422
43.7959
43.6653
43.5571
43.4561
43.3814
43.3295
43.2945
43.2735
43.2638
43.2617
43.279
43.3138
43.3326
43.3463
43.3592
43.3617
43.3782
43.4152
43.472
43.5495
43.6434
43.7453
43.9035
44.0998
44.2928
44.579
44.8606
45.0944
45.377
45.6494
45.9261
46.1894
46.4528
46.5794
46.6778
46.7285
46.7472
46.7501
46.726
46.6982
46.6613
46.6302
46.592
46.5619
46.5452
46.5387
46.5462
46.5606
46.5914
46.6288
46.6753
46.737
46.8119
46.9194
47.0641
47.2573
47.6231
48.4307
48.6726
48.7242
48.6922
48.6067
48.3868
47.6449
47.5828
47.7428
48.4694
48.6021
48.6883
48.729
48.7509
48.7648
48.7769
48.7927
48.8215
48.8447
48.8823
48.9296
48.989
49.0872
49.1982
49.3549
50.1159
50.3952
51.0852
51.8101
52.5708
53.3474
54.1428
54.9509
55.773
56.6125
57.4535
58.3042
59.1614
60.0203
60.8747
61.7247
62.5706
63.4121
64.2477
64.5325
65.35
66.1681
66.9798
67.7914
68.6033
69.4221
70.2491
71.0833
71.9179
72.7623
73.6036
74.4505
75.3045
75.7086
76.5529
77.3944
78.2177
79.0224
79.8191
80.5782
81.2985
81.9622
81.9741
82.4279
82.8898
82.8981
83.5117
84.2538
85.039
85.8601
86.7052
87.5634
88.4352
89.3169
90.2051
91.0974
91.9819
92.8607
93.7313
94.5955
95.4466
96.2861
97.1098
97.9107
98.6939
99.4434
100.208
100.975
101.758
102.077
102.857
103.653
104.452
104.809
105.607
106.42
106.782
107.58
108.382
109.186
109.534
110.318
111.109
111.888
112.673
113.448
114.227
115.016
115.342
116.117
116.901
117.691
118.481
119.269
120.054
120.847
121.635
122.423
123.229
124.022
124.821
125.634
126.458
127.291
128.136
128.985
129.842
130.705
131.571
131.905
132.771
133.644
133.983
134.4
134.731
135.062
135.319
135.65
135.983
136.318
136.648
136.97
137.819
138.665
139.054
139.344
140.165
140.987
141.787
142.577
143.379
144.195
145.017
145.849
146.134
146.39
147.166
147.487
148.235
148.528
148.757
149.396
150.042
150.144
150.686
151.281
151.831
152.379
152.927
153.475
154.023
154.707
155.418
156.176
156.969
157.777
158.602
159.439
160.288
161.143
162.003
162.859
163.712
164.562
165.401
166.239
167.067
167.893
168.711
169.516
170.311
171.068
171.774
172.42
172.886
172.894
173.434
174.129
174.876
175.64
175.962
176.706
177.383
177.936
177.946
178.58
179.298
180.079
180.886
181.259
181.551
181.934
182.222
182.43
182.691
182.826
182.973
183.008
183.018
182.981
182.443
182.346
182.345
182.345
182.345
181.733
181.072
180.377
179.649
178.91
178.224
177.538
176.876
176.252
175.63
175.079
175.07
175.069
175.069
175.608
175.166
175.158
175.158
174.706
174.698
174.698
174.16
174.15
173.698
173.152
172.69
172.682
172.682
173.133
173.141
173.141
173.141
173.141
173.141
173.141
173.141
173.141
173.141
172.69
172.682
172.231
171.771
171.312
170.852
170.305
169.757
169.296
169.288
169.288
169.288
169.288
168.75
168.289
167.829
167.821
167.821
167.821
167.369
167.361
167.361
166.823
166.813
166.274
165.727
165.63
165.09
164.498
163.949
163.852
163.312
162.764
162.668
162.666
162.666
162.215
162.659
162.666
162.667
162.215
162.207
162.207
162.207
162.207
162.658
162.666
162.214
162.206
162.206
162.206
162.206
162.206
162.206
161.755
161.747
161.746
161.746
161.746
161.295
161.287
161.286
161.286
161.286
160.749
160.739
161.277
160.675
159.959
159.719
159.37
159.082
158.777
158.536
158.211
157.877
157.536
157.198
156.866
156.006
155.145
154.753
154.485
153.755
153.742
153.026
152.22
151.382
150.527
149.662
148.787
148.444
148.109
147.242
146.825
145.978
145.583
145.217
144.429
143.669
143.433
142.891
142.882
142.881
142.271
141.569
140.832
140.073
139.291
138.491
137.679
136.851
136.011
135.187
134.372
133.576
132.797
132.044
131.315
130.654
130.106
130.096
130.095
129.559
128.878
128.127
127.336
126.521
125.692
124.847
123.99
123.124
122.246
121.373
120.505
119.643
118.789
118.395
117.566
116.742
115.93
115.151
114.434
113.747
113.088
112.466
112.371
112.371
112.822
113.369
113.99
114.539
114.663
114.606
114.554
114.482
114.349
114.09
113.793
112.937
112.055
111.17
110.892
110.66
110.462
110.295
110.138
109.932
109.738
109.537
109.325
109.129
108.894
108.135
107.39
106.663
105.936
105.598
104.768
103.908
103.485
102.61
101.722
101.368
100.482
100.037
99.6887
99.2658
98.4062
97.5511
96.6989
95.8474
94.9929
94.1362
93.2733
92.4043
91.5277
90.6387
89.7403
88.8391
88.3883
87.4952
87.0451
86.6031
86.1621
85.7225
85.3717
85.0237
84.5909
83.7031
82.8132
81.9182
81.0209
80.6593
80.2189
79.7732
78.873
77.9644
77.0605
76.6146
75.7298
74.8652
74.601
74.5963
74.3915
74.1205
73.8168
73.5042
73.2659
73.0408
73.5751
73.3118
72.9799
72.6229
71.718
70.8011
70.3334
69.4225
68.5024
67.5809
67.1137
66.2052
65.2911
64.3804
63.4693
62.5547
61.6371
61.1676
60.2605
59.3526
58.4503
57.5545
56.6686
55.7833
55.3518
54.4782
53.5969
52.7175
51.8311
51.3913
50.5022
49.5993
48.687
47.7743
47.3994
46.4978
45.5874
45.2893
45.0963
44.9642
44.8649
44.7938
44.7544
44.7367
44.7446
44.7682
44.7969
44.8172
44.8269
44.827
44.8074
44.7571
44.6656
44.4889
43.5766
43.3623
43.2386
43.1464
43.0711
43.0036
42.9478
42.8994
42.8567
42.8108
42.7648
42.7136
42.6578
42.5868
42.4918
42.3705
42.1797
41.8508
40.9713
40.0737
39.778
39.5665
39.3836
39.2192
39.0769
38.951
38.8347
38.7365
38.6556
38.5661
38.4782
38.3803
38.2755
38.1482
37.9971
37.7814
37.4577
36.5956
35.7128
35.3472
35.1151
34.947
34.819
34.7121
34.6174
34.5368
34.4675
34.4076
34.3606
34.3093
34.2566
34.1969
34.1275
34.0519
33.9693
33.8725
33.7616
33.6157
33.4082
33.1699
32.9059
32.6058
32.2316
31.8556
30.9497
30.0349
29.1194
28.2049
27.8246
27.5879
27.4035
27.2389
27.1075
26.9885
26.9019
26.8382
26.7927
26.7535
26.7181
26.6863
26.658
26.6333
26.6108
26.5867
26.5506
26.4938
26.407
26.297
26.1521
25.987
25.7956
25.5835
25.3696
25.2183
25.1146
25.0308
24.9586
24.8979
24.8461
24.8027
24.7666
24.7392
24.7134
24.6769
24.6242
24.5646
24.5122
24.4618
24.4117
24.3561
24.3036
24.2517
24.2084
24.1796
24.1611
24.1445
24.1257
24.1031
24.0761
24.0471
24.0139
23.9775
23.9366
23.8927
23.8477
23.8037
23.753
23.7065
23.665
23.6292
23.5995
23.5784
23.567
23.5604
23.5528
23.5452
23.5312
23.4874
23.3745
22.4674
22.2838
22.1718
22.0913
22.0181
21.9137
21.7498
20.8317
20.7166
20.6746
20.6616
20.664
20.6683
20.6696
20.6653
20.6568
20.6478
20.6312
20.6085
20.5832
20.5549
20.5265
20.5024
20.4834
20.47
20.4532
20.4296
20.4003
20.3643
20.3176
20.269
20.2171
20.1634
20.1088
20.0527
20.0042
19.9615
19.9248
19.8951
19.8748
19.8554
19.8368
19.8156
19.7929
19.771
19.7515
19.7356
19.7201
19.7001
19.6677
19.6227
19.5648
19.5041
19.4473
19.394
19.3434
19.2911
19.2476
19.218
19.2
19.1905
19.1866
19.1852
19.1841
19.1841
19.1812
19.1762
19.1703
19.1612
19.1483
19.1311
19.1051
19.0694
19.0267
18.9754
18.9214
18.8602
18.7959
18.7368
18.6915
18.6576
18.6366
18.6261
18.6283
18.6404
18.6518
18.6646
18.6734
18.6723
18.6604
18.6361
18.6006
18.5557
18.5017
18.4442
18.386
18.3246
18.2623
18.2072
18.173
18.1638
18.1691
18.1813
18.1927
18.2078
18.227
18.2504
18.2674
18.2702
18.262
18.248
18.2295
18.2084
18.1867
18.1603
18.1315
18.1015
18.0722
18.0496
18.0331
18.0209
18.0136
18.0122
18.0203
18.0371
18.0601
18.0975
18.1507
18.1927
18.2259
18.2553
18.2774
18.2935
18.3054
18.3205
18.342
18.3634
18.3821
18.3953
18.4062
18.4117
18.4168
18.4225
18.4201
18.4109
18.395
18.3751
18.3535
18.3361
18.3181
18.3019
18.286
18.2704
18.2575
18.2463
18.2368
18.2332
18.236
18.2407
18.247
18.2537
18.2624
18.275
18.2882
18.2991
18.304
18.2965
18.2739
18.2454
18.2162
18.191
18.1665
18.1438
18.1177
18.0906
18.0677
18.0515
18.0452
18.0479
18.0571
18.0704
18.0879
18.1103
18.138
18.1638
18.1816
18.1919
18.194
18.1907
18.1849
18.1767
18.1648
18.1486
18.1261
18.0998
18.0703
18.0376
18.0117
17.9924
17.9801
17.973
17.972
17.9742
17.9778
17.9804
17.9838
17.9856
17.9833
17.9772
17.9701
17.962
17.9498
17.9383
17.9347
17.944
17.9622
17.9873
18.015
18.0446
18.0712
18.0925
18.1077
18.1225
18.1331
18.1383
18.1427
18.1468
18.1514
18.1511
18.1459
18.1395
18.1343
18.1259
18.1167
18.1053
18.0904
18.0733
18.054
18.0353
18.0206
18.0105
18.0046
18.0082
18.0132
18.0192
18.0257
18.029
18.0368
18.0465
18.0526
18.0517
18.0444
18.0327
18.0258
18.0306
18.0537
18.1045
18.1768
18.236
18.2999
18.3717
18.445
18.4998
18.5355
18.5518
18.5607
18.567
18.5672
18.5684
18.5678
18.5662
18.5655
18.5653
18.5669
18.5724
18.5753
18.575
18.5746
18.5713
18.5673
18.5613
18.5507
18.5376
18.5218
18.4986
18.4804
18.4639
18.4532
18.4503
18.4523
18.4576
18.4661
18.4761
18.4835
18.4909
18.496
18.5037
18.5098
18.5145
18.5146
18.5129
18.5087
18.4967
18.4843
18.4748
18.4631
18.4436
18.4253
18.412
18.4036
18.3975
18.3936
18.3971
18.4065
18.4203
18.439
18.4646
18.499
18.5354
18.5671
18.5918
18.6059
18.6019
18.5827
18.5499
18.5032
18.4391
18.3563
18.2868
18.2305
18.182
18.1489
18.1315
18.1276
18.1291
18.13
18.1341
18.1447
18.1497
18.1484
18.1471
18.1322
18.1077
18.0836
18.0624
18.0452
18.0312
18.0197
18.0085
17.9986
17.9898
17.9849
17.9851
17.9868
17.99
17.9948
18.0056
18.022
18.0518
18.1058
18.1965
18.3939
18.5411
18.6611
18.7861
18.8832
18.924
18.9479
18.9645
18.9787
18.9919
19.0041
19.0214
19.0412
19.056
19.0667
19.072
19.077
19.0752
19.0701
19.0621
19.0508
19.0336
19.0163
19.0071
19.0024
19.0101
19.0208
19.0401
19.0562
19.0719
19.0864
19.1009
19.1116
19.1203
19.1319
19.14
19.1452
19.1382
19.13
19.1219
19.1155
19.1119
19.1099
19.1105
19.1095
19.1081
19.1051
19.1064
19.1116
19.1158
19.1176
19.1153
19.1119
19.096
19.078
19.056
19.0363
19.0153
18.9922
18.9733
18.9594
18.9442
18.9297
18.9224
18.9145
18.9115
18.9096
18.9139
18.9273
18.943
18.9599
18.9823
19.0074
19.0278
19.0474
19.065
19.083
19.0999
19.1117
19.1176
19.1159
19.1048
19.0922
19.0793
19.0664
19.0552
19.0399
19.024
19.0116
19.0064
19.0077
19.0107
19.0031
18.9827
18.9423
18.8725
18.7797
18.6978
18.613
18.5245
18.4414
18.381
18.3426
18.3254
18.3209
18.3266
18.3458
18.3652
18.381
18.3964
18.4048
18.4112
18.4191
18.427
18.4363
18.445
18.45
18.4546
18.4603
18.4637
18.4719
18.4815
18.4889
18.4932
18.4929
18.4922
18.4913
18.4909
18.4919
18.4932
18.4902
18.4859
18.4829
18.4838
18.4924
18.5015
18.5165
18.5303
18.5339
18.5431
18.5583
18.5692
18.5842
18.589
18.5862
18.5855
18.5848
18.591
18.6029
18.6096
18.6148
18.6185
18.6151
18.6095
18.6012
18.5876
18.5653
18.5379
18.5087
18.4849
18.4656
18.4557
18.4538
18.4564
18.4609
18.4699
18.4812
18.4882
18.4924
18.494
18.4922
18.4822
18.4651
18.445
18.4259
18.3988
18.3676
18.3472
18.3395
18.338
18.3458
18.3642
18.3866
18.4085
18.4314
18.4587
18.4906
18.5231
18.5521
18.575
18.5956
18.6107
18.6245
18.6375
18.6446
18.6417
18.6263
18.5908
18.5273
18.4291
18.218
18.0474
17.8992
17.7459
17.6304
17.5796
17.5524
17.5435
17.5422
17.5368
17.5365
17.5375
17.5403
17.5479
17.5538
17.5593
17.5599
17.5574
17.5599
17.57
17.5912
17.6222
17.646
17.6758
17.7038
17.7249
17.7536
17.7809
17.7982
17.8163
17.8264
17.8282
17.8369
17.8425
17.8475
17.85
17.8479
17.8528
17.8625
17.8679
17.8724
17.8768
17.8805
17.8866
17.8942
17.9175
17.9463
17.9702
17.9845
18.0052
18.0254
18.0588
18.0862
18.1107
18.1327
18.139
18.1403
18.1445
18.1556
18.1654
18.1757
18.1812
18.1895
18.1966
18.2055
18.2166
18.2374
18.2548
18.2715
18.2891
18.3057
18.3243
18.3387
18.3587
18.3792
18.3949
18.4045
18.418
18.4292
18.444
18.4655
18.4877
18.5131
18.5359
18.5545
18.5774
18.6035
18.6206
18.6411
18.6657
18.6873
18.7123
18.7404
18.7663
18.7975
18.8306
18.8652
18.9067
18.9459
18.9737
18.9982
19.0188
19.0369
19.0633
19.0922
19.1209
19.1461
19.1817
19.2304
19.2934
19.3669
19.4422
19.5042
19.5422
19.57
19.6005
19.63
19.6493
19.6622
19.6761
19.6815
19.6827
19.6875
19.7012
19.7207
19.7359
19.7524
19.776
19.8026
19.8265
19.8566
19.8909
19.9276
19.9624
19.9939
20.0254
20.056
20.0835
20.1044
20.1198
20.1312
20.1449
20.1528
20.1665
20.1923
20.2214
20.2547
20.2836
20.3165
20.35
20.383
20.4183
20.4524
20.4862
20.5088
20.5307
20.5496
20.5702
20.5937
20.6205
20.6515
20.6788
20.7127
20.745
20.7955
20.8484
20.9043
20.9688
21.0388
21.1016
21.1678
21.2771
21.3699
21.469
21.5514
21.6425
21.7712
21.8793
21.9781
22.1391
22.2466
22.3132
22.3667
22.4236
22.4733
22.5086
22.5346
22.5569
22.5827
22.6059
22.6322
22.6642
22.7053
22.7396
22.7796
22.8317
22.8811
22.9426
23
23.0507
23.1015
23.1428
23.1754
23.2134
23.2535
23.2864
23.3288
23.3602
23.3894
23.4334
23.4782
23.5341
23.6031
23.6809
23.7376
23.7978
23.8548
23.9111
23.971
24.021
24.0731
24.1104
24.1631
24.2133
24.3118
24.431
24.5105
24.6231
24.7212
24.8342
24.9272
25.0618
25.1595
25.2549
25.3232
25.4009
25.5041
25.6096
25.7826
26.0529
26.4354
26.6816
27.5963
27.8496
28.0919
28.4581
28.7462
29.642
30.0142
30.2053
30.5627
30.6576
30.6994
30.7423
30.7571
30.7888
30.8164
30.8429
30.8597
30.8837
30.9034
30.9502
31.0505
31.2919
31.5574
31.7036
31.8006
31.8792
31.9364
31.9848
32.0232
32.0651
32.1424
32.2562
32.3969
32.7178
33.02
33.9297
34.4024
34.8643
35.7734
36.691
36.9954
37.2092
37.4401
37.6483
37.8686
38.1592
38.4109
38.5726
38.7216
38.7892
38.8656
38.9246
38.9554
38.9883
39.01
39.0223
39.0316
39.0536
39.0699
39.1034
39.1451
39.2126
39.333
39.5246
39.8669
40.7391
41.0774
41.24
41.3079
41.4502
41.6378
42.5217
43.4269
43.7199
43.8915
44.1478
45.0559
45.3652
45.668
46.0448
46.9567
47.2233
47.4065
47.6035
47.8055
47.974
48.4122
48.5765
48.8166
49.004
49.2251
50.108
50.4165
51.2961
51.6399
51.8777
52.2199
52.3989
52.6218
52.7747
52.9124
53.258
53.4924
53.6488
54.5305
55.432
56.3291
57.2322
58.138
59.0378
59.4046
59.7618
60.1306
60.3469
60.717
61.6247
61.929
62.827
63.1208
63.3148
64.2021
64.4314
64.6547
65.5225
65.7889
66.6484
67.5125
67.8477
68.7052
68.8808
69.7108
70.5429
70.7773
71.6067
71.8688
72.6778
73.5025
73.6133
73.8061
74.1101
74.257
74.4134
74.5854
74.7641
74.9654
75.1723
75.4003
75.7171
76.0041
76.4487
77.3371
78.239
79.1386
80.0261
80.9188
81.8022
82.237
83.1147
83.4606
83.8058
84.0878
84.3437
84.5767
84.791
84.993
85.2093
85.4398
85.7014
86.0353
86.4436
87.2896
87.6827
88.5412
89.4039
90.2685
91.1376
91.9994
92.8645
93.7187
94.5807
95.4324
96.2756
97.0754
97.857
98.6769
99.4622
100.275
101.072
101.898
102.689
103.515
104.347
105.203
106.052
106.878
107.703
108.456
108.665
109.205
109.886
109.898
110.569
111.253
111.8
111.97
111.973
112.059
112.761
113.306
114.105
114.96
115.822
116.714
117.603
118.502
119.402
120.31
121.213
122.121
123.008
123.84
123.99
124.641
125.414
125.774
126.598
127.448
128.307
129.175
130.036
130.864
131.657
132.426
133.023
133.647
133.658
134.11
134.569
134.578
134.578
135.189
135.891
136.576
136.828
137.505
137.591
138.241
138.534
139.285
140.121
140.948
141.346
142.215
143.09
143.978
144.87
145.766
146.659
147.558
148.441
149.315
149.701
150.472
151.177
151.727
151.198
151.726
152.426
153.217
153.397
154.073
154.085
154.086
154.697
155.433
156.094
156.106
156.717
157.339
157.887
157.897
158.547
159.276
159.994
160.706
161.445
161.91
162.653
163.316
164.027
164.703
164.715
165.299
165.31
165.848
166.492
167.042
167.751
168.414
169.156
169.464
169.469
169.579
169.694
169.085
168.401
167.715
166.997
166.268
165.564
165.398
165.284
165.187
165.265
165.266
164.815
165.418
165.429
166.04
166.756
166.769
166.991
167.106
166.57
166.559
166.021
165.399
165.276
164.624
164.628
164.045
163.423
163.485
162.948
163.024
163.026
163.026
163.675
163.847
164.388
164.658
165.362
165.614
166.318
166.563
166.712
166.84
166.814
166.888
166.729
166.188
165.727
165.18
164.719
164.711
164.71
164.624
164.623
165.162
165.259
165.872
166.516
167.177
167.411
168.089
168.313
168.966
169.139
169.68
170.141
170.149
170.601
170.609
170.609
170.609
170.609
170.158
170.15
169.698
169.69
169.69
169.69
169.69
169.238
169.23
169.23
169.23
169.23
169.23
169.23
169.23
168.779
168.771
168.32
168.312
168.311
168.311
168.763
168.233
168.223
168.223
168.223
168.223
168.223
168.674
168.682
169.134
169.142
169.142
169.142
169.142
169.142
169.142
168.69
168.682
168.23
168.222
168.222
168.222
168.222
168.222
168.76
168.77
168.77
169.221
168.778
168.77
168.77
168.77
168.77
168.77
168.232
167.685
167.137
166.59
166.58
166.042
165.495
164.947
164.938
164.937
164.937
164.937
165.388
165.397
165.935
165.944
166.396
166.404
166.404
165.866
166.307
165.864
165.317
164.724
164.101
163.478
163.015
162.555
162.095
162.087
161.999
161.546
161.538
161.538
161.625
161.627
161.627
161.627
162.165
161.637
161.089
160.541
159.993
159.372
158.822
158.274
157.653
157.104
156.556
156.546
156.546
156.546
156.546
156.546
156.546
156.546
156.546
156.546
156.095
156.086
156.086
155.547
155.085
154.538
153.916
153.366
152.772
152.149
151.488
151.315
151.312
151.399
151.56
151.723
152.399
153.085
153.802
154.531
155.235
155.94
156.601
157.246
157.869
158.419
158.88
158.888
158.888
158.888
158.35
158.34
158.792
159.337
159.886
160.508
161.057
161.68
162.34
162.551
162.736
163.323
163.945
164.495
164.592
164.507
163.967
163.419
162.871
162.701
162.086
161.915
161.299
161.157
161.154
161.606
161.614
161.701
161.863
162.405
163.026
163.576
164.037
164.045
164.497
164.506
163.968
163.958
163.284
162.623
162.39
161.695
161.009
160.385
160.176
159.561
159.39
158.849
159.29
159.298
159.299
158.847
158.839
158.839
158.839
158.839
158.839
159.29
159.298
159.298
159.298
158.846
158.838
158.838
158.75
158.749
158.749
158.749
158.297
158.289
158.289
158.289
158.74
158.748
159.199
159.207
159.207
159.207
159.207
159.294
159.296
159.296
159.296
159.296
159.296
159.296
159.296
159.296
159.296
159.296
159.296
159.296
159.296
159.296
159.21
158.67
158.574
158.034
157.486
156.865
156.315
155.768
155.219
155.21
154.672
154.124
154.115
154.114
154.114
154.114
154.114
153.663
154.193
154.74
155.287
155.835
155.844
156.382
156.93
157.477
157.487
157.487
157.487
157.487
157.487
157.035
157.027
156.575
156.567
156.116
156.108
156.646
156.656
157.107
157.654
157.709
158.322
158.945
158.87
158.782
158.693
158.154
158.231
158.684
158.241
158.233
158.684
158.692
158.692
158.692
158.692
159.23
159.778
160.326
160.874
161.495
162.044
162.054
162.666
163.215
163.763
163.773
163.773
163.773
163.773
163.773
163.773
163.773
163.773
163.773
164.224
164.233
164.233
164.772
165.234
165.781
166.403
166.953
167.547
168.17
168.831
169.455
170.005
170.467
170.475
170.476
170.476
170.476
170.476
170.476
170.476
170.476
170.476
170.476
170.476
170.476
170.476
170.476
170.476
170.025
170.555
170.564
170.113
169.653
169.645
169.645
169.193
168.733
168.725
168.725
169.176
168.733
168.725
168.725
168.638
169.175
169.185
169.723
170.272
170.893
171.517
171.602
171.604
171.576
170.992
170.444
170.972
170.895
170.807
170.267
170.257
169.719
169.71
170.247
170.257
170.257
170.795
170.892
171.567
172.228
172.913
173.616
174.302
174.926
175.048
175.662
175.746
175.747
175.209
174.661
174.651
175.103
175.111
175.111
174.66
174.068
173.445
172.76
172.049
171.766
171.05
170.772
170.03
169.283
169.078
168.376
167.689
167.043
166.9
166.359
165.898
165.351
165.341
165.341
164.889
164.343
163.795
163.152
162.491
162.239
161.543
160.805
160.066
159.313
158.574
157.888
157.226
156.603
155.98
155.431
154.883
154.873
154.873
154.873
155.411
155.959
156.507
157.055
157.603
158.224
158.774
158.784
158.871
158.29
158.184
158.087
157.925
157.31
156.76
156.212
155.664
155.567
155.565
155.565
155.565
155.565
155.565
155.565
155.565
155.565
155.565
155.565
155.565
155.565
155.565
156.017
156.025
156.477
156.485
156.937
156.945
156.945
156.945
156.945
156.945
157.483
157.493
157.493
157.58
157.536
157.535
158.073
157.995
157.382
157.189
156.574
156.025
155.563
155.017
155.007
155.007
155.007
154.469
154.459
154.459
154.459
154.459
154.997
155.007
155.007
155.007
155.007
155.007
155.007
155.007
155.007
154.469
154.459
154.459
154.459
154.459
154.459
154.459
154.459
154.459
154.459
154.459
154.459
153.921
153.373
152.825
152.203
151.543
150.919
150.776
150.687
150.146
149.685
149.677
149.677
149.677
149.677
149.677
149.677
149.677
149.677
149.677
149.677
149.677
150.128
149.685
149.677
150.128
150.136
149.598
149.137
149.58
149.456
148.871
148.7
148.159
148.062
147.609
147.601
148.139
147.61
147.688
147.689
147.238
147.23
146.778
147.308
147.929
148.014
148.599
148.609
148.07
148.061
148.06
148.147
148.149
148.687
148.696
148.697
148.697
148.697
148.697
149.148
149.156
149.156
149.156
148.705
148.085
147.462
147.377
146.726
146.579
146.409
146.229
146.047
145.37
144.685
144.06
143.466
143.295
143.338
143.412
144.088
144.187
144.261
144.341
144.354
144.366
144.367
144.335
144.282
144.191
144.097
143.974
143.812
143.569
143.52
142.981
142.432
142.874
143.42
143.969
144.612
145.272
145.975
146.68
147.418
147.704
148.45
148.65
148.789
148.902
148.932
148.881
148.745
148.668
148.055
147.506
146.913
146.364
146.354
146.354
146.354
146.354
146.354
146.354
146.892
147.352
147.944
148.587
149.232
149.855
150.478
151.028
151.577
152.125
152.673
152.683
152.683
152.683
152.232
152.224
152.224
152.224
152.224
152.224
152.224
152.224
152.224
152.224
152.224
152.224
151.686
151.225
151.216
151.216
151.216
151.216
151.216
151.216
151.216
150.765
150.757
151.209
151.262
151.801
151.811
151.813
152.425
153.069
153.692
154.241
154.252
154.79
154.799
154.348
154.34
154.878
154.436
154.428
154.428
154.428
154.428
154.428
154.428
154.428
154.428
154.428
153.976
153.385
152.791
152.736
152.085
151.4
150.696
150.072
149.411
148.788
148.165
147.616
147.606
147.606
147.606
148.144
148.691
149.24
149.862
149.873
149.811
149.689
149.499
149.294
148.973
148.185
147.382
146.592
145.823
145.068
144.317
143.598
142.952
142.29
141.739
141.278
141.269
141.721
141.729
141.729
141.597
141.484
141.283
140.563
140.396
140.242
140.098
139.857
139.604
139.278
138.516
137.786
137.595
137.37
136.718
136.62
136.081
136.522
136.53
136.53
137.068
137.077
137.616
138.164
138.174
138.712
138.636
138.634
138.097
137.636
137.176
136.629
136.62
136.619
136.619
136.619
136.619
136.619
137.071
137.69
138.314
138.485
138.686
139.363
139.447
139.581
139.717
139.781
139.872
139.874
139.874
140.034
140.037
140.037
140.037
140.197
140.849
140.956
141.663
142.401
143.147
143.922
144.688
145.465
146.205
146.385
146.548
147.243
147.838
147.936
148.477
147.904
147.355
147.345
147.345
147.345
147.345
147.345
147.345
147.796
147.353
147.883
148.431
148.98
149.573
149.794
150.472
151.096
151.719
152.269
152.41
152.951
152.422
152.413
152.413
152.413
152.413
152.413
152.413
151.962
151.954
151.953
151.953
151.953
151.953
151.416
151.406
150.867
150.209
149.548
148.887
148.201
147.915
147.188
146.501
145.855
145.211
144.616
144.066
143.518
143.056
143.048
143.048
142.596
143.126
143.587
143.596
143.057
142.508
141.866
141.242
140.647
140.003
139.769
139.06
138.343
138.195
137.655
137.034
137.022
136.484
135.937
135.927
135.389
135.83
135.301
134.753
134.657
134.118
133.496
133.288
132.593
131.876
131.13
130.406
129.709
129.047
128.424
127.78
127.185
127.087
127.13
127.714
128.308
128.517
129.194
129.897
130.522
130.644
130.646
130.584
130.429
129.706
128.949
128.205
127.437
126.666
125.903
125.145
125.069
125.058
125.071
125.163
125.454
125.689
126.475
127.278
128.069
128.838
129.592
129.892
129.969
130.021
130.023
129.871
129.629
128.899
128.145
127.399
126.694
126.56
126.533
126.5
126.677
127.418
128.165
128.931
129.722
130.523
131.31
132.081
132.81
133.539
134.225
134.886
135.436
135.983
135.993
135.993
135.993
135.542
135.534
135.534
135.534
136.071
136.081
136.619
136.628
136.715
136.63
136.628
137.167
137.176
137.176
137.176
137.176
137.176
137.176
137.176
137.176
136.725
137.168
137.089
137.088
137.721
137.864
138.45
138.622
139.208
139.83
140.425
140.887
141.433
141.981
141.54
141.532
141.532
141.531
140.992
140.371
139.676
138.99
138.273
137.554
136.867
136.744
136.647
136.033
135.41
135.311
135.309
135.353
135.281
134.616
133.913
133.19
132.451
131.698
130.919
130.156
129.868
129.172
128.468
127.807
127.257
127.161
127.16
127.16
127.16
127.16
127.611
127.619
128.157
128.167
128.167
128.167
128.167
128.167
127.716
127.621
127.619
127.619
127.619
127.081
127.071
127.609
127.618
128.157
128.816
129.477
130.138
130.823
131.022
131.296
131.364
131.365
131.348
131.257
131.078
130.883
130.59
129.859
129.134
128.882
128.244
127.62
127.026
127.014
127.553
128.196
128.368
128.503
128.687
128.824
128.919
128.952
128.952
128.791
128.684
128.474
128.261
128.069
127.361
127.194
126.543
126.617
127.156
127.253
127.341
127.955
128.615
129.317
130.035
130.781
131.505
132.202
132.863
132.949
132.972
132.944
132.809
132.671
131.978
131.292
131.057
130.442
129.798
129.248
129.194
129.267
129.942
130.646
130.928
131.677
132.421
133.189
133.96
134.723
135.029
135.746
136.442
137.146
137.792
138.255
138.802
138.812
138.361
138.353
138.352
138.352
138.804
139.445
140.04
140.7
141.403
141.655
141.847
142.591
143.337
143.591
143.762
144.439
144.596
144.554
143.92
143.26
142.615
141.912
141.166
140.436
139.683
138.906
138.14
137.401
136.671
135.975
135.288
134.664
134.114
134.104
134.555
134.025
133.366
132.663
131.917
131.163
130.39
129.6
129.246
128.992
128.663
127.893
127.142
126.423
125.727
125.102
124.508
124.046
124.038
124.038
124.037
124.037
124.576
124.586
124.586
125.037
124.594
124.498
123.958
123.496
123.488
122.949
122.402
121.854
121.684
121.595
121.055
121.047
121.585
122.207
122.364
123.04
123.757
124.476
125.163
125.824
126.469
127.093
127.179
127.182
126.644
126.635
126.636
126.76
126.841
126.92
127.035
127.239
127.556
128.311
128.511
128.755
129.45
130.112
130.21
130.298
130.3
130.3
129.849
129.302
128.659
127.998
127.294
126.633
125.929
125.226
124.508
123.804
123.594
123.516
122.976
122.428
122.419
122.957
122.967
122.967
122.429
122.419
122.419
121.88
121.259
120.599
120.514
120.33
120.247
120.174
120.131
120.131
120.174
120.256
120.459
120.738
120.916
121.159
121.797
122.421
123.016
123.114
122.578
121.985
121.815
121.614
121.399
121.243
121.136
121.092
121.035
121.027
121.038
121.136
121.272
121.461
121.631
121.787
121.988
122.443
122.451
122.902
123.362
123.37
123.37
122.832
122.284
121.735
121.187
120.639
120.091
120.08
120.154
120.766
121.451
122.136
122.389
123.067
123.753
124.376
124.482
125.022
125.031
124.958
124.323
123.638
123.378
122.683
121.979
121.317
120.693
120.099
120.002
119.462
119.452
119.452
119.452
119.452
118.914
118.453
118.444
117.833
117.172
116.511
115.888
115.203
114.517
113.814
113.138
112.966
112.889
112.35
111.802
111.706
112.242
112.252
112.79
113.382
114.026
114.687
115.332
116.034
116.78
117.51
118.264
119.041
119.807
120.546
121.276
121.972
122.658
122.831
123.373
123.382
122.931
123.009
123.208
123.903
124.649
125.403
126.175
126.514
127.311
128.111
128.902
129.228
129.519
129.779
130.015
130.179
130.766
130.69
130.688
130.688
131.14
131.148
131.148
131.148
131.148
131.148
131.6
132.147
132.695
133.156
133.165
133.703
134.251
134.799
135.42
135.969
136.517
137.064
137.074
137.074
137.612
137.621
137.17
136.71
136.702
136.702
136.702
136.702
137.239
137.787
138.334
138.882
139.051
139.142
139.755
140.4
141.023
141.573
142.034
142.042
142.581
143.042
143.05
142.512
142.954
143.413
143.421
142.883
143.325
143.871
144.514
145.175
145.879
146.54
147.243
147.947
148.665
149.369
150.031
150.654
151.204
151.752
151.223
151.214
151.214
151.214
151.752
151.761
151.762
152.3
152.921
153.582
154.205
154.849
155.552
156.27
156.974
157.66
158.346
159.008
159.558
160.019
160.566
161.027
160.584
160.576
160.576
161.027
161.573
162.166
162.788
162.998
163.664
164.367
165.096
165.825
166.568
167.287
168.005
168.667
169.291
169.84
170.389
170.937
171.398
171.406
171.406
171.406
171.406
171.406
170.869
171.397
171.945
172.493
173.042
173.59
174.138
174.686
175.234
175.244
175.244
175.244
175.695
175.704
175.165
175.156
175.694
175.703
176.287
176.371
177.005
177.69
178.401
179.105
179.809
180.471
180.557
181.141
181.69
182.238
182.248
182.248
182.248
182.248
182.786
182.796
183.247
183.867
184.528
185.189
185.812
186.497
187.183
187.435
188.102
188.274
188.889
189.438
189.986
190.534
190.544
190.544
190.544
190.544
190.544
190.544
190.093
190.085
190.085
190.085
189.633
189.625
189.625
189.625
189.625
189.625
189.625
190.077
190.085
190.085
190.537
190.997
191.457
191.466
191.466
191.466
191.466
191.917
191.925
191.926
191.926
192.377
192.837
193.296
193.756
194.216
194.225
194.763
194.772
194.321
193.862
193.316
193.306
193.306
193.306
193.306
193.306
193.306
193.306
193.306
193.306
193.306
193.306
193.306
193.306
193.306
192.855
192.846
192.846
192.846
192.846
192.307
192.749
193.209
193.217
193.217
193.217
193.217
193.217
193.217
193.217
193.218
193.67
194.129
194.137
194.138
194.138
194.138
194.138
194.138
194.138
194.138
193.687
194.217
194.226
194.226
194.226
194.314
194.315
194.315
194.315
194.315
194.315
194.315
194.315
194.315
193.777
193.155
192.606
191.947
191.273
190.577
190.429
189.777
189.132
188.471
187.876
187.326
186.777
186.229
186.219
185.767
185.759
185.759
185.759
185.307
184.847
184.301
183.752
183.29
182.744
182.195
181.647
181.1
181.003
180.463
179.915
179.905
179.905
179.905
179.905
180.356
180.364
180.365
180.365
180.365
180.365
180.365
180.365
179.827
179.279
178.657
178.108
177.515
176.921
176.327
175.778
175.316
175.308
174.857
174.935
174.936
174.936
174.485
173.938
173.39
172.768
172.124
171.421
170.709
169.975
169.222
168.451
167.665
167.437
166.717
165.97
165.252
164.606
164.483
163.943
163.482
163.474
163.473
162.935
162.474
162.331
161.637
160.933
160.187
159.436
158.671
157.886
157.107
156.338
156.042
155.346
154.659
153.998
153.374
152.825
152.277
152.267
152.267
151.816
151.808
151.27
150.648
149.988
149.293
148.589
147.851
147.112
146.394
145.69
144.986
144.752
144.099
143.475
143.464
143.464
142.926
142.916
142.916
142.916
142.378
141.756
141.096
140.435
139.75
139.047
138.329
137.59
136.861
136.157
135.481
134.836
134.212
133.662
133.201
132.742
132.733
132.733
132.733
132.733
132.733
132.281
131.735
131.187
131.176
131.089
131.014
130.4
129.756
129.111
128.45
127.855
127.306
127.296
126.757
126.747
126.747
126.747
126.296
126.288
126.288
126.739
126.747
126.747
126.747
126.747
126.835
126.836
126.385
126.377
126.377
126.377
125.926
125.918
125.466
125.458
125.458
125.007
124.999
124.999
124.998
124.998
124.998
124.998
124.998
124.998
124.998
125.45
125.458
125.458
125.458
125.458
125.909
125.917
125.917
125.917
125.917
125.917
125.917
125.917
125.917
126.455
127.077
127.626
128.285
128.96
129.655
130.342
131.004
131.649
132.31
132.905
133.004
133.092
133.633
133.643
134.094
134.102
134.102
134.102
134.554
135.014
135.561
136.109
136.571
137.118
137.666
138.214
138.762
139.31
139.858
140.406
140.416
140.416
140.416
140.416
140.416
140.416
140.416
140.416
140.416
140.416
140.416
140.416
140.502
140.504
140.578
140.579
140.55
140.521
140.492
140.38
140.218
139.632
139.535
139.373
138.831
138.821
138.821
138.908
139.448
139.532
139.584
139.664
139.826
139.901
140.009
140.077
140.188
140.259
140.303
140.388
140.482
140.505
140.571
140.572
140.485
140.484
140.484
141.022
141.483
142.164
142.868
143.121
143.858
144.157
144.915
145.699
146.479
147.247
147.543
148.24
148.926
149.588
150.211
150.761
151.309
151.319
151.77
152.229
152.689
152.698
153.31
153.432
153.58
154.273
154.473
154.591
154.649
154.65
154.669
154.731
154.769
154.843
154.26
154.088
154.084
153.631
153.171
153.163
153.701
154.322
154.53
154.731
154.824
154.904
155.027
155.121
155.164
155.207
155.22
155.179
155.127
155.032
154.944
154.857
154.317
153.77
153.76
153.76
153.76
154.211
154.22
154.759
155.22
155.767
156.389
157.012
157.119
157.754
158.414
159.01
159.559
159.118
159.197
159.199
159.199
159.199
159.65
159.658
159.12
158.572
158.024
157.476
157.466
157.466
157.917
157.925
158.377
157.934
157.475
157.015
156.92
156.38
156.283
155.743
155.282
155.724
155.732
155.733
155.281
155.273
155.273
155.273
154.821
154.813
154.813
154.813
154.813
154.813
154.813
154.813
154.361
154.353
153.815
153.805
153.354
153.345
152.806
152.797
152.796
152.345
152.337
151.885
151.877
151.877
151.877
151.425
150.965
150.506
150.046
149.499
149.402
149.4
149.4
148.862
148.315
147.767
147.757
147.757
147.757
147.757
147.757
147.757
147.757
147.757
147.757
147.757
147.757
147.757
147.757
147.219
146.672
146.124
145.577
145.028
144.435
143.886
143.424
143.416
142.964
142.955
142.955
142.955
143.407
143.953
144.501
144.51
145.122
145.294
145.37
145.482
145.556
145.602
145.508
145.468
145.357
144.706
144.497
144.333
143.792
143.783
143.828
143.903
144.442
145.101
145.746
146.449
147.124
147.82
148.506
148.63
149.244
149.329
149.265
149.154
149.006
148.287
147.575
146.851
146.147
145.484
144.798
144.625
144.083
144.073
143.621
143.613
143.613
143.613
143.613
143.029
142.356
141.661
140.949
140.196
139.431
138.642
137.849
137.065
136.3
136.084
135.364
135.215
135.077
134.537
135.065
135.686
136.346
137.049
137.735
138.358
138.444
138.446
138.418
138.42
138.285
138.061
137.809
137.088
136.37
135.665
135.431
135.216
135.183
135.343
135.478
136.114
136.348
137.002
137.664
138.351
139.026
139.671
140.22
140.767
141.315
141.863
141.872
141.873
141.873
141.873
142.41
142.42
142.42
142.42
142.42
141.969
142.498
142.057
142.049
142.049
142.049
142.5
142.959
142.967
142.967
142.967
142.967
142.967
143.506
144.054
144.602
145.15
145.16
145.16
145.16
145.16
145.16
145.611
146.071
145.992
146.529
147.077
147.625
148.174
148.635
148.106
147.558
147.009
146.912
146.297
145.835
145.214
145.115
144.662
144.202
143.742
143.734
143.733
143.733
143.733
144.185
144.193
144.732
144.742
144.741
144.289
144.82
144.291
143.83
143.735
143.195
143.636
143.193
142.647
142.637
143.088
143.548
144.007
144.467
145.014
145.111
145.565
145.573
145.659
145.66
145.659
145.207
144.661
144.039
143.417
142.867
142.319
141.771
141.761
141.223
141.213
140.675
140.665
140.665
141.203
141.75
142.298
142.308
142.308
142.28
142.206
141.984
141.306
141.073
140.419
139.759
139.135
138.586
138.037
137.489
137.48
137.48
137.931
138.478
139.027
139.576
140.125
140.768
141.429
142.09
142.213
142.864
143.487
144.036
144.584
145.132
145.679
145.237
144.778
144.77
144.318
143.858
143.85
143.85
144.388
144.398
144.397
144.508
144.546
144.647
144.682
144.683
144.678
144.653
144.586
144.548
144.487
144.351
144.152
143.967
143.425
143.416
143.415
143.416
143.999
144.673
145.368
145.541
145.673
145.754
145.84
145.915
145.97
145.982
145.976
145.942
145.871
145.822
145.685
145.05
144.426
143.963
143.416
143.407
143.406
143.944
144.492
144.662
145.276
145.961
146.196
146.448
146.631
146.801
146.958
147.096
147.761
147.934
148.389
148.849
148.857
149.309
149.317
148.866
148.858
148.858
148.858
148.858
148.858
148.858
148.407
148.398
148.398
148.398
148.398
148.398
148.398
148.398
148.398
148.398
148.849
148.857
149.309
149.317
148.78
148.77
148.77
148.77
148.233
147.685
147.138
146.592
146.045
145.497
144.95
144.402
144.392
144.392
144.392
144.392
144.392
144.392
144.392
143.941
143.932
143.393
143.383
142.844
142.185
141.49
141.341
141.185
141.03
140.903
140.864
140.702
140.662
140.662
141.113
141.121
141.573
141.582
141.582
141.582
141.582
141.131
141.123
140.671
140.663
141.115
141.124
141.124
141.662
142.124
142.67
143.219
142.777
143.22
143.767
143.777
143.777
143.777
143.777
143.777
143.777
143.777
143.239
142.69
142.483
142.368
142.231
141.975
141.818
141.778
141.777
141.682
141.68
141.68
141.142
141.671
141.68
142.219
142.228
142.228
142.228
142.228
142.228
142.229
142.229
142.841
142.925
143.062
143.2
143.425
143.54
143.654
143.817
144.358
144.906
145.454
146.002
146.012
146.012
146.012
146.012
146.012
146.012
146.012
146.012
145.56
145.55
145.55
144.966
144.417
143.868
143.318
142.857
143.3
143.222
143.221
143.672
144.132
144.14
144.14
144.14
143.602
144.131
144.679
144.764
144.812
144.958
145.048
145.155
145.335
145.517
145.694
145.832
145.969
146.62
146.813
147.355
147.364
147.365
147.816
147.824
147.824
147.372
147.902
147.984
148.121
148.362
148.46
148.566
148.769
148.981
149.195
149.943
150.139
150.816
151.461
151.633
152.088
152.183
152.184
152.184
152.184
152.184
152.635
152.644
152.644
153.095
153.555
154.101
154.65
155.198
155.296
155.297
155.749
155.757
155.757
155.757
155.757
155.757
156.208
156.217
156.217
156.217
156.217
155.765
155.757
155.671
155.669
155.669
155.669
155.218
155.21
155.21
155.21
155.21
155.21
155.21
155.21
154.597
154.048
153.963
153.35
152.726
152.103
152.018
151.97
151.968
152.505
152.6
152.601
152.555
152.48
151.867
151.318
150.696
150.073
149.45
148.987
148.979
149.43
149.977
150.525
150.535
151.074
151.733
151.977
152.656
153.36
154.064
154.739
155.401
156.025
156.686
157.237
157.247
157.16
157.159
157.159
157.159
157.159
157.159
157.61
157.08
156.984
156.445
155.897
155.727
155.113
154.428
153.743
153.119
152.496
152.397
151.857
151.396
150.937
150.929
150.928
150.928
150.928
150.928
151.38
151.926
152.475
153.134
153.795
154.481
155.198
155.902
156.113
156.277
156.913
157.463
158.01
158.558
158.568
158.568
158.568
158.568
158.568
158.568
158.568
158.568
159.106
159.07
158.531
158.521
158.476
158.401
158.201
158.062
157.947
157.747
157.111
156.516
155.966
155.505
155.497
155.496
155.496
155.496
155.045
154.585
154.577
154.577
155.029
155.576
155.586
156.17
156.72
157.269
157.818
158.28
158.288
158.825
158.835
158.835
158.835
158.835
158.835
158.835
159.373
159.383
159.383
159.92
160.467
161.015
161.636
162.258
162.807
162.903
163.442
163.99
164.539
164.548
165
165.008
165.009
165.009
165.009
164.471
164.461
164.913
164.47
164.463
165.001
164.925
164.952
165.026
165.027
165.114
165.203
164.753
164.832
164.834
164.834
165.285
165.294
165.745
165.754
165.302
165.294
165.294
164.755
164.207
163.614
163.02
162.397
162.386
161.774
161.763
162.214
161.684
161.136
161.126
161.126
161.126
161.126
161.126
161.126
161.126
160.588
160.04
159.419
159.248
158.595
158.51
157.897
157.274
156.651
156.553
156.551
156.551
156.551
156.551
156.551
156.551
156.551
156.625
156.552
156.551
156.53
156.493
156.456
156.404
156.324
156.212
155.672
155.575
155.661
155.795
156.409
157.032
157.582
157.666
157.74
157.815
157.729
157.19
156.569
155.946
155.285
154.6
153.938
153.388
153.218
152.676
152.215
152.207
152.207
152.207
152.207
152.207
151.755
151.747
152.285
152.295
152.295
151.757
151.747
151.296
151.288
151.825
152.373
152.92
153.468
153.638
154.253
154.485
155.163
155.786
156.41
156.959
157.507
157.969
158.428
157.984
157.525
156.933
156.383
155.762
155.138
154.494
153.832
153.187
152.592
152.13
151.583
151.573
152.025
152.032
152.032
152.032
152.032
152.032
152.032
152.032
151.494
150.946
150.325
149.681
148.996
148.292
147.563
147.418
147.28
147.277
147.86
147.944
147.921
147.845
147.72
147.566
147.382
147.134
146.85
146.51
145.754
145.091
145.08
144.446
144.175
143.844
143.032
142.193
141.354
140.533
139.719
138.929
138.163
137.433
136.747
136.123
136.112
136.111
136.111
136.111
135.574
135.026
134.478
133.931
133.248
132.562
131.845
131.141
130.424
129.706
129.02
128.374
127.73
127.558
127.017
126.556
126.548
126.548
126.548
126.548
126.548
126.548
126.548
127.086
127.095
127.095
127.546
127.554
127.554
127.641
127.775
128.316
128.864
129.325
129.334
129.785
130.245
130.253
130.253
130.253
130.253
130.253
130.253
130.705
130.713
130.175
130.704
131.252
131.845
131.987
132.15
132.153
132.313
132.316
131.865
132.395
132.943
132.501
132.042
131.582
131.122
130.662
130.203
129.743
129.821
129.909
130.071
130.685
130.894
131.509
132.132
132.216
132.83
133.379
133.389
133.389
133.389
133.389
133.389
133.389
133.389
133.928
134.549
135.172
135.816
136.477
137.138
137.812
138.487
139.148
139.698
140.246
140.707
141.167
141.175
141.175
141.175
141.713
142.261
142.809
143.358
143.906
144.527
145.15
145.273
145.948
146.61
147.16
147.781
148.331
148.792
148.8
148.8
148.8
148.8
148.8
149.252
149.26
149.26
149.26
149.26
149.798
149.808
149.721
149.72
149.72
149.72
149.72
149.72
150.171
150.179
150.178
150.178
150.178
150.178
150.178
150.178
150.178
150.113
150.498
150.957
151.335
151.666
152.22
152.778
153.209
153.804
154.239
154.83
155.292
155.839
155.848
155.849
156.3
156.308
156.308
156.308
156.099
155.885
155.482
155.542
155.586
155.633
155.683
155.752
155.828
155.95
156.092
156.212
156.257
155.858
155.99
156.456
157.214
158.001
158.816
159.645
160.426
161.05
161.847
162.611
163.274
163.286
163.919
164.641
165.432
166.042
166.877
167.508
168.115
168.589
169.038
169.588
169.978
170.323
170.605
170.401
170.397
170.397
170.397
170.725
171.269
171.817
172.364
172.838
173.12
173.286
173.363
173.402
173.407
173.358
173.276
173.204
173.125
172.994
172.8
172.213
171.673
171.222
170.879
170.873
170.873
170.665
170.202
169.591
168.933
168.233
168.055
167.331
167.03
166.722
165.95
165.183
164.428
164.158
163.469
162.818
162.191
161.597
161.147
160.932
160.929
160.928
160.928
160.928
161.467
161.15
160.71
160.209
160.061
159.89
159.241
159.001
158.306
158.027
157.289
156.563
156.308
156.077
155.869
155.677
155.505
155.351
155.219
155.114
155.053
154.95
154.365
154.209
153.578
152.93
152.8
152.146
151.467
150.792
150.104
149.413
148.716
148.009
147.325
146.66
146.009
145.313
144.593
143.844
143.077
142.297
141.505
140.702
139.884
139.054
138.221
137.396
136.582
135.785
135.007
134.249
133.507
132.783
132.091
131.443
130.8
130.135
129.41
129.176
128.387
127.568
126.744
125.913
125.077
124.236
123.39
122.54
121.7
120.873
120.062
119.279
118.515
117.782
117.087
116.461
115.983
115.974
116.512
116.522
116.522
116.193
115.569
114.849
114.082
113.285
112.92
112.094
111.248
110.394
109.534
108.677
107.833
107.073
106.34
105.572
105.067
104.641
104.191
103.858
104.064
103.935
103.551
102.809
102.01
101.183
100.338
99.4796
98.6135
97.7405
96.8611
95.9776
95.3046
94.6475
94.1936
93.8319
93.5186
93.3113
93.1818
93.2349
93.5252
93.5094
93.4984
93.854
94.0294
93.8209
93.5196
92.9801
92.1834
91.3496
90.4931
89.626
88.8177
88.1568
87.2858
86.4091
85.5301
84.6493
83.772
82.9046
82.0506
81.4202
80.5939
79.9867
79.4017
78.963
78.5333
77.9887
77.5648
77.1255
76.6706
76.0778
75.2643
74.4411
73.6118
72.9884
72.1758
71.3807
70.6065
70.086
69.8205
69.7679
69.8358
69.9207
70.0391
70.1311
70.147
70.1069
70.0313
69.906
69.7413
69.5152
69.2252
68.8386
68.3343
67.489
66.6311
65.9773
65.5715
65.3099
65.0921
64.9057
64.7355
64.5851
64.4552
64.3428
64.2448
64.1377
64.021
63.8732
63.7057
63.5084
63.3001
63.0693
62.6982
62.0923
61.2768
60.4566
59.6343
58.8154
57.9928
57.4862
57.0837
56.733
56.4868
56.2811
56.1054
55.9703
55.8543
55.7702
55.7082
55.6366
55.55
55.4551
55.3285
55.1781
54.9943
54.7713
54.5099
54.2084
53.8539
53.5316
53.2336
52.9435
52.6799
52.4209
52.1826
51.9451
51.731
51.5189
51.3255
51.144
50.975
50.8255
50.6651
50.5015
50.3278
50.1862
50.06
49.9652
49.8943
49.8494
49.8293
49.8338
49.8733
49.9493
50.0743
50.1998
50.304
50.3428
50.3348
50.2776
50.1744
50.034
49.8462
49.6047
49.3486
49.1132
48.9392
48.8144
48.7158
48.639
48.5794
48.5407
48.5225
48.5237
48.5445
48.5711
48.585
48.5799
48.556
48.4992
48.4079
48.2752
48.1037
47.8655
47.485
46.6317
45.7681
44.9058
44.044
43.5123
43.276
43.134
43.028
42.9383
42.8603
42.7972
42.7439
42.6945
42.6505
42.6034
42.542
42.4612
42.3595
42.2364
42.0737
41.8462
41.5016
41.0542
40.226
39.5879
39.3567
39.2799
39.2583
39.2638
39.2884
39.327
39.3663
39.402
39.4444
39.5002
39.5594
39.6304
39.69
39.7253
39.7328
39.6859
39.5739
39.3026
38.8064
38.5909
38.3469
37.703
37.1724
36.9245
36.759
36.6378
36.5578
36.5076
36.475
36.4494
36.4231
36.397
36.3719
36.346
36.3218
36.3039
36.2867
36.2637
36.2331
36.1934
36.1476
36.0936
36.0284
35.9518
35.8795
35.7954
35.7098
35.6391
35.5819
35.5339
35.4903
35.4492
35.4104
35.3745
35.3232
35.2514
35.1609
35.0273
34.8323
34.572
34.27
34.0045
33.742
33.5276
33.3783
33.2729
33.1848
33.122
33.0746
33.0299
32.9908
32.9581
32.933
32.9101
32.8931
32.8794
32.8722
32.869
32.8644
32.8676
32.8729
32.8766
32.878
32.8768
32.8692
32.8558
32.8352
32.8083
32.7803
32.7396
32.6886
32.6296
32.5717
32.5217
32.4849
32.4674
32.4697
32.4802
32.4956
32.5088
32.5267
32.5457
32.5526
32.5407
32.5136
32.4743
32.4238
32.3698
32.3055
32.2313
32.1484
32.0566
31.9699
31.8912
31.8242
31.7779
31.7499
31.7367
31.7394
31.7565
31.783
31.82
31.8674
31.9236
31.9821
32.0392
32.0888
32.133
32.1658
32.1799
32.1833
32.1734
32.1495
32.1061
32.0566
32.0174
31.9843
31.9441
31.8951
31.8384
31.7717
31.693
31.5971
31.4794
31.3205
31.1559
31.0048
30.8991
30.8216
30.7697
30.7472
30.7433
30.7527
30.7709
30.7954
30.82
30.8431
30.8731
30.9075
30.9413
30.9644
30.9716
30.9633
30.9411
30.9056
30.8685
30.8328
30.7924
30.7561
30.7268
30.7148
30.717
30.724
30.7313
30.7366
30.7495
30.7678
30.7865
30.7978
30.8027
30.8011
30.7966
30.7992
30.811
30.8276
30.8395
30.8483
30.8643
30.8848
30.9085
30.9358
30.9671
30.9973
31.017
31.0265
31.0339
31.0394
31.0264
31.0033
30.9768
30.9449
30.9034
30.8542
30.8111
30.7735
30.7366
30.7039
30.6771
30.6435
30.5962
30.5391
30.461
30.3832
30.3087
30.2353
30.1774
30.1291
30.0841
30.0464
30.0213
30.0075
30.0148
30.0289
30.0519
30.0886
30.1347
30.1812
30.2216
30.2565
30.286
30.3113
30.3309
30.3544
30.3818
30.4064
30.4225
30.4312
30.4355
30.4358
30.4353
30.4331
30.4278
30.4133
30.3863
30.354
30.33
30.3177
30.3157
30.3212
30.3312
30.3507
30.3767
30.4063
30.4427
30.4722
30.486
30.4829
30.4654
30.4404
30.4074
30.365
30.3187
30.2705
30.2201
30.1686
30.1216
30.0815
30.0496
30.0206
29.9964
29.9791
29.9639
29.9488
29.9422
29.9486
29.9624
29.9856
30.018
30.0726
30.1511
30.2674
30.4814
31.3498
32.2309
32.7329
33.0205
33.2088
33.3484
33.444
33.5027
33.5393
33.5564
33.5572
33.5418
33.5092
33.4571
33.3857
33.3008
33.2153
33.1458
33.0841
33.0336
32.994
32.9708
32.968
32.9821
33.0102
33.052
33.0901
33.1193
33.1422
33.1608
33.1756
33.1849
33.1851
33.1797
33.1664
33.1455
33.1229
33.1016
33.0839
33.0703
33.0617
33.0591
33.0659
33.073
33.0864
33.1026
33.1125
33.121
33.1235
33.1204
33.1131
33.1046
33.094
33.0881
33.0877
33.094
33.105
33.1148
33.1259
33.1375
33.1512
33.1638
33.1802
33.1976
33.211
33.2275
33.2445
33.2629
33.2799
33.2938
33.3028
33.3097
33.3129
33.3101
33.3047
33.2884
33.2649
33.238
33.2106
33.1864
33.1665
33.1492
33.1337
33.1269
33.1252
33.1356
33.1492
33.1639
33.1772
33.1831
33.1786
33.1669
33.1478
33.1185
33.0836
33.0447
33.0103
32.9796
32.9531
32.9324
32.9186
32.9113
32.9109
32.9205
32.9436
32.9717
33.0056
33.0461
33.0948
33.1487
33.1942
33.2292
33.2528
33.2589
33.2424
33.2204
33.1935
33.1641
33.1289
33.0958
33.0713
33.0491
33.0317
33.0249
33.0379
33.0748
33.1274
33.1849
33.2466
33.3048
33.3489
33.3803
33.4028
33.4171
33.4208
33.4122
33.3957
33.3724
33.3423
33.305
33.2681
33.2272
33.184
33.1385
33.0969
33.0653
33.0449
33.0401
33.0452
33.0618
33.0795
33.0982
33.1206
33.1479
33.1806
33.2179
33.252
33.276
33.2962
33.3081
33.3197
33.3325
33.337
33.3322
33.3175
33.2937
33.2631
33.2283
33.1901
33.1592
33.1306
33.0993
33.0759
33.0697
33.0793
33.1002
33.1288
33.1633
33.1979
33.2247
33.2543
33.2866
33.3206
33.3513
33.3772
33.4005
33.4219
33.4421
33.4622
33.485
33.5056
33.522
33.5366
33.5494
33.5575
33.5574
33.5415
33.5042
33.4287
33.2587
32.4356
31.5984
31.1362
30.893
30.7437
30.6397
30.5719
30.5311
30.5044
30.4871
30.4787
30.4741
30.468
30.4615
30.4616
30.4665
30.4732
30.4794
30.4867
30.4954
30.5028
30.5075
30.5083
30.4996
30.4787
30.4424
30.4107
30.3872
30.3699
30.3573
30.3486
30.3457
30.3495
30.3605
30.3741
30.3978
30.4225
30.446
30.4678
30.4865
30.502
30.5146
30.5244
30.5307
30.5266
30.5045
30.4879
30.4756
30.4666
30.4604
30.4561
30.4519
30.4473
30.4394
30.4324
30.4271
30.4205
30.4175
30.4145
30.4125
30.4096
30.4087
30.4034
30.3924
30.3792
30.3599
30.3367
30.31
30.2843
30.2621
30.2448
30.2301
30.2241
30.2282
30.2372
30.252
30.274
30.2987
30.3331
30.3677
30.4013
30.435
30.4637
30.4828
30.4973
30.5044
30.5001
30.4872
30.4625
30.4402
30.4226
30.4073
30.3955
30.3881
30.3818
30.3812
30.3887
30.4062
30.4351
30.4716
30.5141
30.5587
30.6053
30.6546
30.7014
30.7366
30.7545
30.7494
30.723
30.6765
30.6282
30.5887
30.557
30.534
30.5214
30.5144
30.5129
30.5196
30.5342
30.5588
30.587
30.611
30.6279
30.6357
30.6312
30.6112
30.5821
30.5496
30.5153
30.4797
30.4513
30.4442
30.4496
30.4649
30.488
30.5173
30.5462
30.5734
30.5986
30.6217
30.643
30.6592
30.68
30.7075
30.7379
30.7694
30.802
30.829
30.8547
30.8791
30.903
30.9241
30.9345
30.9343
30.9255
30.9122
30.8995
30.8933
30.888
30.8886
30.8913
30.8959
30.902
30.9121
30.9347
30.9606
30.9907
31.026
31.062
31.089
31.1174
31.1435
31.1716
31.1961
31.2104
31.2259
31.2418
31.2578
31.2795
31.3116
31.3406
31.37
31.402
31.4383
31.48
31.5233
31.4881
31.4465
31.3997
31.3484
31.2991
31.2473
31.183
31.1124
31.0341
30.9529
30.8732
30.7953
30.7193
30.6423
30.5675
30.4989
30.4427
30.3906
30.3537
30.3337
30.3146
30.2956
30.2768
30.2599
30.2426
30.2244
30.2069
30.1877
30.1604
30.1258
30.0887
30.0507
30.0111
29.9686
29.9244
29.8794
29.8312
29.7851
29.744
29.7068
29.6757
29.6508
29.627
29.6034
29.5808
29.5573
29.535
29.5121
29.4904
29.4629
29.4263
29.3811
29.3317
29.2784
29.2199
29.156
29.0848
29.0136
28.9487
28.9002
28.8596
28.8289
28.8114
28.8027
28.8005
28.8024
28.8098
28.8179
28.8237
28.8248
28.8263
28.8195
28.803
28.7784
28.746
28.7078
28.664
28.6207
28.5783
28.5404
28.5038
28.4707
28.4377
28.4079
28.3853
28.3644
28.3425
28.3176
28.2926
28.2639
28.2327
28.2018
28.1614
28.115
28.0616
28.0066
27.954
27.9048
27.8572
27.8168
27.7848
27.7601
27.7486
27.7413
27.7382
27.7441
27.7545
27.7686
27.7866
27.8037
27.8161
27.8221
27.8211
27.814
27.7993
27.7697
27.7365
27.6946
27.6463
27.5993
27.5598
27.5331
27.5145
27.5054
27.5002
27.4991
27.4984
27.5063
27.5196
27.5356
27.5547
27.5716
27.5883
27.6025
27.6151
27.6254
27.6382
27.6428
27.6474
27.6496
27.6449
27.6429
27.6378
27.6332
27.6287
27.6176
27.6018
27.5845
27.5654
27.5518
27.5451
27.5393
27.5387
27.5453
27.5584
27.5821
27.6041
27.6229
27.6392
27.6488
27.6628
27.6739
27.6824
27.6832
27.6788
27.6685
27.6673
27.674
27.6838
27.6896
27.69
27.6982
27.7157
27.7379
27.7693
27.8137
27.8675
27.9358
28.0031
28.0951
28.2147
28.3107
28.3956
28.4793
28.5591
28.6229
28.6786
28.7279
28.7864
28.836
28.8862
28.9325
28.9727
29.0219
29.074
29.1288
29.1775
29.223
29.2619
29.2986
29.4061
29.516
29.6315
29.7382
29.8442
29.9675
30.1108
30.2769
30.4952
30.7584
31.131
32.0407
32.9567
33.3328
33.56
33.7805
33.9707
34.1709
34.3651
34.5589
34.782
35.0103
35.2606
35.5663
35.9216
36.8205
37.7325
38.6482
39.5668
40.4898
41.4128
42.334
43.2532
44.1701
45.0851
45.997
46.9068
47.814
48.7173
49.6181
50.5145
51.4067
52.3004
53.1956
54.0921
54.9912
55.8913
56.7921
57.1577
57.6006
57.8881
58.1392
58.3885
58.5936
58.7722
58.9308
59.0689
59.1954
59.3245
59.4617
59.6181
59.8074
60.0079
60.2309
60.5629
60.8979
61.77
62.6523
63.5334
64.4153
65.2959
66.1777
67.0656
67.9575
68.4021
69.2915
70.1914
71.0923
71.5447
72.4409
72.8956
73.7955
74.2537
75.1524
76.0531
76.9531
77.8522
78.7515
79.6489
80.5464
81.4421
82.3366
83.2311
84.1291
85.0313
85.9324
86.8319
87.7292
88.6262
89.5213
90.4154
91.3078
92.1975
92.634
93.5106
94.3878
95.2619
95.6823
96.0919
96.4113
96.728
96.9985
97.1993
97.396
97.6081
97.8526
98.125
98.3999
98.7201
99.5808
100.452
100.786
101.001
101.161
101.311
101.442
101.557
101.656
101.739
101.839
101.947
102.074
102.231
102.427
102.731
103.122
103.96
104.273
104.571
104.757
104.947
105.138
105.372
105.638
106.492
107.358
108.229
108.652
109.069
109.35
109.542
109.704
109.847
110.015
110.202
110.495
110.871
111.25
111.631
112.021
112.409
112.803
113.203
113.612
114.028
114.456
114.889
115.329
115.777
116.235
116.704
117.171
117.632
118.094
118.551
119
119.444
119.875
120.301
120.701
121.072
121.471
121.884
122.303
122.726
123.172
123.628
124.099
124.575
125.069
125.568
126.081
126.607
127.129
127.655
128.183
128.724
129.272
129.831
130.394
130.97
131.554
132.141
132.748
133.366
133.971
134.56
135.128
135.637
136.094
136.404
135.973
135.518
135.807
136.31
136.826
137.387
137.934
138.489
139.038
139.559
140.087
140.6
141.043
141.425
140.988
140.522
140.048
139.566
139.077
138.579
138.073
137.559
137.037
136.505
135.964
135.415
134.855
134.286
133.707
133.117
132.517
131.906
131.284
130.651
130.006
129.348
128.678
128.991
129.181
129.673
130.256
130.853
131.545
132.302
133.11
133.974
134.876
135.789
136.7
137.585
138.417
139.226
139.999
140.547
141.098
140.465
139.771
139.058
138.328
137.58
136.814
136.029
135.224
135.5
134.716
133.865
132.989
133.246
132.391
132.649
131.764
132.018
131.099
130.096
129.061
127.994
126.895
125.761
124.592
123.386
122.141
120.854
119.524
118.149
116.726
115.253
113.727
112.144
110.503
108.799
107.03
105.19
104.978
103.136
101.107
98.983
98.6064
98.3452
98.4534
98.5952
98.9437
99.6266
100.368
101.073
101.703
102.217
102.746
103.069
100.48
97.457
97.2902
98.0706
99.3383
100.811
102.513
104.483
106.684
109.176
111.751
114.456
117.228
119.955
122.551
124.346
125.347
121.794
122.668
124.529
128.118
132.552
137.777
143.411
149.586
147.238
141.672
133.836
133.374
136.126
145.071
163.377
196.884
261.514
404.497
829.07
3094.35
