141.667    619.206    -0.032
141.718    617.707    -0.032
141.765    616.208    -0.031
141.807    614.709    -0.031
141.848    613.209    -0.031
141.891    611.710    -0.031
141.933    610.211    -0.031
141.975    608.711    -0.031
142.015    607.212    -0.031
142.055    605.713    -0.030
142.095    604.213    -0.030
142.135    602.714    -0.030
142.174    601.215    -0.030
142.214    599.715    -0.030
142.254    598.216    -0.030
142.292    596.717    -0.030
142.330    595.217    -0.029
142.373    593.718    -0.029
142.416    592.219    -0.029
142.460    590.719    -0.029
142.503    589.220    -0.029
142.548    587.721    -0.029
142.591    586.222    -0.029
142.635    584.722    -0.028
142.678    583.223    -0.028
142.722    581.724    -0.028
142.765    580.224    -0.028
142.809    578.726    -0.028
142.855    577.227    -0.028
142.899    575.728    -0.028
142.944    574.228    -0.028
142.988    572.729    -0.027
143.033    571.230    -0.027
143.077    569.731    -0.027
143.120    568.231    -0.027
143.164    566.732    -0.027
143.208    565.233    -0.027
143.251    563.734    -0.027
143.295    562.234    -0.026
143.338    560.735    -0.026
143.381    559.236    -0.026
143.422    557.736    -0.026
143.462    556.237    -0.026
143.504    554.738    -0.026
143.549    553.239    -0.026
143.594    551.739    -0.026
143.640    550.240    -0.025
143.685    548.741    -0.025
143.729    547.242    -0.025
143.774    545.742    -0.025
143.819    544.243    -0.025
143.864    542.744    -0.025
143.909    541.245    -0.025
143.955    539.745    -0.025
144.000    538.246    -0.024
144.046    536.747    -0.024
144.093    535.248    -0.024
144.140    533.749    -0.024
144.185    532.249    -0.024
144.230    530.750    -0.024
144.275    529.251    -0.024
144.322    527.753    -0.024
144.367    526.254    -0.023
144.411    524.754    -0.023
144.457    523.255    -0.023
144.502    521.756    -0.023
144.547    520.257    -0.023
144.591    518.757    -0.023
144.634    517.258    -0.023
144.675    515.759    -0.023
144.716    514.259    -0.022
144.758    512.760    -0.022
144.798    511.261    -0.022
144.839    509.761    -0.022
144.884    508.262    -0.022
144.929    506.763    -0.022
144.973    505.264    -0.022
145.018    503.764    -0.022
145.062    502.265    -0.021
145.107    500.766    -0.021
145.151    499.267    -0.021
145.195    497.767    -0.021
145.239    496.268    -0.021
145.283    494.769    -0.021
145.325    493.270    -0.021
145.367    491.770    -0.021
145.409    490.271    -0.021
145.451    488.772    -0.020
145.495    487.272    -0.020
145.539    485.773    -0.020
145.582    484.274    -0.020
145.625    482.775    -0.020
145.667    481.275    -0.020
145.712    479.776    -0.020
145.757    478.277    -0.020
145.803    476.778    -0.020
145.849    475.278    -0.019
145.896    473.779    -0.019
145.938    472.280    -0.019
145.980    470.781    -0.019
146.023    469.281    -0.019
146.067    467.782    -0.019
146.111    466.284    -0.019
146.155    464.784    -0.019
146.200    463.285    -0.019
146.244    461.786    -0.018
146.289    460.287    -0.018
146.333    458.787    -0.018
146.374    457.288    -0.018
146.416    455.789    -0.018
146.458    454.290    -0.018
146.503    452.790    -0.018
146.548    451.291    -0.018
146.593    449.792    -0.018
146.638    448.293    -0.017
146.684    446.793    -0.017
146.729    445.294    -0.017
146.774    443.795    -0.017
146.821    442.296    -0.017
146.866    440.796    -0.017
146.911    439.297    -0.017
146.954    437.798    -0.017
146.999    436.299    -0.017
147.042    434.799    -0.017
147.084    433.300    -0.016
147.131    431.801    -0.016
147.175    430.302    -0.016
147.217    428.802    -0.016
147.258    427.303    -0.016
147.300    425.804    -0.016
147.341    424.304    -0.016
147.382    422.805    -0.016
147.422    421.306    -0.016
147.464    419.806    -0.016
147.508    418.307    -0.015
147.551    416.808    -0.015
147.596    415.309    -0.015
147.639    413.809    -0.015
147.686    412.310    -0.015
147.734    410.811    -0.015
147.781    409.312    -0.015
147.825    407.814    -0.015
147.868    406.314    -0.015
147.913    404.815    -0.015
147.957    403.316    -0.015
148.001    401.816    -0.014
148.044    400.317    -0.014
148.088    398.818    -0.014
148.131    397.319    -0.014
148.174    395.819    -0.014
148.218    394.320    -0.014
148.260    392.821    -0.014
148.302    391.321    -0.014
148.342    389.822    -0.014
148.387    388.323    -0.014
148.433    386.824    -0.013
148.480    385.324    -0.013
148.526    383.825    -0.013
148.573    382.326    -0.013
148.619    380.827    -0.013
148.664    379.328    -0.013
148.707    377.828    -0.013
148.752    376.329    -0.013
148.795    374.830    -0.013
148.839    373.331    -0.013
148.883    371.831    -0.013
148.927    370.332    -0.013
148.969    368.833    -0.012
149.011    367.333    -0.012
149.054    365.834    -0.012
149.096    364.335    -0.012
149.138    362.836    -0.012
149.180    361.336    -0.012
149.222    359.837    -0.012
149.269    358.338    -0.012
149.316    356.839    -0.012
149.364    355.339    -0.012
149.411    353.840    -0.012
149.458    352.342    -0.012
149.505    350.843    -0.011
149.553    349.344    -0.011
149.592    347.844    -0.011
149.631    346.345    -0.011
149.672    344.846    -0.011
149.711    343.346    -0.011
149.750    341.847    -0.011
149.789    340.347    -0.011
149.831    338.848    -0.011
149.875    337.349    -0.011
149.918    335.850    -0.011
149.962    334.350    -0.011
150.005    332.851    -0.010
150.048    331.352    -0.010
150.091    329.852    -0.010
150.134    328.353    -0.010
150.177    326.854    -0.010
150.220    325.355    -0.010
150.262    323.855    -0.010
150.305    322.356    -0.010
150.347    320.857    -0.010
150.390    319.357    -0.010
150.431    317.858    -0.010
150.470    316.359    -0.010
150.510    314.859    -0.010
150.549    313.360    -0.009
150.589    311.861    -0.009
150.629    310.361    -0.009
150.669    308.862    -0.009
150.709    307.363    -0.009
150.748    305.863    -0.009
150.787    304.364    -0.009
150.826    302.864    -0.009
150.867    301.365    -0.009
150.906    299.866    -0.009
150.947    298.366    -0.009
150.989    296.867    -0.009
151.032    295.368    -0.009
151.073    293.868    -0.009
151.115    292.369    -0.009
151.156    290.870    -0.008
151.197    289.370    -0.008
151.241    287.871    -0.008
151.285    286.372    -0.008
151.331    284.873    -0.008
151.375    283.374    -0.008
151.420    281.874    -0.008
151.465    280.375    -0.008
151.507    278.876    -0.008
151.544    277.376    -0.008
151.582    275.877    -0.008
151.620    274.377    -0.008
151.657    272.878    -0.008
151.695    271.379    -0.008
151.735    269.879    -0.008
151.777    268.380    -0.007
151.818    266.881    -0.007
151.858    265.381    -0.007
151.900    263.882    -0.007
151.941    262.383    -0.007
151.982    260.883    -0.007
152.024    259.384    -0.007
152.068    257.885    -0.007
152.112    256.386    -0.007
152.156    254.886    -0.007
152.200    253.388    -0.007
152.244    251.889    -0.007
152.288    250.389    -0.007
152.327    248.890    -0.007
152.365    247.391    -0.007
152.402    245.891    -0.007
152.440    244.392    -0.007
152.477    242.892    -0.006
152.515    241.393    -0.006
152.552    239.894    -0.006
152.596    238.394    -0.006
152.640    236.895    -0.006
152.684    235.396    -0.006
152.727    233.897    -0.006
152.770    232.397    -0.006
152.815    230.898    -0.006
152.859    229.399    -0.006
152.905    227.900    -0.006
152.950    226.400    -0.006
152.997    224.901    -0.006
153.042    223.402    -0.006
153.088    221.903    -0.006
153.135    220.403    -0.006
153.181    218.904    -0.006
153.227    217.405    -0.006
153.273    215.906    -0.006
153.320    214.407    -0.005
153.366    212.907    -0.005
153.412    211.408    -0.005
