138.106    619.108    -0.032
138.153    617.608    -0.031
138.200    616.109    -0.031
138.246    614.610    -0.031
138.292    613.111    -0.031
138.340    611.612    -0.031
138.386    610.112    -0.031
138.432    608.613    -0.031
138.477    607.114    -0.030
138.522    605.615    -0.030
138.566    604.115    -0.030
138.610    602.616    -0.030
138.655    601.117    -0.030
138.699    599.618    -0.030
138.739    598.118    -0.030
138.780    596.619    -0.029
138.819    595.120    -0.029
138.859    593.620    -0.029
138.899    592.122    -0.029
138.939    590.622    -0.029
138.978    589.123    -0.029
139.019    587.624    -0.029
139.061    586.124    -0.029
139.101    584.625    -0.028
139.142    583.126    -0.028
139.182    581.626    -0.028
139.224    580.127    -0.028
139.267    578.628    -0.028
139.311    577.129    -0.028
139.355    575.629    -0.028
139.401    574.130    -0.027
139.445    572.631    -0.027
139.490    571.132    -0.027
139.535    569.632    -0.027
139.578    568.133    -0.027
139.620    566.634    -0.027
139.662    565.134    -0.027
139.705    563.635    -0.027
139.747    562.136    -0.026
139.790    560.637    -0.026
139.834    559.137    -0.026
139.881    557.638    -0.026
139.927    556.139    -0.026
139.973    554.640    -0.026
140.020    553.141    -0.026
140.066    551.641    -0.025
140.112    550.142    -0.025
140.157    548.643    -0.025
140.201    547.144    -0.025
140.244    545.644    -0.025
140.288    544.145    -0.025
140.332    542.646    -0.025
140.375    541.147    -0.025
140.418    539.647    -0.024
140.456    538.148    -0.024
140.495    536.648    -0.024
140.532    535.149    -0.024
140.569    533.650    -0.024
140.608    532.150    -0.024
140.645    530.651    -0.024
140.684    529.151    -0.024
140.728    527.652    -0.023
140.773    526.153    -0.023
140.817    524.654    -0.023
140.861    523.154    -0.023
140.905    521.655    -0.023
140.949    520.156    -0.023
140.993    518.658    -0.023
141.037    517.158    -0.023
141.081    515.659    -0.022
141.125    514.160    -0.022
141.169    512.661    -0.022
141.213    511.161    -0.022
141.258    509.662    -0.022
141.299    508.163    -0.022
141.339    506.663    -0.022
141.381    505.164    -0.022
141.421    503.665    -0.022
141.462    502.165    -0.021
141.503    500.666    -0.021
141.546    499.167    -0.021
141.590    497.668    -0.021
141.634    496.168    -0.021
141.679    494.669    -0.021
141.723    493.170    -0.021
141.767    491.671    -0.021
141.811    490.171    -0.020
141.857    488.672    -0.020
141.902    487.173    -0.020
141.947    485.674    -0.020
141.992    484.174    -0.020
142.038    482.675    -0.020
142.083    481.176    -0.020
142.129    479.677    -0.020
142.172    478.177    -0.020
142.214    476.678    -0.019
142.256    475.179    -0.019
142.298    473.679    -0.019
142.341    472.180    -0.019
142.383    470.681    -0.019
142.425    469.182    -0.019
142.466    467.682    -0.019
142.507    466.183    -0.019
142.547    464.684    -0.019
142.587    463.184    -0.018
142.628    461.685    -0.018
142.668    460.186    -0.018
142.721    458.686    -0.018
142.779    457.189    -0.018
142.838    455.690    -0.018
142.888    454.191    -0.018
142.929    452.691    -0.018
142.972    451.192    -0.018
143.013    449.693    -0.018
143.057    448.193    -0.017
143.101    446.694    -0.017
143.146    445.195    -0.017
143.190    443.696    -0.017
143.234    442.196    -0.017
143.277    440.697    -0.017
143.321    439.198    -0.017
143.361    437.698    -0.017
143.402    436.199    -0.017
143.443    434.700    -0.016
143.483    433.200    -0.016
143.524    431.701    -0.016
143.564    430.202    -0.016
143.605    428.702    -0.016
143.644    427.203    -0.016
143.683    425.704    -0.016
143.723    424.204    -0.016
143.762    422.705    -0.016
143.801    421.205    -0.016
143.840    419.706    -0.015
143.889    418.207    -0.015
143.936    416.708    -0.015
143.984    415.209    -0.015
144.032    413.709    -0.015
144.080    412.210    -0.015
144.128    410.712    -0.015
144.174    409.213    -0.015
144.216    407.714    -0.015
144.258    406.214    -0.015
144.300    404.715    -0.015
144.343    403.216    -0.014
144.386    401.716    -0.014
144.427    400.217    -0.014
144.468    398.718    -0.014
144.509    397.218    -0.014
144.549    395.719    -0.014
144.589    394.220    -0.014
144.630    392.720    -0.014
144.671    391.221    -0.014
144.711    389.722    -0.014
144.755    388.222    -0.013
144.799    386.723    -0.013
144.846    385.224    -0.013
144.891    383.725    -0.013
144.935    382.225    -0.013
144.981    380.726    -0.013
145.024    379.227    -0.013
145.065    377.728    -0.013
145.106    376.228    -0.013
145.147    374.729    -0.013
145.188    373.230    -0.013
145.228    371.730    -0.013
145.270    370.231    -0.012
145.313    368.732    -0.012
145.357    367.232    -0.012
145.402    365.733    -0.012
145.447    364.234    -0.012
145.492    362.735    -0.012
145.536    361.235    -0.012
145.581    359.736    -0.012
145.624    358.237    -0.012
145.665    356.738    -0.012
145.706    355.238    -0.012
145.747    353.739    -0.012
145.788    352.240    -0.011
145.829    350.740    -0.011
145.870    349.241    -0.011
145.914    347.742    -0.011
145.958    346.242    -0.011
146.002    344.743    -0.011
146.047    343.244    -0.011
146.091    341.745    -0.011
146.134    340.245    -0.011
146.177    338.746    -0.011
146.220    337.247    -0.011
146.262    335.749    -0.011
146.304    334.249    -0.010
146.346    332.750    -0.010
146.389    331.251    -0.010
146.431    329.751    -0.010
146.473    328.252    -0.010
146.516    326.753    -0.010
146.558    325.253    -0.010
146.600    323.754    -0.010
146.642    322.255    -0.010
146.684    320.756    -0.010
146.725    319.256    -0.010
146.766    317.757    -0.010
146.807    316.258    -0.010
146.847    314.758    -0.009
146.887    313.259    -0.009
146.928    311.759    -0.009
146.968    310.260    -0.009
147.012    308.761    -0.009
147.058    307.262    -0.009
147.104    305.762    -0.009
147.150    304.263    -0.009
147.195    302.764    -0.009
147.240    301.265    -0.009
147.287    299.766    -0.009
147.333    298.266    -0.009
147.379    296.767    -0.009
147.425    295.268    -0.009
147.472    293.769    -0.008
147.518    292.270    -0.008
147.565    290.770    -0.008
147.609    289.271    -0.008
147.650    287.772    -0.008
147.689    286.272    -0.008
147.729    284.773    -0.008
147.771    283.274    -0.008
147.811    281.774    -0.008
147.851    280.275    -0.008
147.893    278.776    -0.008
147.936    277.276    -0.008
147.979    275.777    -0.008
148.021    274.278    -0.008
148.066    272.779    -0.008
148.109    271.279    -0.008
148.151    269.780    -0.007
148.193    268.281    -0.007
148.233    266.781    -0.007
148.273    265.282    -0.007
148.313    263.783    -0.007
148.353    262.283    -0.007
148.394    260.785    -0.007
148.436    259.286    -0.007
148.480    257.786    -0.007
148.526    256.287    -0.007
148.571    254.788    -0.007
148.616    253.289    -0.007
148.661    251.789    -0.007
148.706    250.290    -0.007
148.747    248.791    -0.007
148.785    247.291    -0.007
148.826    245.792    -0.006
148.865    244.293    -0.006
148.903    242.793    -0.006
148.943    241.294    -0.006
148.984    239.795    -0.006
149.028    238.295    -0.006
149.072    236.796    -0.006
149.117    235.297    -0.006
149.162    233.798    -0.006
149.206    232.298    -0.006
149.250    230.799    -0.006
149.294    229.300    -0.006
149.336    227.801    -0.006
149.377    226.301    -0.006
149.419    224.802    -0.006
149.462    223.303    -0.006
149.504    221.803    -0.006
149.545    220.304    -0.006
149.589    218.805    -0.006
149.631    217.305    -0.005
149.674    215.806    -0.005
149.716    214.307    -0.005
149.759    212.808    -0.005
149.802    211.308    -0.005
