145.130    619.303    -0.032
145.174    617.804    -0.032
145.218    616.304    -0.032
145.263    614.805    -0.031
145.308    613.306    -0.031
145.354    611.807    -0.031
145.397    610.307    -0.031
145.435    608.808    -0.031
145.473    607.309    -0.031
145.517    605.809    -0.031
145.562    604.310    -0.030
145.607    602.811    -0.030
145.649    601.311    -0.030
145.688    599.812    -0.030
145.736    598.313    -0.030
145.786    596.814    -0.030
145.834    595.315    -0.030
145.879    593.816    -0.029
145.924    592.317    -0.029
145.969    590.818    -0.029
146.017    589.319    -0.029
146.064    587.820    -0.029
146.106    586.320    -0.029
146.149    584.821    -0.029
146.191    583.322    -0.028
146.232    581.822    -0.028
146.273    580.323    -0.028
146.316    578.824    -0.028
146.360    577.324    -0.028
146.403    575.825    -0.028
146.446    574.326    -0.028
146.488    572.827    -0.027
146.531    571.327    -0.027
146.576    569.828    -0.027
146.621    568.329    -0.027
146.666    566.830    -0.027
146.708    565.330    -0.027
146.751    563.831    -0.027
146.786    562.332    -0.027
146.818    560.832    -0.026
146.857    559.333    -0.026
146.905    557.833    -0.026
146.950    556.334    -0.026
146.990    554.835    -0.026
147.030    553.335    -0.026
147.074    551.836    -0.026
147.121    550.337    -0.026
147.167    548.838    -0.025
147.213    547.339    -0.025
147.259    545.839    -0.025
147.306    544.340    -0.025
147.354    542.841    -0.025
147.401    541.342    -0.025
147.446    539.843    -0.025
147.490    538.344    -0.024
147.533    536.845    -0.024
147.578    535.346    -0.024
147.621    533.847    -0.024
147.665    532.347    -0.024
147.710    530.848    -0.024
147.757    529.349    -0.024
147.803    527.850    -0.024
147.850    526.350    -0.023
147.895    524.851    -0.023
147.939    523.352    -0.023
147.984    521.853    -0.023
148.028    520.353    -0.023
148.072    518.854    -0.023
148.113    517.355    -0.023
148.154    515.856    -0.023
148.196    514.356    -0.023
148.241    512.857    -0.022
148.286    511.358    -0.022
148.332    509.859    -0.022
148.376    508.359    -0.022
148.418    506.860    -0.022
148.460    505.361    -0.022
148.504    503.861    -0.022
148.546    502.362    -0.022
148.591    500.863    -0.021
148.637    499.364    -0.021
148.683    497.864    -0.021
148.727    496.365    -0.021
148.770    494.866    -0.021
148.814    493.367    -0.021
148.855    491.867    -0.021
148.895    490.368    -0.021
148.935    488.869    -0.021
148.976    487.369    -0.020
149.016    485.870    -0.020
149.056    484.371    -0.020
149.096    482.871    -0.020
149.134    481.372    -0.020
149.177    479.873    -0.020
149.224    478.373    -0.020
149.270    476.874    -0.020
149.313    475.376    -0.020
149.355    473.877    -0.019
149.398    472.377    -0.019
149.448    470.878    -0.019
149.497    469.379    -0.019
149.544    467.880    -0.019
149.594    466.381    -0.019
149.630    464.881    -0.019
149.665    463.382    -0.019
149.705    461.882    -0.019
149.748    460.383    -0.018
149.791    458.884    -0.018
149.834    457.385    -0.018
149.877    455.885    -0.018
149.922    454.386    -0.018
149.965    452.887    -0.018
150.009    451.387    -0.018
150.053    449.888    -0.018
150.096    448.389    -0.018
150.141    446.890    -0.017
150.185    445.390    -0.017
150.227    443.891    -0.017
150.268    442.392    -0.017
150.309    440.892    -0.017
150.357    439.393    -0.017
150.404    437.894    -0.017
150.452    436.395    -0.017
150.495    434.896    -0.017
150.539    433.396    -0.017
150.581    431.897    -0.016
150.623    430.398    -0.016
150.665    428.898    -0.016
150.708    427.399    -0.016
150.750    425.900    -0.016
150.792    424.401    -0.016
150.838    422.901    -0.016
150.883    421.402    -0.016
150.929    419.904    -0.016
150.974    418.405    -0.016
151.022    416.906    -0.015
151.068    415.406    -0.015
151.109    413.907    -0.015
151.151    412.408    -0.015
151.192    410.908    -0.015
151.236    409.409    -0.015
151.281    407.910    -0.015
151.326    406.411    -0.015
151.370    404.911    -0.015
151.410    403.412    -0.015
151.450    401.913    -0.014
151.491    400.413    -0.014
151.533    398.914    -0.014
151.581    397.415    -0.014
151.630    395.916    -0.014
151.678    394.417    -0.014
151.718    392.917    -0.014
151.756    391.418    -0.014
151.795    389.918    -0.014
151.833    388.419    -0.014
151.871    386.920    -0.014
151.912    385.420    -0.013
151.952    383.921    -0.013
151.996    382.422    -0.013
152.040    380.922    -0.013
152.085    379.423    -0.013
152.128    377.924    -0.013
152.172    376.425    -0.013
152.215    374.925    -0.013
152.258    373.426    -0.013
152.301    371.927    -0.013
152.343    370.427    -0.013
152.387    368.928    -0.013
152.429    367.429    -0.012
152.471    365.930    -0.012
152.514    364.430    -0.012
152.556    362.931    -0.012
152.595    361.432    -0.012
152.634    359.932    -0.012
152.674    358.433    -0.012
152.715    356.934    -0.012
152.756    355.434    -0.012
152.798    353.935    -0.012
152.841    352.436    -0.012
152.883    350.936    -0.012
152.925    349.437    -0.011
152.967    347.938    -0.011
153.009    346.438    -0.011
153.049    344.939    -0.011
153.092    343.440    -0.011
153.137    341.941    -0.011
153.182    340.442    -0.011
153.226    338.943    -0.011
153.269    337.444    -0.011
153.314    335.944    -0.011
153.357    334.445    -0.011
153.396    332.946    -0.011
153.437    331.446    -0.010
153.476    329.847    -0.010
153.508    328.448    -0.010
153.542    326.948    -0.010
153.577    325.449    -0.010
153.620    323.949    -0.010
153.668    322.450    -0.010
153.714    320.951    -0.010
153.750    319.451    -0.010
153.785    317.952    -0.010
153.823    316.453    -0.010
153.867    314.953    -0.010
153.909    313.454    -0.010
153.951    311.955    -0.010
153.993    310.455    -0.009
154.034    308.956    -0.009
154.076    307.457    -0.009
154.118    305.957    -0.009
154.160    304.458    -0.009
154.202    302.959    -0.009
154.244    301.460    -0.009
154.288    299.960    -0.009
154.333    298.461    -0.009
154.377    296.962    -0.009
154.421    295.463    -0.009
154.466    293.963    -0.009
154.511    292.464    -0.009
154.555    290.965    -0.009
154.597    289.466    -0.008
154.639    287.966    -0.008
154.680    286.467    -0.008
154.722    284.968    -0.008
154.765    283.468    -0.008
154.810    281.969    -0.008
154.853    280.470    -0.008
154.896    278.970    -0.008
154.941    277.471    -0.008
154.985    275.972    -0.008
155.028    274.473    -0.008
155.072    272.973    -0.008
155.116    271.474    -0.008
155.160    269.975    -0.008
155.205    268.476    -0.008
155.249    266.977    -0.007
155.295    265.478    -0.007
155.339    263.979    -0.007
155.382    262.480    -0.007
155.426    260.980    -0.007
155.469    259.481    -0.007
155.511    257.982    -0.007
155.547    256.482    -0.007
155.584    254.983    -0.007
155.627    253.484    -0.007
155.675    251.984    -0.007
155.723    250.485    -0.007
155.772    248.986    -0.007
155.820    247.487    -0.007
155.868    245.988    -0.007
155.916    244.489    -0.007
155.962    242.989    -0.007
156.008    241.490    -0.006
156.052    239.991    -0.006
156.091    238.492    -0.006
156.128    236.992    -0.006
156.165    235.493    -0.006
156.261    234.599    -0.006
156.446    232.910    -0.006
156.586    231.416    -0.006
156.728    229.923    -0.006
156.876    228.431    -0.006
157.026    226.938    -0.006
157.172    225.647    -0.006
157.298    223.453    -0.006
157.334    221.954    -0.006
157.371    220.454    -0.006
157.408    218.955    -0.006
157.444    217.455    -0.006
157.483    215.956    -0.006
157.525    214.557    -0.006
157.574    212.957    -0.006
157.619    211.458    -0.005
