139.937    619.158    -0.032
139.978    617.658    -0.032
140.016    616.159    -0.031
140.056    614.660    -0.031
140.097    613.160    -0.031
140.136    611.661    -0.031
140.176    610.161    -0.031
140.217    608.662    -0.031
140.256    607.163    -0.031
140.295    605.663    -0.030
140.335    604.164    -0.030
140.375    602.665    -0.030
140.415    601.165    -0.030
140.454    599.666    -0.030
140.493    598.167    -0.030
140.533    596.667    -0.030
140.570    595.168    -0.029
140.608    593.668    -0.029
140.647    592.169    -0.029
140.685    590.670    -0.029
140.723    589.170    -0.029
140.761    587.671    -0.029
140.800    586.171    -0.029
140.838    584.672    -0.028
140.875    583.173    -0.028
140.914    581.673    -0.028
140.961    580.174    -0.028
141.009    578.675    -0.028
141.057    577.176    -0.028
141.107    575.677    -0.028
141.155    574.177    -0.027
141.204    572.678    -0.027
141.253    571.180    -0.027
141.302    569.681    -0.027
141.351    568.182    -0.027
141.399    566.683    -0.027
141.449    565.184    -0.027
141.496    563.684    -0.027
141.539    562.185    -0.026
141.581    560.686    -0.026
141.624    559.186    -0.026
141.666    557.687    -0.026
141.709    556.188    -0.026
141.752    554.689    -0.026
141.795    553.189    -0.026
141.837    551.690    -0.026
141.880    550.191    -0.025
141.923    548.691    -0.025
141.965    547.192    -0.025
142.007    545.693    -0.025
142.052    544.194    -0.025
142.099    542.694    -0.025
142.145    541.195    -0.025
142.191    539.696    -0.024
142.239    538.197    -0.024
142.286    536.698    -0.024
142.332    535.198    -0.024
142.379    533.699    -0.024
142.426    532.200    -0.024
142.472    530.701    -0.024
142.519    529.203    -0.024
142.566    527.703    -0.023
142.610    526.204    -0.023
142.654    524.705    -0.023
142.698    523.206    -0.023
142.744    521.706    -0.023
142.788    520.207    -0.023
142.832    518.708    -0.023
142.877    517.209    -0.023
142.921    515.709    -0.023
142.966    514.210    -0.022
143.007    512.711    -0.022
143.040    511.211    -0.022
143.071    509.712    -0.022
143.103    508.212    -0.022
143.135    506.713    -0.022
143.169    505.213    -0.022
143.200    503.714    -0.022
143.232    502.214    -0.021
143.265    500.715    -0.021
143.296    499.215    -0.021
143.335    497.716    -0.021
143.382    496.216    -0.021
143.431    494.717    -0.021
143.478    493.218    -0.021
143.525    491.719    -0.021
143.574    490.220    -0.021
143.621    488.721    -0.020
143.668    487.221    -0.020
143.716    485.722    -0.020
143.764    484.223    -0.020
143.811    482.724    -0.020
143.858    481.225    -0.020
143.905    479.725    -0.020
143.952    478.227    -0.020
143.997    476.728    -0.019
144.043    475.229    -0.019
144.089    473.730    -0.019
144.135    472.230    -0.019
144.180    470.731    -0.019
144.226    469.232    -0.019
144.272    467.733    -0.019
144.318    466.234    -0.019
144.363    464.734    -0.019
144.409    463.235    -0.019
144.454    461.736    -0.018
144.500    460.237    -0.018
144.548    458.737    -0.018
144.597    457.238    -0.018
144.644    455.739    -0.018
144.691    454.240    -0.018
144.739    452.741    -0.018
144.787    451.242    -0.018
144.835    449.742    -0.018
144.882    448.243    -0.017
144.931    446.744    -0.017
144.975    445.245    -0.017
145.016    443.746    -0.017
145.057    442.246    -0.017
145.098    440.748    -0.017
145.139    439.249    -0.017
145.180    437.749    -0.017
145.221    436.250    -0.017
145.262    434.751    -0.017
145.303    433.251    -0.016
145.344    431.752    -0.016
145.386    430.253    -0.016
145.429    428.753    -0.016
145.475    427.254    -0.016
145.520    425.755    -0.016
145.566    424.256    -0.016
145.612    422.756    -0.016
145.657    421.257    -0.016
145.703    419.758    -0.016
145.749    418.259    -0.015
145.794    416.760    -0.015
145.840    415.260    -0.015
145.886    413.761    -0.015
145.932    412.262    -0.015
145.978    410.763    -0.015
146.024    409.263    -0.015
146.072    407.764    -0.015
146.119    406.265    -0.015
146.165    404.766    -0.015
146.213    403.267    -0.014
146.260    401.768    -0.014
146.306    400.268    -0.014
146.353    398.769    -0.014
146.401    397.270    -0.014
146.447    395.771    -0.014
146.489    394.272    -0.014
146.527    392.773    -0.014
146.565    391.274    -0.014
146.603    389.774    -0.014
146.641    388.275    -0.014
146.680    386.775    -0.013
146.719    385.276    -0.013
146.756    383.777    -0.013
146.794    382.277    -0.013
146.834    380.778    -0.013
146.873    379.278    -0.013
146.913    377.779    -0.013
146.954    376.280    -0.013
146.995    374.780    -0.013
147.035    373.281    -0.013
147.075    371.782    -0.013
147.117    370.282    -0.012
147.157    368.783    -0.012
147.197    367.284    -0.012
147.239    365.784    -0.012
147.279    364.285    -0.012
147.320    362.786    -0.012
147.360    361.286    -0.012
147.402    359.787    -0.012
147.444    358.288    -0.012
147.485    356.788    -0.012
147.526    355.289    -0.012
147.568    353.790    -0.012
147.609    352.290    -0.011
147.651    350.791    -0.011
147.693    349.292    -0.011
147.734    347.793    -0.011
147.778    346.293    -0.011
147.826    344.794    -0.011
147.875    343.295    -0.011
147.922    341.796    -0.011
147.969    340.297    -0.011
148.017    338.797    -0.011
148.065    337.298    -0.011
148.113    335.799    -0.011
148.160    334.300    -0.011
148.208    332.801    -0.010
148.255    331.302    -0.010
148.301    329.802    -0.010
148.346    328.303    -0.010
148.393    326.804    -0.010
148.439    325.305    -0.010
148.484    323.806    -0.010
148.531    322.307    -0.010
148.577    320.808    -0.010
148.622    319.309    -0.010
148.666    317.810    -0.010
148.712    316.310    -0.010
148.756    314.811    -0.010
148.800    313.312    -0.009
148.844    311.813    -0.009
148.889    310.313    -0.009
148.933    308.814    -0.009
148.977    307.315    -0.009
149.022    305.816    -0.009
149.067    304.316    -0.009
149.110    302.817    -0.009
149.154    301.318    -0.009
149.198    299.819    -0.009
149.242    298.319    -0.009
149.285    296.820    -0.009
149.329    295.321    -0.009
149.373    293.821    -0.009
149.417    292.322    -0.008
149.460    290.823    -0.008
149.505    289.324    -0.008
149.548    287.824    -0.008
149.591    286.325    -0.008
149.630    284.826    -0.008
149.669    283.326    -0.008
149.707    281.827    -0.008
149.745    280.328    -0.008
149.784    278.828    -0.008
149.822    277.329    -0.008
149.859    275.829    -0.008
149.897    274.330    -0.008
149.936    272.831    -0.008
149.974    271.331    -0.008
150.012    269.832    -0.007
150.051    268.332    -0.007
150.089    266.833    -0.007
150.126    265.334    -0.007
150.164    263.834    -0.007
150.202    262.335    -0.007
150.240    260.835    -0.007
150.277    259.336    -0.007
150.315    257.837    -0.007
150.354    256.337    -0.007
150.391    254.838    -0.007
150.428    253.338    -0.007
150.467    251.839    -0.007
150.505    250.340    -0.007
150.543    248.840    -0.007
150.581    247.341    -0.007
150.620    245.841    -0.007
150.659    244.342    -0.006
150.697    242.843    -0.006
150.736    241.343    -0.006
150.774    239.844    -0.006
150.813    238.344    -0.006
150.850    236.845    -0.006
150.890    235.346    -0.006
150.928    233.846    -0.006
150.967    232.347    -0.006
151.005    230.847    -0.006
151.044    229.348    -0.006
151.082    227.849    -0.006
151.120    226.349    -0.006
151.159    224.850    -0.006
151.198    223.351    -0.006
151.241    221.851    -0.006
151.288    220.352    -0.006
151.336    218.853    -0.006
151.384    217.355    -0.006
151.431    215.856    -0.005
151.480    214.356    -0.005
151.528    212.857    -0.005
151.575    211.358    -0.005
