143.399    619.255    -0.032
143.448    617.756    -0.032
143.492    616.257    -0.031
143.533    614.757    -0.031
143.577    613.258    -0.031
143.622    611.759    -0.031
143.666    610.260    -0.031
143.705    608.760    -0.031
143.747    607.261    -0.031
143.791    605.762    -0.030
143.832    604.262    -0.030
143.871    602.763    -0.030
143.910    601.264    -0.030
143.952    599.764    -0.030
143.999    598.265    -0.030
144.042    596.766    -0.030
144.081    595.266    -0.029
144.126    593.767    -0.029
144.171    592.268    -0.029
144.214    590.769    -0.029
144.260    589.269    -0.029
144.305    587.771    -0.029
144.348    586.272    -0.029
144.390    584.773    -0.029
144.435    583.273    -0.028
144.478    581.774    -0.028
144.520    580.275    -0.028
144.562    578.775    -0.028
144.606    577.276    -0.028
144.651    575.777    -0.028
144.694    574.278    -0.028
144.738    572.778    -0.027
144.782    571.279    -0.027
144.826    569.780    -0.027
144.871    568.281    -0.027
144.915    566.781    -0.027
144.958    565.282    -0.027
145.001    563.783    -0.027
145.045    562.284    -0.027
145.082    560.784    -0.026
145.119    559.285    -0.026
145.165    557.785    -0.026
145.207    556.286    -0.026
145.247    554.787    -0.026
145.288    553.288    -0.026
145.334    551.788    -0.026
145.380    550.289    -0.025
145.426    548.790    -0.025
145.471    547.291    -0.025
145.517    545.791    -0.025
145.561    544.292    -0.025
145.606    542.793    -0.025
145.654    541.294    -0.025
145.700    539.795    -0.025
145.744    538.295    -0.024
145.789    536.796    -0.024
145.836    535.297    -0.024
145.880    533.798    -0.024
145.925    532.298    -0.024
145.970    530.800    -0.024
146.017    529.301    -0.024
146.063    527.802    -0.024
146.108    526.302    -0.023
146.153    524.803    -0.023
146.199    523.304    -0.023
146.243    521.805    -0.023
146.288    520.306    -0.023
146.332    518.806    -0.023
146.373    517.307    -0.023
146.414    515.808    -0.023
146.456    514.308    -0.022
146.502    512.809    -0.022
146.546    511.310    -0.022
146.586    509.810    -0.022
146.629    508.311    -0.022
146.673    506.812    -0.022
146.718    505.313    -0.022
146.762    503.813    -0.022
146.807    502.314    -0.022
146.849    500.815    -0.021
146.895    499.316    -0.021
146.940    497.816    -0.021
146.983    496.317    -0.021
147.027    494.818    -0.021
147.069    493.319    -0.021
147.112    491.819    -0.021
147.152    490.320    -0.021
147.192    488.821    -0.020
147.233    487.321    -0.020
147.276    485.822    -0.020
147.318    484.323    -0.020
147.362    482.823    -0.020
147.404    481.324    -0.020
147.444    479.825    -0.020
147.490    478.326    -0.020
147.536    476.826    -0.020
147.583    475.327    -0.019
147.625    473.828    -0.019
147.667    472.329    -0.019
147.712    470.829    -0.019
147.760    469.331    -0.019
147.808    467.832    -0.019
147.852    466.333    -0.019
147.897    464.833    -0.019
147.941    463.334    -0.019
147.979    461.835    -0.018
148.018    460.335    -0.018
148.062    458.836    -0.018
148.104    457.337    -0.018
148.147    455.838    -0.018
148.191    454.338    -0.018
148.235    452.839    -0.018
148.279    451.340    -0.018
148.322    449.840    -0.018
148.367    448.341    -0.018
148.412    446.842    -0.017
148.458    445.343    -0.017
148.503    443.844    -0.017
148.548    442.344    -0.017
148.589    440.845    -0.017
148.634    439.346    -0.017
148.682    437.847    -0.017
148.726    436.347    -0.017
148.769    434.848    -0.017
148.811    433.349    -0.017
148.856    431.849    -0.016
148.899    430.350    -0.016
148.941    428.851    -0.016
148.984    427.352    -0.016
149.025    425.852    -0.016
149.066    424.353    -0.016
149.107    422.854    -0.016
149.151    421.354    -0.016
149.196    419.855    -0.016
149.242    418.356    -0.016
149.289    416.857    -0.015
149.332    415.357    -0.015
149.374    413.858    -0.015
149.416    412.360    -0.015
149.464    410.861    -0.015
149.508    409.361    -0.015
149.553    407.862    -0.015
149.597    406.363    -0.015
149.641    404.864    -0.015
149.685    403.364    -0.015
149.727    401.865    -0.014
149.768    400.366    -0.014
149.810    398.866    -0.014
149.853    397.367    -0.014
149.899    395.868    -0.014
149.947    394.369    -0.014
149.991    392.870    -0.014
150.031    391.370    -0.014
150.069    389.871    -0.014
150.108    388.371    -0.014
150.147    386.872    -0.014
150.192    385.373    -0.013
150.239    383.874    -0.013
150.286    382.374    -0.013
150.330    380.875    -0.013
150.374    379.376    -0.013
150.418    377.877    -0.013
150.462    376.377    -0.013
150.505    374.878    -0.013
150.550    373.379    -0.013
150.593    371.880    -0.013
150.635    370.380    -0.013
150.678    368.881    -0.012
150.721    367.382    -0.012
150.764    365.882    -0.012
150.805    364.383    -0.012
150.847    362.884    -0.012
150.889    361.384    -0.012
150.928    359.885    -0.012
150.970    358.386    -0.012
151.018    356.887    -0.012
151.064    355.387    -0.012
151.105    353.888    -0.012
151.150    352.389    -0.012
151.197    350.891    -0.011
151.239    349.391    -0.011
151.280    347.892    -0.011
151.322    346.393    -0.011
151.361    344.893    -0.011
151.401    343.394    -0.011
151.439    341.895    -0.011
151.484    340.395    -0.011
151.528    338.896    -0.011
151.572    337.397    -0.011
151.616    335.898    -0.011
151.660    334.398    -0.011
151.703    332.899    -0.011
151.744    331.400    -0.010
151.784    329.900    -0.010
151.818    328.401    -0.010
151.854    326.901    -0.010
151.897    325.402    -0.010
151.940    323.903    -0.010
151.982    322.403    -0.010
152.029    320.904    -0.010
152.071    319.405    -0.010
152.107    317.906    -0.010
152.149    316.406    -0.010
152.190    314.907    -0.010
152.231    313.408    -0.010
152.270    311.908    -0.009
152.311    310.409    -0.009
152.351    308.910    -0.009
152.395    307.410    -0.009
152.437    305.911    -0.009
152.476    304.412    -0.009
152.516    302.912    -0.009
152.556    301.413    -0.009
152.597    299.914    -0.009
152.640    298.414    -0.009
152.684    296.915    -0.009
152.726    295.416    -0.009
152.767    293.916    -0.009
152.813    292.417    -0.009
152.855    290.918    -0.008
152.896    289.418    -0.008
152.937    287.919    -0.008
152.982    286.420    -0.008
153.027    284.921    -0.008
153.072    283.421    -0.008
153.115    281.922    -0.008
153.159    280.423    -0.008
153.203    278.924    -0.008
153.246    277.424    -0.008
153.288    275.925    -0.008
153.325    274.426    -0.008
153.362    272.926    -0.008
153.405    271.427    -0.008
153.449    269.928    -0.008
153.491    268.428    -0.008
153.536    266.929    -0.007
153.580    265.430    -0.007
153.620    263.931    -0.007
153.661    262.432    -0.007
153.703    260.933    -0.007
153.747    259.434    -0.007
153.785    257.934    -0.007
153.823    256.435    -0.007
153.868    254.936    -0.007
153.912    253.436    -0.007
153.956    251.937    -0.007
154.005    250.438    -0.007
154.054    248.939    -0.007
154.102    247.440    -0.007
154.139    245.940    -0.007
154.176    244.441    -0.007
154.214    242.941    -0.007
154.257    241.442    -0.006
154.302    239.943    -0.006
154.340    238.443    -0.006
154.380    236.944    -0.006
154.423    235.445    -0.006
154.467    233.946    -0.006
154.508    232.546    -0.006
154.665    231.156    -0.006
154.806    229.663    -0.006
154.955    228.170    -0.006
155.018    226.471    -0.006
155.066    224.972    -0.006
155.111    223.474    -0.006
155.214    221.979    -0.006
155.251    220.479    -0.006
155.288    218.980    -0.006
155.332    217.481    -0.006
155.378    215.981    -0.006
155.423    214.482    -0.006
155.470    212.983    -0.005
155.514    211.484    -0.005
