136.388    619.059    -0.032
136.428    617.560    -0.031
136.469    616.060    -0.031
136.515    614.561    -0.031
136.561    613.062    -0.031
136.609    611.563    -0.031
136.651    610.063    -0.031
136.691    608.564    -0.031
136.731    607.065    -0.030
136.774    605.565    -0.030
136.818    604.066    -0.030
136.862    602.567    -0.030
136.907    601.068    -0.030
136.947    599.568    -0.030
136.991    598.069    -0.030
137.037    596.570    -0.029
137.080    595.071    -0.029
137.119    593.571    -0.029
137.159    592.072    -0.029
137.201    590.573    -0.029
137.247    589.073    -0.029
137.291    587.574    -0.029
137.335    586.075    -0.028
137.376    584.577    -0.028
137.417    583.077    -0.028
137.457    581.578    -0.028
137.501    580.079    -0.028
137.545    578.579    -0.028
137.586    577.080    -0.028
137.629    575.581    -0.028
137.674    574.081    -0.027
137.719    572.582    -0.027
137.762    571.083    -0.027
137.804    569.584    -0.027
137.849    568.084    -0.027
137.893    566.585    -0.027
137.936    565.086    -0.027
137.979    563.587    -0.026
138.021    562.087    -0.026
138.064    560.588    -0.026
138.108    559.089    -0.026
138.149    557.589    -0.026
138.191    556.090    -0.026
138.237    554.591    -0.026
138.283    553.092    -0.026
138.330    551.592    -0.025
138.372    550.093    -0.025
138.413    548.594    -0.025
138.456    547.095    -0.025
138.498    545.595    -0.025
138.541    544.096    -0.025
138.585    542.597    -0.025
138.628    541.097    -0.025
138.670    539.598    -0.024
138.709    538.099    -0.024
138.750    536.599    -0.024
138.788    535.100    -0.024
138.826    533.601    -0.024
138.863    532.101    -0.024
138.903    530.602    -0.024
138.944    529.102    -0.024
138.988    527.603    -0.023
139.032    526.104    -0.023
139.077    524.605    -0.023
139.121    523.105    -0.023
139.164    521.606    -0.023
139.209    520.107    -0.023
139.253    518.608    -0.023
139.296    517.108    -0.023
139.340    515.609    -0.022
139.384    514.110    -0.022
139.428    512.611    -0.022
139.471    511.112    -0.022
139.516    509.613    -0.022
139.559    508.114    -0.022
139.602    506.615    -0.022
139.642    505.115    -0.022
139.684    503.616    -0.021
139.725    502.117    -0.021
139.767    500.617    -0.021
139.809    499.118    -0.021
139.850    497.619    -0.021
139.894    496.119    -0.021
139.938    494.620    -0.021
139.983    493.121    -0.021
140.023    491.621    -0.021
140.062    490.122    -0.020
140.107    488.623    -0.020
140.156    487.124    -0.020
140.202    485.625    -0.020
140.247    484.125    -0.020
140.293    482.626    -0.020
140.339    481.127    -0.020
140.387    479.628    -0.020
140.431    478.128    -0.020
140.475    476.629    -0.019
140.517    475.130    -0.019
140.559    473.631    -0.019
140.601    472.131    -0.019
140.645    470.632    -0.019
140.686    469.133    -0.019
140.722    467.633    -0.019
140.761    466.134    -0.019
140.801    464.634    -0.019
140.842    463.135    -0.018
140.882    461.636    -0.018
140.920    460.136    -0.018
140.965    458.637    -0.018
141.020    457.138    -0.018
141.078    455.640    -0.018
141.129    454.141    -0.018
141.171    452.642    -0.018
141.214    451.143    -0.018
141.266    449.643    -0.017
141.308    448.144    -0.017
141.349    446.645    -0.017
141.393    445.146    -0.017
141.438    443.646    -0.017
141.481    442.147    -0.017
141.524    440.648    -0.017
141.566    439.148    -0.017
141.605    437.649    -0.017
141.643    436.150    -0.017
141.684    434.650    -0.016
141.725    433.151    -0.016
141.766    431.652    -0.016
141.805    430.152    -0.016
141.846    428.653    -0.016
141.887    427.154    -0.016
141.926    425.654    -0.016
141.965    424.155    -0.016
142.005    422.656    -0.016
142.045    421.156    -0.016
142.085    419.657    -0.015
142.136    418.158    -0.015
142.188    416.659    -0.015
142.236    415.159    -0.015
142.284    413.660    -0.015
142.332    412.161    -0.015
142.382    410.662    -0.015
142.430    409.164    -0.015
142.471    407.665    -0.015
142.513    406.165    -0.015
142.556    404.666    -0.014
142.598    403.167    -0.014
142.641    401.667    -0.014
142.682    400.168    -0.014
142.723    398.669    -0.014
142.763    397.169    -0.014
142.804    395.670    -0.014
142.844    394.171    -0.014
142.883    392.671    -0.014
142.923    391.172    -0.014
142.964    389.673    -0.014
143.005    388.173    -0.013
143.047    386.674    -0.013
143.093    385.175    -0.013
143.138    383.675    -0.013
143.183    382.176    -0.013
143.225    380.677    -0.013
143.269    379.178    -0.013
143.311    377.678    -0.013
143.352    376.179    -0.013
143.394    374.680    -0.013
143.434    373.180    -0.013
143.474    371.681    -0.012
143.516    370.182    -0.012
143.561    368.682    -0.012
143.604    367.183    -0.012
143.647    365.684    -0.012
143.692    364.185    -0.012
143.737    362.685    -0.012
143.782    361.186    -0.012
143.825    359.687    -0.012
143.869    358.188    -0.012
143.911    356.688    -0.012
143.952    355.189    -0.012
143.995    353.690    -0.011
144.040    352.191    -0.011
144.082    350.691    -0.011
144.123    349.192    -0.011
144.168    347.693    -0.011
144.211    346.193    -0.011
144.255    344.694    -0.011
144.299    343.195    -0.011
144.344    341.696    -0.011
144.387    340.196    -0.011
144.428    338.697    -0.011
144.467    337.198    -0.011
144.508    335.698    -0.010
144.551    334.199    -0.010
144.593    332.700    -0.010
144.635    331.200    -0.010
144.674    329.701    -0.010
144.720    328.202    -0.010
144.766    326.704    -0.010
144.810    325.204    -0.010
144.852    323.705    -0.010
144.893    322.206    -0.010
144.938    320.706    -0.010
144.983    319.207    -0.010
145.023    317.708    -0.010
145.062    316.208    -0.010
145.103    314.709    -0.009
145.144    313.210    -0.009
145.184    311.710    -0.009
145.223    310.211    -0.009
145.269    308.712    -0.009
145.315    307.213    -0.009
145.362    305.713    -0.009
145.408    304.214    -0.009
145.453    302.715    -0.009
145.499    301.216    -0.009
145.545    299.717    -0.009
145.588    298.217    -0.009
145.629    296.718    -0.009
145.674    295.219    -0.009
145.720    293.720    -0.008
145.767    292.220    -0.008
145.809    290.721    -0.008
145.851    289.222    -0.008
145.897    287.722    -0.008
145.940    286.223    -0.008
145.979    284.724    -0.008
146.019    283.224    -0.008
146.060    281.725    -0.008
146.104    280.226    -0.008
146.147    278.727    -0.008
146.190    277.227    -0.008
146.232    275.728    -0.008
146.275    274.229    -0.008
146.318    272.729    -0.008
146.361    271.230    -0.007
146.403    269.731    -0.007
146.445    268.232    -0.007
146.485    266.732    -0.007
146.527    265.233    -0.007
146.567    263.734    -0.007
146.607    262.234    -0.007
146.648    260.735    -0.007
146.690    259.236    -0.007
146.733    257.736    -0.007
146.777    256.238    -0.007
146.823    254.739    -0.007
146.868    253.240    -0.007
146.913    251.740    -0.007
146.956    250.241    -0.007
146.998    248.742    -0.007
147.039    247.242    -0.006
147.077    245.743    -0.006
147.117    244.244    -0.006
147.157    242.744    -0.006
147.196    241.245    -0.006
147.237    239.746    -0.006
147.280    238.246    -0.006
147.321    236.747    -0.006
147.365    235.248    -0.006
147.410    233.748    -0.006
147.455    232.249    -0.006
147.498    230.750    -0.006
147.538    229.251    -0.006
147.579    227.751    -0.006
147.619    226.252    -0.006
147.661    224.753    -0.006
147.703    223.253    -0.006
147.746    221.754    -0.006
147.785    220.255    -0.006
147.828    218.755    -0.005
147.874    217.256    -0.005
147.917    215.757    -0.005
147.959    214.258    -0.005
148.002    212.758    -0.005
148.047    211.259    -0.005
