3.791976
3.780971
3.777970
3.774969
3.768520
3.764968
3.758516
3.765968
3.778974
3.788969
3.790989
3.792990
3.792991
3.796972
3.804975
3.800973
3.797973
3.798970
3.799993
3.799993
3.800993
3.802995
3.810978
3.813979
3.806989
3.805974
3.807979
3.811999
3.798056
3.812088
3.814817
3.805767
3.765913
3.765913
3.776994
3.780962
3.774891
3.821287
3.891771
3.915331
3.916330
3.912219
3.907273
3.918378
3.928582
3.939765
3.938275
3.952395
3.960709
3.956548
3.963298
3.991901
3.989187
3.966144
3.952710
3.962019
3.949536
3.947314
3.948790
3.961326
3.972048
3.984510
4.004932
4.008380
4.033586
4.035000
4.039556
4.061219
4.083939
4.053538
4.079105
4.050915
4.022764
4.001462
3.989618
3.986686
3.983207
3.995792
3.996984
4.011156
4.026904
4.056475
4.039461
4.044762
4.021740
4.050700
4.040984
4.034277
4.013762
3.998658
3.992632
4.003194
4.007012
4.012584
4.013420
4.014970
4.018376
4.021978
4.029231
4.028905
4.036753
4.023574
4.028920
4.047612
4.061490
4.043673
4.059768
4.031440
4.025883
4.033153
4.035499
4.048364
4.058475
4.049830
4.033414
4.030122
4.042095
4.053693
4.064251
4.067379
4.073393
4.075824
4.070768
4.065266
4.066109
4.070423
4.073327
4.073696
4.076244
4.078323
4.078533
4.080538
4.082716
4.086352
4.090201
4.095482
4.102102
4.108282
4.112335
4.110922
4.106676
4.101026
4.097495
4.097495
4.096471
4.093570
4.088657
4.084031
4.082612
4.086507
4.089681
4.096795
4.099288
4.099288
4.098552
4.096045
4.091807
4.087245
4.082256
4.077636
4.073788
4.071624
4.069475
4.066307
4.062412
4.057424
4.052850
4.050716
4.052136
4.054286
4.057118
4.059950
4.062094
4.067750
4.073407
4.076224
4.077281
4.076938
4.075869
4.074524
4.069868
4.060000
4.047611
4.039039
4.038004
4.038374
4.041205
4.042242
4.042569
4.044367
4.045448
4.047536
4.047899
4.048287
4.047936
4.047892
4.052129
4.055699
4.057111
4.059943
4.061737
4.064180
4.067012
4.069155
4.071987
4.074819
4.074812
4.074113
4.066711
4.056412
4.049688
4.042219
4.040092
4.041149
4.035847
4.031999
4.026356
4.019603
4.018867
4.019210
4.020623
4.023855
4.025961
4.029167
4.037260
4.046847
4.053989
4.059645
4.060656
4.056412
4.052850
4.047200
4.042219
4.037304
4.035149
4.035149
4.036236
4.040481
4.043654
4.045387
4.046124
4.048280
4.050716
4.053548
4.057118
4.061723
4.067750
4.070575
4.071987
4.073788
4.073399
4.074812
4.077281
4.079094
4.079056
4.077281
4.073036
4.071632
4.070568
4.070568
4.069868
4.069531
4.072348
4.074507
4.078751
4.081526
4.079794
4.078375
4.078694
4.079794
4.081176
4.082938
4.082612
4.084744
4.087913
4.091482
4.086856
4.082612
4.079049
4.076962
4.079794
4.085451
4.086150
4.084737
4.083682
4.082582
4.082263
4.082612
4.080106
4.071638
4.065592
4.062768
4.060331
4.062768
4.064925
4.069162
4.074805
4.077636
4.079794
4.081176
4.076938
4.071957
4.067719
4.066650
4.065237
4.062412
4.058167
4.053930
4.050723
4.047543
4.045455
4.045074
4.046479
4.050049
4.052129
4.053930
4.052167
4.051431
4.052844
4.055699
4.065592
4.071980
4.073399
4.073399
4.068455
4.061333
4.056412
4.052850
4.050761
4.049693
4.052518
4.055699
4.061348
4.069524
4.070575
4.067743
4.064187
4.059936
4.062768
4.070575
4.075193
4.080461
4.084031
4.086856
4.089021
4.086150
4.083339
4.076938
4.071281
4.066300
4.062069
4.055338
4.048280
4.045067
4.043654
4.043654
4.045780
4.046479
4.050716
4.054286
4.057778
4.060324
4.058501
4.056018
4.052181
4.048955
4.047899
4.048630
4.045067
4.043654
4.042242
4.039417
4.045435
4.051469
4.053930
4.055350
4.056011
4.055350
4.056087
4.058516
4.061392
4.061355
4.061348
4.062086
4.061348
4.060999
4.058530
4.059943
4.062768
4.066699
4.070568
4.067042
4.061399
4.057824
4.054999
4.054256
4.055006
4.048949
4.044375
4.043738
4.046847
4.053631
4.059943
4.065294
4.071987
4.075919
4.079794
4.081594
4.081881
4.080461
4.080106
4.076931
4.071281
4.066307
4.064218
4.061348
4.063506
4.064925
4.064180
4.062768
4.062761
4.064621
4.069155
4.073102
4.069868
4.064224
4.064218
4.063151
4.064887
4.067379
4.064894
4.062069
4.057856
4.056762
4.031247
3.997940
3.963615
3.925394
3.887173
3.848878
3.845270
3.845062
3.844136
3.845790
3.844635
3.831564
3.818838
3.811039
3.807799
3.775907
3.741241
3.735615
3.744223
3.785901
3.820857
3.827934
3.830491
3.823221
3.837833
3.864015
3.882784
3.885611
3.895875
3.899381
3.903551
3.883058
3.874589
3.872072
3.882707
3.902251
3.916549
3.919643
3.914244
3.912815
3.907582
3.908302
3.906888
3.906894
3.897808
3.897182
3.897808
3.897808
3.893238
3.892454
3.883465
3.879869
3.876410
3.875414
3.871514
3.867096
3.866233
3.860737
3.860737
3.849415
3.849240
3.848021
3.848024
3.833903
3.795055
3.767714
3.750368
3.740644
3.766454
3.792244
3.799665
3.779773
3.769966
3.764502
3.795788
3.793561
3.791329
3.788571
3.801621
3.794588
3.798576
3.804548
3.819677
3.816103
3.816967
3.822799
3.835804
3.824585
3.818884
3.831766
3.846550
3.852525
3.839994
3.842230
3.844363
3.862657
3.852826
3.855949
3.861775
3.876157
3.878423
3.889159
3.914254
3.938370
3.950778
3.933312
3.939179
3.945269
3.951129
3.934074
3.938550
3.945146
3.964402
3.949528
3.950164
3.956222
3.959378
3.945460
3.941931
3.960112
3.978396
3.985836
3.979071
3.982674
3.987629
3.998161
3.984222
3.978909
3.975677
3.990710
3.982835
3.982826
3.997711
4.013193
4.037560
4.040725
4.049293
4.056546
4.064770
4.085204
4.088472
4.093765
4.105547
4.109651
4.095949
4.080138
4.079295
4.076971
4.074094
4.070940
4.067837
4.063828
4.058292
4.058292
4.057443
4.056494
4.053848
4.058915
4.063999
4.069361
4.073782
4.073817
4.073817
4.073782
4.074203
4.072968
4.073244
4.072007
4.071058
4.071967
4.073892
4.071575
4.070938
4.067853
4.067454
4.069660
4.071049
4.071575
4.073883
4.075062
4.076131
4.075173
4.075173
4.073885
4.074212
4.071967
4.074104
4.068411
4.063443
4.063339
4.067885
4.070654
4.073782
4.078007
4.081161
4.085504
4.088348
4.090646
4.091325
4.091835
4.091825
4.089619
4.087535
4.084895
4.083367
4.080110
4.075170
4.069814
4.064721
4.056484
4.050693
4.026074
3.984614
3.942447
3.917783
3.919034
3.918160
3.918742
3.916958
3.916952
3.916458
3.916662
3.913558
3.912608
3.905979
3.897724
3.891821
3.914286
3.922477
3.907885
3.875001
3.892215
3.903593
3.885064
3.858635
3.880384
3.873434
3.864225
3.814177
3.809981
3.778179
3.765558
3.784885
3.782800
3.777421
3.747086
3.741722
3.734599
3.713989
3.690155
3.677895
3.665362
3.703899
3.685849
3.660421
3.622251
3.633249
3.632684
3.623567
3.632468
3.650963
3.648050
3.608042
3.631823
3.643051
3.601668
3.571880
3.582853
3.554523
3.553466
3.555976
3.579092
3.586912
3.572693
3.552145
3.548483
3.565071
3.584489
3.556144
3.521747
3.523701
3.563621
3.511183
3.565810
3.572584
3.596406
3.596856
3.599114
3.590367
3.607474
3.606010
3.615662
3.642032
3.692794
3.691783
3.726748
3.705753
3.690895
3.656880
3.636807
3.543262
3.518834
3.515646
3.586334
3.545009
3.560321
3.577321
3.624272
3.663279
3.734611
3.773828
3.794243
3.762086
3.792485
3.797289
3.796844
3.755880
3.714112
3.681034
3.686891
3.661064
3.682596
3.638579
3.627689
3.662729
3.713870
3.751042
3.792224
3.765684
3.776810
3.777368
3.701803
3.625061
3.614496
3.547885
3.514566
3.504837
3.531084
3.573692
3.594794
3.591054
3.617392
3.697823
3.684378
3.678517
3.724435
3.724735
3.736323
3.736032
3.784103
3.768233
3.738669
3.633391
3.649075
3.667476
3.661473
3.635411
3.562065
3.526214
3.515607
3.550820
3.606985
3.638175
3.676081
3.712460
3.724212
3.718281
3.771187
3.778565
3.792567
3.813823
3.832865
3.822445
3.769909
3.778793
3.774461
3.772231
3.725659
3.723920
3.707651
3.700010
3.697975
3.720680
3.735069
3.740678
3.731923
3.699810
3.677645
3.690997
3.690998
3.692330
3.683755
3.689194
3.660944
3.605008
3.574848
3.542388
3.546865
3.558893
3.536077
3.550122
3.539168
3.544089
3.548399
3.563622
3.570582
3.568284
3.559406
3.545444
3.540105
3.549143
3.548647
3.548074
3.528742
3.528997
3.554176
3.563882
3.559416
3.540973
3.548999
3.541180
3.546279
3.524568
3.546277
3.519398
3.516458
3.496418
3.500422
3.489769
3.493931
3.478732
3.484706
3.484428
3.489396
3.483828
3.459178
3.471122
3.463995
3.467850
3.482165
3.502550
3.536009
3.569082
3.606399
3.664977
3.678810
3.706056
3.730540
3.753530
3.780256
3.800901
3.828527
3.851763
3.828170
3.818739
3.822786
3.831236
3.829968
3.841438
3.844118
3.848471
3.847666
3.843792
3.839074
3.842528
3.846688
3.847874
3.857686
3.866233
3.873675
3.875453
3.870147
3.863077
3.855622
3.853859
3.851377
3.849228
3.846803
3.844648
3.843934
3.846752
3.848171
3.849583
3.849628
3.846796
3.843971
3.841776
3.839690
3.843571
3.844247
3.844322
3.843934
3.843578
3.842159
3.840746
3.840084
3.842841
3.845346
3.848171
3.850633
3.851377
3.852052
3.852453
3.844594
3.840357
3.834714
3.830470
3.829725
3.827682
3.825488
3.824856
3.825502
3.828366
3.829779
3.829725
3.829739
3.831890
3.831883
3.834351
3.835771
3.838951
3.841776
3.843934
3.846752
3.848885
3.845793
3.841815
3.838990
3.833312
3.835083
3.837908
3.840364
3.843571
3.844990
3.846403
3.846403
3.846021
3.848171
3.849220
3.850996
3.853123
3.851388
3.848216
3.847472
3.843971
3.843235
3.843228
3.843235
3.842565
3.844647
3.846403
3.849221
3.852439
3.855226
3.857390
3.859470
3.861627
3.858846
3.856691
3.852453
3.848216
3.846396
3.846060
3.846053
3.846053
3.844990
3.845346
3.845346
3.844990
3.843235
3.840402
3.836127
3.833339
3.831920
3.832603
3.831534
3.830858
3.831883
3.836134
3.837539
3.838951
3.840364
3.842165
3.842159
3.842909
3.840402
3.836165
3.829446
3.823720
3.821251
3.822315
3.824464
3.827958
3.830846
3.838959
3.848171
3.856645
3.856653
3.849228
3.841428
3.833339
3.827696
3.828313
3.831144
3.836120
3.843934
3.846752
3.848560
3.848178
3.850989
3.852408
3.851003
3.848208
3.843934
3.846060
3.845390
3.847816
3.850322
3.853866
3.856297
3.859859
3.861621
3.861628
3.860936
3.858104
3.851741
3.849628
3.849628
3.848178
3.849628
3.849584
3.848216
3.846021
3.845659
3.845659
3.850996
3.859116
3.865865
3.865865
3.862349
3.858097
3.852408
3.846758
3.847480
3.847466
3.845346
3.846796
3.843971
3.843242
3.840357
3.837859
3.837577
3.836127
3.837539
3.839340
3.842558
3.843182
3.843196
3.843235
3.835429
3.828709
3.825502
3.824464
3.835096
3.846021
3.852453
3.855271
3.850298
3.842898
3.837539
3.838647
3.843189
3.846752
3.851003
3.851384
3.848553
3.844601
3.840746
3.837539
3.834714
3.835764
3.835035
3.833683
3.831883
3.828320
3.825884
3.824083
3.822663
3.826552
3.830477
3.832939
3.833339
3.831184
3.825533
3.822663
3.822663
3.828327
3.834708
3.842522
3.849591
3.854573
3.851385
3.843235
3.831934
3.823713
3.819876
3.820227
3.820227
3.821639
3.823052
3.824083
3.825488
3.827653
3.828327
3.829370
3.828327
3.828702
3.828702
3.830859
3.834759
3.837184
3.833347
3.825488
3.825488
3.824076
3.822663
3.822285
3.824076
3.826907
3.829741
3.838990
3.842565
3.844990
3.845346
3.838945
3.835429
3.830463
3.826276
3.826907
3.833302
3.837539
3.842521
3.846060
3.848171
3.849965
3.849965
3.851003
3.853859
3.843578
3.834359
3.824128
3.819890
3.822708
3.825533
3.825210
3.822708
3.819545
3.813894
3.814863
3.816658
3.819845
3.826953
3.829377
3.832202
3.833347
3.827689
3.823727
3.821639
3.820902
3.826276
3.829439
3.834359
3.837928
3.834016
3.829778
3.824471
3.821296
3.820902
3.818739
3.818070
3.820902
3.825884
3.830114
3.835771
3.835764
3.835096
3.833309
3.836496
3.840371
3.844601
3.848171
3.848216
3.845384
3.842166
3.837578
3.838961
3.844969
3.849583
3.854189
3.854202
3.852453
3.850996
3.849628
3.848885
3.847808
3.848171
3.848484
3.848484
3.849591
3.849583
3.850648
3.849228
3.846410
3.842903
3.841145
3.837584
3.835840
3.834359
3.832210
3.830790
3.831152
3.833302
3.833302
3.835772
3.833691
3.832210
3.831138
3.828702
3.829779
3.828709
3.827958
3.828366
3.827689
3.828034
3.826907
3.825488
3.827290
3.826907
3.825884
3.824128
3.824083
3.824471
3.825495
3.825488
3.825208
3.825502
3.830477
3.835779
3.837584
3.837928
3.836165
3.833691
3.834359
3.834714
3.837539
3.843235
3.846067
3.846766
3.843242
3.833683
3.824471
3.817333
3.817688
3.819845
3.824120
3.829101
3.824821
3.821302
3.818433
3.817688
3.822670
3.829779
3.833302
3.837546
3.838997
3.837184
3.835764
3.831883
3.830865
3.829779
3.825495
3.824128
3.821296
3.818426
3.817681
3.818426
3.819845
3.821251
3.823059
3.822715
3.822670
3.825140
3.825488
3.827296
3.829058
3.834714
3.841421
3.846067
3.848171
3.847079
3.844990
3.840753
3.837578
3.832202
3.828320
3.831897
3.837908
3.846752
3.856274
3.858847
3.856691
3.848216
3.840079
3.836127
3.837547
3.836516
3.836134
3.836127
3.836127
3.837539
3.838951
3.841421
3.841776
3.843196
3.845346
3.846803
3.846067
3.843235
3.837577
3.833671
3.837242
3.839320
3.838951
3.838959
3.834759
3.829446
3.829101
3.827972
3.833302
3.838959
3.840364
3.837584
3.829771
3.820903
3.821296
3.825117
3.836136
3.848179
3.855978
3.859191
3.855279
3.851041
3.846060
3.841815
3.838990
3.837253
3.833543
3.831011
3.831808
3.836433
3.840891
3.848326
3.853642
3.853544
3.855131
3.852674
3.849703
3.845463
3.841571
3.842043
3.840825
3.844475
3.845581
3.842684
3.840826
3.840290
3.840260
3.837762
3.835947
3.831148
3.828661
3.830519
3.834488
3.842684
3.849231
3.846911
3.844837
3.841571
3.836439
3.834360
3.833417
3.827246
3.821559
3.815272
3.809102
3.811969
3.818511
3.823409
3.827284
3.829144
3.832925
3.840290
3.844449
3.848288
3.850647
3.852714
3.855205
3.856547
3.853986
3.849777
3.846063
3.844685
3.846684
3.852338
3.855242
3.853716
3.847863
3.841565
3.836315
3.834865
3.837929
3.838883
3.837763
3.837774
3.836008
3.836332
3.837731
3.837228
3.836506
3.836322
3.834872
3.837829
3.841751
3.843196
3.845191
3.845001
3.850833
3.849755
3.848037
3.845582
3.843731
3.841749
3.839411
3.842149
3.845349
3.845054
3.843558
3.840660
3.837762
3.837258
3.834489
3.832034
3.830519
3.831961
3.836315
3.834826
3.833417
3.833049
3.831592
3.833457
3.833417
3.833450
3.834360
3.836348
3.836355
3.836348
3.833417
3.828287
3.825955
3.824546
3.824307
3.826835
3.824300
3.822896
3.819993
3.820195
3.823801
3.828054
3.832939
3.833720
3.833719
3.833720
3.834426
3.835085
3.837259
3.837258
3.833719
3.830887
3.830886
3.830146
3.830248
3.830106
3.824469
3.820968
3.834467
3.840766
3.830853
3.820968
3.818067
3.816016
3.820206
3.825860
3.830868
3.836553
3.840074
3.844271
3.846734
3.847281
3.848377
3.850711
3.848216
3.844317
3.839129
3.833617
3.829771
3.826680
3.822849
3.818741
3.819872
3.822873
3.825053
3.827997
3.836250
3.848508
3.860427
3.864301
3.853818
3.843912
3.833609
3.830858
3.828430
3.832599
3.843238
3.853066
3.865176
3.875531
3.885730
3.893831
3.905090
3.923461
3.928203
3.921956
3.926078
3.930848
3.922542
3.853305
3.848612
3.843447
3.839199
3.827043
3.825504
3.826517
3.826247
3.824582
3.836185
3.850471
3.872264
3.865739
3.883760
3.901606
3.917631
3.893472
3.883969
3.885193
3.907284
3.894822
3.871271
3.883683
3.860277
3.882998
3.840274
3.834681
3.874976
3.898198
3.892481
3.842439
3.800083
3.797978
3.761953
3.753931
3.780906
3.820156
3.834926
3.850910
3.841038
3.839133
3.821965
3.849898
3.838424
3.879505
3.922432
3.987716
4.014050
3.985304
3.967924
3.926944
3.915183
3.959755
4.001792
3.973444
3.930708
4.000466
4.012562
4.028289
4.011601
4.021993
3.942656
3.901446
3.897448
3.864751
3.959413
4.008387
4.074511
4.068733
4.041027
4.023065
4.012255
3.985343
3.938382
3.869739
3.886744
3.893821
3.900280
3.897318
3.904085
3.865584
3.789339
3.753207
3.762146
3.794755
3.861278
3.873768
3.920124
3.903829
3.906440
3.890168
3.890640
3.864704
3.845324
3.779492
3.799580
3.773088
3.733455
3.692445
3.670336
3.709964
3.744870
3.776272
3.813477
3.825155
3.817581
3.817511
3.827258
3.861812
3.845386
3.824614
3.764960
3.731121
3.742460
3.776502
3.739825
3.691109
3.646142
3.598497
3.599162
3.673846
3.731082
3.712935
3.717197
3.717537
3.744510
3.729630
3.732976
3.733549
3.755255
3.779762
3.800773
3.787047
3.805423
3.814694
3.797380
3.758369
3.779671
3.791051
3.797341
3.784370
3.811905
3.823090
3.757818
3.706731
3.744047
3.732259
3.719186
3.641168
3.567331
3.501239
3.446660
3.491343
3.585301
3.674009
3.716440
3.717291
3.736243
3.750893
3.767585
3.727839
3.729401
3.699594
3.735559
3.722586
3.745799
3.688873
3.646835
3.652891
3.681789
3.703423
3.707584
3.761647
3.765800
3.772708
3.759653
3.791661
3.819779
3.828371
3.816590
3.813540
3.826648
3.831773
3.835973
3.834175
3.828132
3.812686
3.824054
3.808579
3.825783
3.811646
3.811167
3.800125
3.794395
3.798665
3.794591
3.803360
3.813780
3.804505
3.796679
3.793765
3.797160
3.793709
3.800749
3.794918
3.781878
3.757921
3.759775
3.748946
3.748014
3.743937
3.736913
3.730426
3.746613
3.783987
3.785251
3.784274
3.775255
3.775383
3.767206
3.768195
3.758233
3.758792
3.752731
3.785805
3.819181
3.816884
3.813187
3.801147
3.793106
3.781993
3.774984
3.764987
3.747946
3.734947
3.738957
3.742940
3.737942
3.740943
3.743963
3.748946
3.754949
3.760963
3.766965
3.772967
3.779971
3.784972
3.789969
3.790976
3.790976
3.790989
3.791977
3.792977
3.792977
3.793977
3.794977
3.794987
3.794989
3.792977
3.797969
3.802974
3.809997
3.805995
3.799990
3.794978
3.796972
3.796972
