3.635327
3.640329
3.645331
3.651334
3.657334
3.657334
3.656333
3.655333
3.654673
3.650641
3.648331
3.646329
3.645330
3.646329
3.645329
3.644328
3.644328
3.643330
3.642328
3.641327
3.642328
3.635646
3.612645
3.596643
3.599621
3.603646
3.580619
3.558590
3.525682
3.505645
3.519693
3.515597
3.537695
3.560789
3.569563
3.559622
3.560619
3.510243
3.453498
3.414703
3.373274
3.374422
3.385442
3.384455
3.361101
3.323046
3.316973
3.300685
3.283017
3.277425
3.277404
3.262246
3.284682
3.330977
3.379517
3.292686
3.261222
3.267864
3.268602
3.243830
3.228053
3.208378
3.204294
3.197115
3.192442
3.178655
3.186529
3.186225
3.176762
3.189365
3.185444
3.225821
3.262320
3.302680
3.328032
3.356228
3.355505
3.363772
3.355105
3.348470
3.326990
3.306817
3.313681
3.310200
3.321857
3.324047
3.335018
3.321290
3.331289
3.334806
3.338857
3.317836
3.320577
3.321114
3.332964
3.330995
3.336043
3.330554
3.333610
3.341887
3.354889
3.370145
3.382837
3.381270
3.372475
3.379979
3.371386
3.395882
3.398610
3.426715
3.445618
3.454236
3.438838
3.437654
3.444354
3.449470
3.448287
3.449252
3.446059
3.442124
3.444046
3.448919
3.461260
3.473233
3.479511
3.477579
3.476613
3.476613
3.476994
3.478121
3.479511
3.480927
3.482944
3.482502
3.480927
3.479068
3.475122
3.468950
3.464608
3.465572
3.466021
3.471818
3.476311
3.478476
3.478850
3.474544
3.469637
3.465679
3.460704
3.457586
3.457205
3.452336
3.449118
3.445549
3.442717
3.440292
3.440292
3.445543
3.451200
3.457212
3.461831
3.466075
3.467481
3.468618
3.472462
3.474551
3.475012
3.472081
3.467844
3.461442
3.457205
3.450803
3.445828
3.443003
3.444408
3.447992
3.454024
3.456567
3.457593
3.459134
3.461562
3.464535
3.472590
3.476614
3.472756
3.471711
3.468880
3.469256
3.469630
3.471450
3.469644
3.469638
3.471329
3.471050
3.471443
3.472081
3.468511
3.462861
3.460704
3.459285
3.456181
3.454380
3.450810
3.447986
3.446573
3.442329
3.438766
3.434642
3.437879
3.443860
3.448509
3.453749
3.453635
3.452612
3.453642
3.457586
3.465393
3.472193
3.476424
3.477444
3.476700
3.475012
3.474899
3.473875
3.470668
3.464569
3.457501
3.451853
3.449504
3.452336
3.455161
3.457994
3.460812
3.461555
3.462967
3.465800
3.471050
3.471050
3.471336
3.470306
3.468901
3.466813
3.464274
3.462861
3.464274
3.465309
3.464274
3.462855
3.461442
3.459006
3.458618
3.457198
3.453349
3.450924
3.449398
3.451206
3.453356
3.455430
3.457205
3.457205
3.455161
3.453265
3.449028
3.443379
3.440554
3.437736
3.440916
3.443749
3.446955
3.449398
3.451593
3.454017
3.458624
3.461555
3.463244
3.465393
3.464267
3.460704
3.455793
3.449405
3.443741
3.442336
3.445273
3.449518
3.453349
3.452343
3.452605
3.450817
3.449787
3.454017
3.460703
3.462855
3.463973
3.461442
3.458617
3.452223
3.445828
3.440924
3.439511
3.440292
3.446686
3.452329
3.455161
3.456849
3.455437
3.455430
3.458269
3.461831
3.462861
3.465393
3.466805
3.468511
3.467098
3.462855
3.460697
3.458262
3.458729
3.462232
3.465057
3.468511
3.465679
3.462861
3.460030
3.459291
3.461555
3.467875
3.470030
3.468618
3.465793
3.461156
3.459013
3.464267
3.467099
3.466728
3.465679
3.462116
3.455793
3.450810
3.443749
3.437354
3.433498
3.431697
3.427467
3.426714
3.428872
3.434642
3.441028
3.447356
3.452336
3.457987
3.462231
3.469030
3.473875
3.477730
3.479143
3.479143
3.476424
3.473486
3.467092
3.460704
3.461449
3.463987
3.468611
3.475956
3.479242
3.480938
3.477723
3.476318
3.473493
3.467837
3.462861
3.458617
3.453937
3.450810
3.451944
3.454017
3.455436
3.456174
3.456181
3.455799
3.452336
3.454373
3.454380
3.455799
3.456460
3.455437
3.457205
3.454373
3.450803
3.446203
3.440924
3.445266
3.449504
3.453749
3.458722
3.459399
3.459399
3.461087
3.465793
3.467767
3.466714
3.462783
3.459285
3.456082
3.450811
3.449021
3.444415
3.440636
3.440916
3.440916
3.440567
3.441028
3.443853
3.447356
3.452336
3.460030
3.462116
3.464267
3.458617
3.450817
3.443003
3.434152
3.425310
3.419276
3.418353
3.419758
3.427578
3.435046
3.441705
3.446962
3.450181
3.450923
3.451556
3.450524
3.449787
3.448381
3.447356
3.450923
3.454484
3.447356
3.440359
3.450095
3.459755
3.489732
3.524064
3.598825
3.678054
3.713420
3.713712
3.712245
3.712956
3.711566
3.712388
3.713048
3.710500
3.710500
3.708066
3.708602
3.709785
3.709785
3.705844
3.705844
3.703286
3.704700
3.703148
3.697379
3.698126
3.698453
3.697794
3.698132
3.695300
3.694806
3.687022
3.686238
3.682279
3.682361
3.682991
3.682985
3.675646
3.675028
3.675028
3.675646
3.671704
3.670915
3.661393
3.661379
3.657726
3.657335
3.648804
3.649615
3.644921
3.645009
3.635009
3.611591
3.597824
3.582171
3.565775
3.539252
3.524827
3.518243
3.503940
3.479841
3.464583
3.446258
3.413954
3.398219
3.384269
3.400442
3.403741
3.402894
3.402894
3.403750
3.404475
3.405662
3.405194
3.405333
3.405699
3.408247
3.406880
3.408247
3.407862
3.407748
3.407004
3.408626
3.408617
3.407716
3.407253
3.407253
3.407618
3.406793
3.406788
3.406788
3.405443
3.406842
3.404634
3.404638
3.405110
3.405978
3.400712
3.400712
3.400285
3.399172
3.397161
3.397059
3.397059
3.397473
3.394458
3.391784
3.391105
3.389558
3.390864
3.386304
3.386304
3.386111
3.386171
3.379074
3.378076
3.379083
3.378999
3.371508
3.371498
3.370976
3.371502
3.368851
3.359307
3.359313
3.359303
3.359316
3.350457
3.351714
3.350779
3.350447
3.351397
3.344607
3.339827
3.339674
3.338792
3.338801
3.332463
3.331225
3.330655
3.331227
3.332472
3.331505
3.329931
3.330334
3.332472
3.332176
3.331622
3.331613
3.333790
3.335116
3.335123
3.335116
3.332823
3.332185
3.332176
3.332823
3.332867
3.331613
3.331622
3.331899
3.331613
3.332923
3.332923
3.332820
3.332465
3.334169
3.332820
3.332820
3.332867
3.332823
3.332933
3.332463
3.331613
3.332581
3.331613
3.332930
3.331613
3.334169
3.332463
3.333780
3.332930
3.333780
3.332857
3.333430
3.333780
3.332923
3.332933
3.333423
3.332820
3.332933
3.332923
3.332463
3.332463
3.333433
3.332571
3.333498
3.332930
3.332823
3.331622
3.331613
3.331909
3.331613
3.332820
3.332923
3.332857
3.332176
3.336076
3.335116
3.335220
3.336073
3.341071
3.341080
3.341241
3.339824
3.350447
3.350447
3.350476
3.350447
3.359705
3.359702
3.360002
3.360273
3.364992
3.374362
3.374380
3.374122
3.373443
3.387343
3.386158
3.387343
3.387467
3.397596
3.397592
3.397473
3.411912
3.409222
3.386853
3.420425
3.419541
3.427127
3.426246
3.468802
3.466829
3.498252
3.497326
3.508228
3.520016
3.548996
3.549174
3.555472
3.540739
3.537620
3.551910
3.570409
3.615246
3.604154
3.613310
3.650613
3.687977
3.681164
3.728537
3.736011
3.726777
3.727676
3.685020
3.660804
3.651981
3.637724
3.656614
3.629725
3.627728
3.636376
3.641581
3.642026
3.641008
3.631138
3.638822
3.638045
3.635347
3.633674
3.633120
3.620122
3.597481
3.584296
3.535298
3.534073
3.523639
3.524617
3.516288
3.546095
3.586900
3.611544
3.666965
3.703812
3.727063
3.668497
3.671018
3.629351
3.646391
3.618199
3.612172
3.598427
3.637707
3.608454
3.547607
3.523527
3.559894
3.545595
3.566956
3.632280
3.681091
3.653400
3.619057
3.578459
3.613288
3.590431
3.578405
3.522127
3.501817
3.470090
3.444340
3.389751
3.380626
3.416257
3.470248
3.518008
3.563779
3.624442
3.630141
3.597497
3.559300
3.584068
3.588082
3.557871
3.518866
3.535210
3.546916
3.539856
3.524820
3.530250
3.550304
3.530332
3.512170
3.484751
3.499736
3.477498
3.462070
3.473843
3.521680
3.551940
3.616002
3.614506
3.611241
3.554084
3.489493
3.470159
3.451788
3.414110
3.412871
3.462236
3.536780
3.546074
3.546683
3.567281
3.597603
3.628154
3.639178
3.617313
3.619180
3.639232
3.659612
3.641564
3.645961
3.677983
3.692575
3.670949
3.666539
3.677799
3.689672
3.631502
3.634523
3.654682
3.653467
3.646827
3.662227
3.662797
3.684345
3.697281
3.671416
3.666792
3.671131
3.703868
3.705036
3.691575
3.678920
3.661524
3.650779
3.644809
3.651915
3.656937
3.676058
3.678791
3.680150
3.664801
3.683134
3.692480
3.688173
3.683498
3.689882
3.698261
3.711040
3.721855
3.736039
3.744169
3.749089
3.763752
3.770598
3.767649
3.760786
3.775467
3.785733
3.807358
3.827946
3.816812
3.808836
3.797125
3.787219
3.790907
3.770924
3.763170
3.762296
3.746751
3.707034
3.673342
3.667377
3.649540
3.621885
3.553489
3.519766
3.502809
3.505732
3.505732
3.505563
3.505441
3.508135
3.506469
3.504883
3.499058
3.501074
3.503083
3.502761
3.504638
3.500195
3.499514
3.501951
3.498392
3.520932
3.550670
3.580770
3.595652
3.594987
3.594546
3.595652
3.599636
3.598966
3.599236
3.599636
3.599243
3.599911
3.599636
3.601041
3.598847
3.597449
3.597435
3.597442
3.598893
3.598966
3.598959
3.600260
3.600274
3.598492
3.597086
3.598567
3.598854
3.599980
3.599980
3.599980
3.599980
3.597823
3.597435
3.597435
3.597823
3.599243
3.598499
3.598223
3.598854
3.597442
3.597435
3.597449
3.597435
3.599643
3.598854
3.598959
3.598854
3.598893
3.598893
3.598854
3.600260
3.598854
3.598854
3.598575
3.598499
3.596697
3.597442
3.596690
3.596697
3.599636
3.600789
3.601726
3.601049
3.600936
3.597065
3.596392
3.596697
3.597086
3.599243
3.599236
3.599912
3.600266
3.597442
3.596992
3.597435
3.596075
3.602124
3.605286
3.607376
3.610267
3.581934
3.550791
3.540822
3.534488
3.529514
3.534027
3.539008
3.540159
3.534396
3.525169
3.520932
3.516689
3.516801
3.520302
3.522451
3.525283
3.526303
3.524533
3.524540
3.523871
3.526296
3.528725
3.530151
3.529128
3.528108
3.529521
3.532970
3.533089
3.533089
3.533752
3.534778
3.539009
3.538633
3.535794
3.532970
3.531557
3.528733
3.530533
3.531946
3.533351
3.537320
3.539482
3.542578
3.545410
3.545028
3.546071
3.547566
3.546822
3.543231
3.538619
3.535801
3.530152
3.530151
3.529121
3.529790
3.530927
3.535907
3.540038
3.543608
3.542196
3.540777
3.537213
3.535508
3.535787
3.532976
3.528733
3.525163
3.525284
3.530151
3.533759
3.538733
3.540489
3.540783
3.533752
3.528370
3.521314
3.515283
3.508881
3.502601
3.499033
3.504636
3.508995
3.514645
3.519513
3.522451
3.523757
3.523864
3.525162
3.523402
3.523464
3.523750
3.524815
3.526581
3.526582
3.525276
3.522451
3.520925
3.519520
3.516057
3.513239
3.510300
3.506176
3.503337
3.504014
3.508888
3.513501
3.518213
3.524495
3.525163
3.529121
3.531670
3.525169
3.518107
3.511827
3.508251
3.514252
3.516688
3.517821
3.520646
3.522344
3.521038
3.523128
3.525276
3.529933
3.531564
3.525545
3.520932
3.519527
3.516688
3.518490
3.520646
3.523750
3.524891
3.525169
3.526582
3.526296
3.526964
3.527702
3.527334
3.527327
3.526289
3.525163
3.522344
3.519902
3.516688
3.517752
3.519633
3.523128
3.525276
3.523757
3.520932
3.518093
3.516688
3.520258
3.523750
3.525908
3.526289
3.529521
3.533082
3.537610
3.542977
3.544734
3.548234
3.550384
3.551797
3.552090
3.552090
3.550670
3.550670
3.550391
3.547839
3.544673
3.541165
3.540504
3.540145
3.541165
3.542301
3.543608
3.537221
3.534396
3.535801
3.536843
3.535801
3.534389
3.535057
3.534502
3.535907
3.536184
3.535801
3.535801
3.535165
3.535801
3.535915
3.537213
3.534382
3.532976
3.530152
3.529514
3.528725
3.527708
3.527708
3.526575
3.525276
3.524884
3.523464
3.522451
3.522451
3.522451
3.523864
3.526359
3.535914
3.543389
3.551202
3.549258
3.543253
3.538626
3.532339
3.529790
3.536184
3.544390
3.553609
3.547498
3.539753
3.531953
3.528102
3.530540
3.531939
3.531939
3.529514
3.528102
3.536928
3.542977
3.546822
3.532622
3.517828
3.520646
3.531271
3.540504
3.544666
3.549654
3.547566
3.537207
3.524791
3.523757
3.522338
3.523764
3.530264
3.538740
3.546815
3.550783
3.549940
3.543978
3.537952
3.534018
3.534102
3.530927
3.528739
3.525276
3.528108
3.529796
3.530145
3.530541
3.530533
3.528739
3.526589
3.522727
3.522727
3.522727
3.524215
3.525276
3.525276
3.523471
3.529128
3.536184
3.543997
3.545014
3.542189
3.540784
3.537603
3.531277
3.524876
3.522352
3.529865
3.534502
3.537672
3.534041
3.529514
3.531676
3.536934
3.540777
3.540046
3.536934
3.534396
3.532683
3.530934
3.528739
3.526296
3.525914
3.528739
3.529121
3.528733
3.525908
3.524139
3.523871
3.524884
3.525284
3.528452
3.529128
3.528733
3.527327
3.523871
3.526689
3.532976
3.534495
3.535515
3.535515
3.534771
3.535809
3.537214
3.535915
3.535922
3.539371
3.540153
3.540032
3.538619
3.537213
3.534488
3.535801
3.537207
3.536584
3.537603
3.539016
3.540791
3.541165
3.540145
3.542196
3.544390
3.546539
3.550678
3.553509
3.552090
3.552083
3.549258
3.546146
3.544390
3.540783
3.536184
3.531564
3.527708
3.524502
3.520932
3.524147
3.528102
3.531564
3.529128
3.529121
3.529865
3.530934
3.532622
3.534389
3.528733
3.521308
3.513870
3.509183
3.509001
3.514652
3.520302
3.528513
3.531564
3.530145
3.528445
3.528733
3.527320
3.525908
3.524496
3.524496
3.522734
3.522345
3.519513
3.518107
3.518220
3.520296
3.522458
3.525290
3.528356
3.525538
3.521974
3.518101
3.515276
3.517470
3.521321
3.525284
3.529790
3.528733
3.525908
3.523764
3.523871
3.528116
3.533365
3.535922
3.540340
3.537889
3.530145
3.520932
3.512840
3.516065
3.521045
3.526696
3.532346
3.535922
3.539760
3.544734
3.546822
3.544644
3.539301
3.532666
3.525908
3.520595
3.519832
3.518068
3.517767
3.517700
3.519624
3.521246
3.522080
3.523472
3.521239
3.520132
3.523472
3.532098
3.538922
3.537326
3.536031
3.534502
3.535655
3.535469
3.537032
3.538929
3.536559
3.534333
3.532751
3.530389
3.532844
3.536855
3.540872
3.544244
3.550414
3.554464
3.559490
3.565286
3.560646
3.554030
3.549031
3.543915
3.539365
3.535279
3.531343
3.527624
3.524985
3.521615
3.519369
3.515917
3.512938
3.515069
3.520671
3.526394
3.528807
3.526876
3.518256
3.510596
3.507585
3.509971
3.516768
3.527884
3.533127
3.533514
3.527325
3.521153
3.515917
3.512085
3.515352
3.519557
3.525980
3.532143
3.534466
3.537130
3.534277
3.531306
3.528408
3.526345
3.527851
3.529350
3.531163
3.528155
3.523451
3.518696
3.513027
3.514846
3.522791
3.530229
3.537212
3.544806
3.545175
3.542271
3.539016
3.536025
3.533202
3.529373
3.525910
3.522456
3.523577
3.536952
3.556732
3.553498
3.517880
3.510114
3.511709
3.515444
3.518256
3.525164
3.528445
3.529741
3.534054
3.537304
3.538713
3.537145
3.532624
3.527031
3.522708
3.512083
3.511376
3.517325
3.521362
3.524196
3.527028
3.529862
3.529787
3.524835
3.519151
3.512790
3.507124
3.507904
3.513569
3.518529
3.523721
3.527623
3.528374
3.527718
3.527690
3.529811
3.534057
3.530518
3.527690
3.519942
3.510737
3.501515
3.494379
3.497231
3.498625
3.500771
3.501457
3.503607
3.502221
3.502877
3.501264
3.504019
3.508859
3.513033
3.518552
3.519969
3.522661
3.526492
3.529582
3.529027
3.525235
3.523517
3.520192
3.510682
3.499921
3.488426
3.486599
3.500133
3.512568
3.528180
3.535102
3.541700
3.548636
3.556217
3.557595
3.556556
3.557290
3.557323
3.556696
3.550099
3.544626
3.536336
3.523060
3.510716
3.503096
3.513135
3.563168
3.549522
3.563594
3.576494
3.597833
3.615501
3.630690
3.651868
3.677346
3.673828
3.676185
3.647674
3.630851
3.679552
3.720251
3.738067
3.749674
3.737914
3.737671
3.721370
3.720841
3.694706
3.693159
3.707364
3.701878
3.695065
3.687993
3.669221
3.669221
3.660439
3.651118
3.638803
3.618672
3.620200
3.590201
3.575651
3.553715
3.553780
3.526127
3.490409
3.456819
3.455355
3.413310
3.418528
3.471787
3.498112
3.511490
3.512295
3.512608
3.512577
3.510179
3.509117
3.501364
3.501169
3.506490
3.566865
3.531676
3.488104
3.454823
3.495129
3.484594
3.500358
3.491114
3.465039
3.491841
3.443163
3.388872
3.377818
3.394248
3.446174
3.419891
3.433306
3.498640
3.587943
3.657985
3.665602
3.652968
3.685728
3.682197
3.653192
3.602804
3.647446
3.671765
3.682943
3.660605
3.646211
3.611868
3.559726
3.585319
3.609439
3.631074
3.608310
3.583326
3.582504
3.626388
3.624695
3.657731
3.715012
3.790063
3.857581
3.824991
3.809549
3.814080
3.782669
3.817349
3.824791
3.831104
3.827255
3.834348
3.862888
3.895124
3.928496
3.912309
3.865932
3.875846
3.909807
3.887280
3.897300
3.879441
3.887372
3.830570
3.793479
3.813651
3.797508
3.778954
3.776103
3.760046
3.734951
3.753771
3.730167
3.708546
3.706489
3.740863
3.745368
3.735661
3.739359
3.771380
3.737546
3.716809
3.693720
3.747038
3.780629
3.820070
3.838839
3.847080
3.829453
3.848025
3.828765
3.837177
3.891816
3.922231
3.962918
3.884921
3.770086
3.700456
3.651245
3.656523
3.658344
3.642374
3.663759
3.743114
3.797371
3.825714
3.796330
3.802724
3.839588
3.882968
3.906750
3.903244
3.898135
3.869027
3.856415
3.787249
3.762547
3.737383
3.758237
3.724927
3.694476
3.659563
3.672998
3.688721
3.614388
3.607413
3.612567
3.618669
3.627310
3.657932
3.653520
3.654137
3.652830
3.664731
3.675700
3.672007
3.666954
3.650243
3.680109
3.670058
3.660718
3.658642
3.655371
3.658563
3.668009
3.670464
3.671527
3.677884
3.694213
3.716503
3.724840
3.739019
3.685981
3.630593
3.627888
3.639043
3.616415
3.572997
3.573066
3.565003
3.561392
3.551337
3.554320
3.561619
3.575661
3.569677
3.571673
3.540609
3.507642
3.513638
3.521636
3.534568
3.542592
3.552588
3.563589
3.580621
3.604642
3.623642
3.618640
3.615649
3.614648
3.605644
3.596643
3.592642
3.592312
3.593308
3.593642
3.594309
3.596313
3.603316
3.609314
3.610316
3.611316
3.613316
3.615319
3.617319
3.621320
3.624322
3.626323
3.630325
3.634328
3.638329
3.641330
3.643328
3.643328
3.642328
3.641330
3.640329
3.637326
3.633324
