-3.6346998212	-0.0675244664	
-3.6738659884	1.9330026665	
-3.7130321634	3.9335297952	
-3.7521983436	5.9340569264	
-3.7913584512	7.9335837110	
-3.8245225674	9.9341473123	
-3.8566863424	11.9347169913	
-3.8888501245	13.9352866702	
-3.9220142587	15.9358502703	
-3.9541780506	17.9364199502	
-3.9873421947	19.9369835494	
-4.0205063419	21.9375471498	
-4.0546708408	23.9381046711	
-4.0888292669	25.9376618472	
-4.1219934317	27.9382254463	
-4.1541572571	29.9387951230	
-4.1873214341	31.9393587236	
-4.2204856139	33.9399223225	
-4.2536497996	35.9404859203	
-4.2868139913	37.9410495203	
-4.3209785329	39.9416070413	
-4.3551430797	41.9421645616	
-4.3893015559	43.9417217335	
-4.4304685323	45.9422367048	
-4.4906420832	47.9426361841	
-4.5508095602	49.9420353186	
-4.6119773878	51.9414283724	
-4.6761523342	53.9418035355	
-4.7673244631	55.9400138901	
-4.8735017818	57.9381330657	
-5.0096773158	59.9340691947	
-5.1618523076	61.9289077208	
-5.3610192349	63.9194591741	
-5.5641875505	65.9099863128	
-5.7693565625	67.9005012928	
-5.9845168776	69.8889547963	
-6.2226729930	71.8752678012	
-6.4278420200	73.8657827783	
-6.6330110523	75.8562977531	
-6.8851598607	77.8405249650	
-7.1682950786	79.8205623587	
-7.4874123485	81.7953791941	
-7.8185276934	83.7691227414	
-8.1636296452	85.7397801499	
-8.5147275990	87.7094007398	
-8.8698208616	89.6779966675	
-9.2588894083	91.6403838510	
-9.6569489133	93.6007156335	
-10.0759974462	95.5579187269	
-10.5220127637	97.5079552791	
-10.9780193878	99.4559303525	
-11.4360206276	101.4028929198	
-11.9359816817	103.3405970761	
-12.4579138727	105.2721654268	
-12.9888309413	107.2006780308	
-13.5197540924	109.1301909795	
-14.0786322209	111.0505306132	
-14.6514969582	112.9677841072	
-15.2273566566	114.8840190176	
-15.8032163586	116.8002539262	
-16.3920562442	118.7124084268	
-16.9998662299	120.6184453563	
-17.6226510089	122.5193893799	
-18.2733907615	124.4111600857	
-18.9271254820	126.3019122093	
-19.5978356838	128.1875592646	
-20.2924934018	130.0630569741	
-21.0061212146	131.9324371143	
-21.7187486892	133.8018233296	
-22.4722991569	135.6559551335	
-23.2238489379	137.5100990895	
-24.0272829658	139.3419193546	
-24.8397018688	141.1706838710	
-25.6640884537	142.9933733658	
-26.5034376736	144.8089692578	
-27.3537663864	146.6204968986	
-28.2060836343	148.4300116870	
-29.0693803725	150.2354582262	
-29.9486340164	152.0328047370	
-30.8288819300	153.8291448189	
-31.7141194172	155.6234538147	
-32.6053407445	157.4147252935	
-33.5434324328	159.1817027810	
-34.4825183887	160.9476738405	
-35.4465400435	162.7014887799	
-36.4115559704	164.4542972938	
-37.4094678086	166.1878986407	
-38.4133634882	167.9184624752	
-39.4471661993	169.6318380692	
-40.4879409378	171.3401693817	
-41.5426718895	173.0404128226	
-42.6033806015	174.7366184059	
-43.6880064309	176.4176729133	
-44.7816049783	178.0936709788	
-45.8911421930	179.7585679812	
-47.0126349270	181.4153892691	
-48.1410996858	183.0671662731	
-49.2775368209	184.7138929157	
-50.4219402499	186.3545688497	
-51.5832826910	187.9841376405	
-52.7486022006	189.6096807299	
-53.9348499439	191.2220916704	
-55.1210855323	192.8325019156	
-56.3192766403	194.4348364430	
-57.5214508962	196.0341456178	
-58.7644508828	197.6021948477	
-60.0064505225	199.1702501533	
-61.2982242949	200.6979876945	
-62.5929869488	202.2237063048	
-63.9146191220	203.7262528379	
-65.2392280147	205.2247797457	
-66.5688143259	206.7192748734	
-67.9013895168	208.2117510679	
-69.2459019879	209.6931505134	
-70.5973864840	211.1695056747	
-71.9468702883	212.6458729903	
-73.2943716434	214.1252534911	
-74.6418669153	215.6036336413	
-75.9893682667	217.0830141341	
-77.3368635421	218.5613942729	
-78.6833645519	220.0407808315	
-80.0328605179	221.5191488050	
-81.3873217398	222.9914843047	
-82.7417829606	224.4638197996	
-84.0922671189	225.9401809861	
-85.4397623955	227.4185610938	
-86.7892522872	228.8959286948	
-88.1397364456	230.3722898643	
-89.4892263354	231.8496574546	
-90.8387101489	233.3260246923	
-92.1891943073	234.8023858468	
-93.5396784669	236.2787469975	
-94.8901565487	237.7541077943	
-96.2406407086	239.2304689315	
-97.5911248710	240.7068300679	
-98.9406147667	242.1841976180	
-100.2891043154	243.6615712438	
-101.6385942112	245.1389387844	
-102.9900726420	246.6142934728	
-104.3445338719	248.0866288809	
-105.6999954464	249.5589582054	
-107.0544566789	251.0312936049	
-108.4079236431	252.5046354221	
-109.7584078104	253.9809965074	
-111.1088919752	255.4573575873	
-112.4593700659	256.9327183159	
-113.8108545780	258.4090733046	
-115.1623269298	259.8834276003	
-116.5138053676	261.3587822334	
-117.8652898815	262.8351372085	
-119.2167622378	264.3094914852	
-120.5662521424	265.7868589501	
-121.9167363112	267.2632199878	
-123.2672204818	268.7395810200	
-124.6177046540	270.2159420461	
-125.9691770116	271.6902962958	
-127.3216497184	273.1646444651	
-128.6751227704	274.6389865478	
-130.0265951302	276.1133407822	
-131.3790678370	277.5876889322	
-132.7315466218	279.0630374236	
-134.0830189845	280.5373916433	
-135.4354916926	282.0117397772	
-136.7879644026	283.4860879087	
-138.1414313780	284.9594296065	
-139.4948983535	286.4327713007	
-140.8473710650	287.9071194140	
-142.1978552416	289.3834803696	
-143.5473451522	290.8608477455	
-144.8968350639	292.3382151149	
-146.2453246321	293.8155885595	
-147.5948145425	295.2929559188	
-148.9443044568	296.7703232721	
-150.2937943701	298.2476906222	
-151.6432842848	299.7250579647	
-152.9947566553	301.1994121080	
-154.3472293693	302.6737601699	
-155.6997020854	304.1481082234	
-157.0531690670	305.6214498475	
-158.4076363960	307.0947853885	
-159.7630919122	308.5661141546	
-161.1185474291	310.0374429148	
-162.4750032936	311.5087655914	
-163.8274699336	312.9821132667	
-165.1759655862	314.4604869812	
-166.5254555048	315.9378542660	
-167.8739511581	317.4162279688	
-169.2234350010	318.8925948976	
-170.5739131079	320.3679553950	
-171.9253976422	321.8443101551	
-173.2768760969	323.3196645653	
-174.6283484731	324.7940186229	
-175.9818215404	326.2683605182	
-177.3342942664	327.7427084863	
-178.6867669890	329.2170564495	
-180.0392397130	330.6914044079	
-181.3887296354	332.1687716339	
-182.7372192186	333.6461449335	
-184.0867091439	335.1235121478	
-185.4361990714	336.6008793548	
-186.7856889979	338.0782465602	
-188.1351728470	339.5546134136	
-189.4846627733	341.0319806062	
-190.8341466243	342.5083474492	
-192.1846308186	343.9847082068	
-193.5341207472	345.4620753836	
-194.8836046004	346.9384422110	
-196.2340948767	348.4158032979	
-197.5895504053	349.8871319153	
-198.9460002016	351.3574540999	
-200.3014557328	352.8287827058	
-201.6579116107	354.3001052257	
-203.0093900755	355.7754595164	
-204.3598681964	357.2508198817	
-205.7113466640	358.7261741605	
-207.0628312095	360.2025287802	
-208.4153039436	361.6768766257	
-209.7677705995	363.1502241218	
-211.1212376010	364.6235655313	
-212.4747106815	366.0979072817	
-213.8261830727	367.5722611841	
-215.1776615430	369.0476154293	
-216.5301342786	370.5219632408	
-217.8826130958	371.9973113929	
-219.2311026886	373.4746845473	
-220.5785980169	374.9530641201	
-221.9270997694	376.4324379549	
-223.2745950965	377.9108175172	
-224.6250793013	379.3871781459	
-225.9795405770	380.8595130732	
-227.3340018524	382.3318479948	
-228.6884631262	383.8041829120	
-230.0429304798	385.2775181675	
-231.3963974875	386.7508594986	
-232.7498584170	388.2232004759	
-234.1043257717	389.6965357166	
-235.4577927834	391.1698770299	
-236.8092712591	392.6452311872	
-238.1607497387	394.1205853379	
-239.5112278695	395.5959455634	
-240.8627063522	397.0712997044	
-242.2141909102	398.5476541843	
-243.5646690428	400.0230143938	
-244.9151532587	401.4993749422	
-246.2656374732	402.9757354869	
-247.6151274233	404.4531024486	
-248.9636170251	405.9304754841	
-250.3121127072	407.4088488602	
-251.6615965814	408.8852154602	
-253.0120868763	410.3625763232	
-254.3625650151	411.8379364880	
-255.7130492353	413.3142969931	
-257.0635334519	414.7906574947	
-258.4150119390	416.2660115656	
-259.7674846909	417.7403592062	
-261.1189570987	419.2147129224	
-262.4714359281	420.6900608974	
-263.8219140705	422.1654210250	
-265.1723982933	423.6417814931	
-266.5228825155	425.1181419572	
-267.8733667389	426.5945024139	
-269.2238509612	428.0708628656	
-270.5723466480	429.5492361601	
-271.9208362614	431.0266091050	
-273.2693319561	432.5049823901	
-274.6178215682	433.9823553239	
-275.9702943269	435.4567028992	
-277.3227670855	436.9310504708	
-278.6752398456	438.4053980369	
-280.0277126018	439.8797455979	
-281.3791910981	441.3550995764	
-282.7316638573	442.8294471254	
-284.0841366171	444.3037946717	
-285.4356151108	445.7791486347	
-286.7860993420	447.2555090164	
-288.1365835726	448.7318693922	
-289.4870617240	450.2072294189	
-290.8375459546	451.6835897842	
-292.1870359189	453.1609565706	
-293.5355255385	454.6383294292	
-294.8850215831	456.1166965474	
-296.2335112060	457.5940693952	
-297.5849897048	459.0694233082	
-298.9384567373	460.5427643709	
-300.2919298474	462.0171057701	
-301.6443965369	463.4904529008	
-302.9978635702	464.9637939453	
-304.3503363375	466.4381414097	
-305.7028091032	467.9124888673	
-307.0552818749	469.3868363186	
-308.4077607198	470.8621841132	
-309.7572446143	472.3385504821	
-311.1067345861	473.8159171910	
-312.4572188254	475.2922774729	
-313.8067027171	476.7686438240	
-315.1561926911	478.2460105165	
-316.5046883956	479.7243836292	
-317.8531780275	481.2017563914	
-319.2026680013	482.6791230677	
-320.5541465093	484.1544768914	
-321.9086078161	485.6268114358	
-323.2630691208	487.0991459758	
-324.6175304255	488.5714805086	
-325.9709974682	490.0448214638	
-327.3234702462	491.5191688332	
-328.6759430235	492.9935162011	
-330.0284157994	494.4678635629	
-331.3818889180	495.9422048399	
-332.7343616992	497.4165521889	
-334.0858341313	498.8909056142	
-335.4383129902	500.3662532982	
-336.7897915023	501.8416070574	
-338.1392814829	503.3189736571	
-339.4877711203	504.7963463345	
-340.8372611019	506.2737129237	
-342.1867450033	507.7500791643	
-343.5402181320	509.2244203914	
-344.8936851784	510.6977612699	
-346.2471522270	512.1711021430	
-347.6006192765	513.6444430088	
-348.9491089172	515.1218156462	
-350.2985989011	516.5991821982	
-351.6470946215	518.0775551704	
-352.9965785301	519.5539213664	
-354.3500516598	521.0282625530	
-355.7045129779	522.5005969639	
-357.0589742946	523.9729313682	
-358.4134416921	525.4462661122	
-359.7659083996	526.9196130076	
-361.1183872669	528.3949605907	
-362.4698597091	529.8693139025	
-363.8223324975	531.3436611288	
-365.1728167545	532.8200211977	
-366.5213063987	534.2973937654	
-367.8698021263	535.7757666725	
-369.2192921178	537.2531331492	
-370.5677817667	538.7305057006	
-371.9172717587	540.2078721667	
-373.2657674870	541.6862450536	
-374.6142571340	543.1636175862	
-375.9647474757	544.6409779604	
-377.3152256562	546.1163376353	
-378.6657099177	547.5926976502	
-380.0161941809	549.0690576604	
-381.3666723635	550.5444173192	
-382.7211397690	552.0177519662	
-384.0756010958	553.4900862642	
-385.4300624239	554.9624205548	
-386.7845237510	556.4347548410	
-388.1389850798	557.9070891198	
-389.4934524879	559.3804237411	
-390.8479077382	560.8517576661	
-392.2033754940	562.3250861967	
-393.5558422119	563.7984329565	
-394.9073207422	565.2737864837	
-396.2587992792	566.7491400043	
-397.6092835473	568.2254999446	
-398.9597617345	569.7008595339	
-400.3092578180	571.1792262321	
-401.6577474771	572.6565986586	
-403.0062371350	574.1339710809	
-404.3567274851	575.6113313381	
-405.7091942073	577.0846780515	
-407.0626612775	578.5580186812	
-408.4161344253	580.0323596503	
-409.7686011470	581.5057063471	
-411.1190915028	582.9830665778	
-412.4685754269	584.4594325371	
-413.8190597041	585.9357924111	
-415.1685497115	587.4131587043	
-416.5180336404	588.8895246481	
-417.8675236502	590.3668909315	
-419.2160133149	591.8442632865	
-420.5655033255	593.3216295593	
-421.9169879464	594.7979833238	
-423.2684604095	596.2723363896	
-424.6209332186	597.7466833738	
-425.9734121070	599.2220306971	
-427.3248906485	600.6973840928	
-428.6753688512	602.1727435628	
-430.0258531308	603.6491033725	
-431.3773316745	605.1244567518	
-432.7288102219	606.5998101281	
-434.0802887677	608.0751634964	
-435.4317673154	609.5505168612	
-436.7822455169	611.0258762989	
-438.1337240645	612.5012296520	
-439.4832140805	613.9785958479	
-440.8317098330	615.4569684639	
-442.1802055842	616.9353410734	
-443.5286952555	618.4127133317	
-444.8831566052	619.8850473858	
-446.2386122198	621.3563750099	
-447.5950681779	622.8276965480	
-448.9505237911	624.2990241605	
-450.3039908753	625.7723646159	
-451.6564636932	627.2467114915	
-453.0099307793	628.7200519347	
-454.3624035978	630.1943988005	
-455.7128878819	631.6707585054	
-457.0603893762	633.1501374803	
-458.4078847880	634.6285161048	
-459.7553862781	636.1078950689	
-461.1038820394	637.5862676026	
-462.4513774532	639.0646462102	
-463.7998671308	640.5420183880	
-465.1483628915	642.0203909066	
-466.4978529199	643.4977569931	
-467.8493314762	644.9731102278	
-469.2008100361	646.4484634562	
-470.5512882494	647.9238227585	
-471.9027668056	649.3991759749	
-473.2572342446	650.8725102615	
-474.6107013355	652.3458506187	
-475.9641684257	653.8191909697	
-477.3176355213	655.2925313191	
-478.6681198163	656.7688909322	
-480.0176037692	658.2452566219	
-481.3670937964	659.7226226510	
-482.7175780952	661.1989822491	
-484.0660738632	662.6773546897	
-485.4145696303	664.1557271259	
-486.7620650531	665.6341056369	
-488.1105608207	667.1124780612	
-489.4640279163	668.5858183609	
-490.8194835420	670.0571458062	
-492.1749391704	671.5284732436	
-493.5304008819	673.0008010227	
-494.8838618995	674.4731409570	
-496.2373350794	675.9474815707	
-497.5898079117	677.4218282622	
-498.9422746676	678.8951746018	
-500.2957478465	680.3695152036	
-501.6472264165	681.8448683012	
-502.9986989058	683.3192210503	
-504.3501774783	684.7945741345	
-505.7026503131	686.2689207951	
-507.0571116796	687.7412545968	
-508.4125733954	689.2135823169	
-509.7680351071	690.6859100292	
-511.1224903985	692.1572434715	
-512.4908836440	693.6174880040	
-513.8592708112	695.0767321849	
-515.2266637159	696.5369827857	
-516.5960512286	697.9962208786	
-517.9942785221	699.4272730024	
-519.3964828794	700.8542994266	
-520.7976868910	702.2813319259	
-522.1998973296	703.7093586825	
-523.6219869978	705.1162566039	
-525.0460651979	706.5211416718	
-526.4701494773	707.9270270785	
-527.8902566933	709.3369381781	
-529.3004151754	710.7559131683	
-530.7185277818	712.1668367609	
-532.1605027628	713.5536061634	
-533.6094375995	714.9333305912	
-535.0693093580	716.3019843463	
-536.5202266470	717.6786955694	
-537.9641901553	719.0634521027	
-539.4220733824	720.4341186896	
-540.8918817154	721.7917078342	
-542.3676495627	723.1422580857	
-543.8493829995	724.4867697824	
-545.3301221741	725.8322879001	
-546.8277517012	727.1586961096	
-548.3343235375	728.4750461495	
-549.8418957186	729.7913901038	
-551.3484675532	731.1077401342	
-552.8550393866	732.4240901581	
-554.1463519330	733.5466739181	
-555.6648427928	734.8489461503	
-557.1952587579	736.1381409419	
-558.7356052183	737.4152707944	
-560.2878707041	738.6783228607	
-561.8411182962	739.9383678087	
-563.3953662329	741.1984066697	
-564.9496141647	742.4584455266	
-566.5167632333	743.7013994847	
-568.0898778903	744.9383148892	
-569.6629925486	746.1752302900	
-571.2351007778	747.4111514177	
-572.8121864127	748.6430407665	
-574.3932430330	749.8699040661	
-575.9792466587	751.0877338616	
-577.5811402918	752.2864598265	
-579.1860167184	753.4821665151	
-580.7958523135	754.6708403843	
-582.4076642795	755.8555007133	
-584.0303888423	757.0250889899	
-585.6541137504	758.1946711838	
-587.2847741981	759.3532070189	
-588.9164289077	760.5107364269	
-590.5580080315	761.6552005507	
-592.2045463212	762.7926318609	
-593.8510724499	763.9280624753	
-595.4985989225	765.0634870059	
-597.1550494645	766.1858523324	
-598.8194298083	767.2961648811	
-600.4778567164	768.4145166602	
-602.1313366147	769.5419019339	
-603.7887692517	770.6612601266	
-605.4531495907	771.7715726546	
-607.1185302692	772.8818790983	
-608.7928228551	773.9771256497	
-610.4829689745	775.0472663028	
-612.1741093534	776.1164005282	
-613.8642493856	777.1855408309	
-615.5583664773	778.2506554266	
-617.2693192012	779.2876570145	
-618.9802719254	780.3246585977	
-620.6922189115	781.3606537523	
-622.4031655492	782.3966549811	
-624.1279893447	783.4115638524	
-625.8528070585	784.4254723733	
-627.5776186867	785.4383805439	
-629.3034306607	786.4512826317	
-631.0401248336	787.4441109415	
-632.7797896397	788.4319192885	
-634.5204487089	789.4187212049	
-636.2611077772	790.4055231155	
-638.0156196776	791.3672312920	
-639.7740904051	792.3219127312	
-641.5325550444	793.2755938211	
-643.2910257639	794.2302752507	
-645.0564198585	795.1719096376	
-646.8307137036	796.0964834438	
-648.6050075444	797.0210572455	
-650.3792953010	797.9446306968	
-652.1555655041	798.8651909524	
-653.9456763912	799.7586567820	
-655.7357872710	800.6521226060	
-657.5258981464	801.5455884261	
-659.3170032855	802.4380478178	
-661.1150135622	803.3144591331	
-662.9169887364	804.1848440565	
-664.7179635639	805.0552350573	
-666.5199326516	805.9246196263	
-668.3278308521	806.7819635802	
-670.1495514908	807.6092120750	
-671.9712721249	808.4364605628	
-673.7929927547	809.2637090497	
-675.6166775955	810.0849433012	
-677.4502442885	810.8861098628	
-679.2838048981	811.6862760739	
-681.1183658479	812.4864362022	
-682.9519325299	813.2876027503	
-684.7992973321	814.0546724618	
-686.6486445796	814.8187289760	
-688.4969975584	815.5837919091	
-690.3463387181	816.3468480709	
-692.2025910957	817.0948565020	
-694.0608016016	817.8358503574	
-695.9190121036	818.5768442079	
-697.7782168658	819.3168316295	
-699.6433203433	820.0397767135	
-701.5153289563	820.7466737193	
-703.3873314823	821.4525703771	
-705.2593340094	822.1584670338	
-707.1323125535	822.8603562259	
-709.0151425542	823.5371760039	
-710.8979725521	824.2139957768	
-712.7807964689	824.8898152041	
-714.6646268000	825.5666288903	
-716.5582599515	826.2103704058	
-718.4558336866	826.8440841516	
-720.3534134917	827.4787982387	
-722.2509872135	828.1125119783	
-724.1505312246	828.7412118338	
-726.0569499719	829.3488618907	
-727.9623744501	829.9575183672	
-729.8687931883	830.5651684184	
-731.7752119213	831.1728184640	
-733.6806363882	831.7814749335	
-735.5958879895	832.3610606081	
-737.5121156121	832.9366388200	
-739.4283371465	833.5112166854	
-741.3445586849	834.0857945481	
-743.2657029021	834.6473375292	
-745.1878049035	835.2018720162	
-747.1099008225	835.7554061564	
-749.0329970802	836.3089342131	
-750.9560872526	836.8614619231	
-752.8791713415	837.4129892824	
-754.8022615067	837.9655169872	
-756.7253455845	838.5170443422	
-758.6484296620	839.0685716954	
-760.5705377056	839.6241065023	
-762.4926396666	840.1786409636	
-764.4147416208	840.7331754199	
-766.3378439177	841.2877037942	
-768.2579755720	841.8472521268	
-770.1791136454	842.4077947233	
-772.0992513707	842.9683433942	
-774.0203894347	843.5288859831	
-775.9424974434	844.0844207673	
-777.8646054443	844.6399555468	
-779.7867073648	845.1944899813	
-781.7088092755	845.7490244097	
-783.6309111874	846.3035588373	
-785.5530130895	846.8580932606	
-787.4761092555	847.4116212588	
-789.3982050715	847.9651553312	
-791.3203130425	848.5206900914	
-793.2424270872	849.0772251926	
-795.1645411269	849.6337602911	
-797.0866551633	850.1902953854	
-799.0077627704	850.7458362122	
-800.9298828768	851.3033716461	
-802.8510026317	851.8609131577	
-804.7721223861	852.4184546645	
-806.6942363981	852.9749897437	
-808.6153561407	853.5325312440	
-810.5374762234	854.0900666641	
-812.4585959550	854.6476081584	
-814.3807038705	855.2031428821	
-816.3028117811	855.7586776033	
-818.2249136055	856.3132119756	
-820.1470215065	856.8687466918	
-822.0691233246	857.4232810573	
-823.9912433740	857.9808164561	
-825.9133512598	858.5363511615	
-827.8344648786	859.0928922870	
-829.7565788338	859.6494273309	
-831.6777046008	860.2079691414	
-833.5998246287	860.7655045251	
-835.5209382279	861.3220456384	
-837.4420579006	861.8795870951	
-839.3641718335	862.4361221240	
-841.2862857629	862.9926571495	
-843.2083936068	863.5481918266	
-845.1295011045	864.1037325845	
-847.0516089388	864.6592672553	
-848.9747171142	865.2147958448	
-850.8968249390	865.7703305129	
-852.8189266836	866.3248648313	
-854.7400402336	866.8814059144	
-856.6621541263	867.4379409171	
-858.5832737492	867.9954823390	
-860.5053876312	868.5520173362	
-862.4274954302	869.1075519852	
-864.3495910634	869.6610859409	
-866.2726931165	870.2156141598	
-868.1947826640	870.7681477650	
-870.1178847077	871.3226759773	
-872.0389982171	871.8792170352	
-873.9611120691	872.4357520113	
-875.8832259135	872.9922869823	
-877.8043454900	873.5498283765	
-879.7245011944	874.1133779106	
-881.6436504688	874.6759331797	
-883.5638000850	875.2384823657	
-885.4819854850	875.8070457730	
-887.3972428006	876.3876315509	
-889.3114936888	876.9672230604	
-891.2267509958	877.5478088306	
-893.1390498225	878.1354152486	
-895.0454742462	878.7440653729	
-896.9508922484	879.3517212306	
-898.8573166649	879.9603713482	
-900.7627468125	880.5700278876	
-902.6593440879	881.2077487819	
-904.5549410119	881.8454757553	
-906.4515443559	882.4841969876	
-908.3481416157	883.1219178750	
-910.2299768887	883.7997437254	
-912.1098601059	884.4855844891	
-913.9897372401	885.1704249039	
-915.8686201029	885.8562717386	
-917.7317649573	886.5862309966	
-919.5880046683	887.3322383197	
-921.4452325612	888.0762388698	
-923.3024665279	888.8212397603	
-925.1409492908	889.6083706243	
-926.9705627044	890.4175637758	
-928.8011764568	891.2267508452	
-930.6307837844	892.0349436433	
-932.4436162756	892.8812528788	
-934.2475550994	893.7456230252	
-936.0524942616	894.6099870863	
-937.8297581599	895.5295403141	
-939.6050335229	896.4511063850	
-941.3773504071	897.3796930990	
-943.1358083794	898.3323731890	
-944.8754847516	899.3221815280	
-946.6062370568	900.3250490556	
-948.3161949148	901.3630563044	
-950.0241764007	902.4050770841	
-951.7172925478	903.4701969722	
-953.3975379699	904.5574034666	
-955.0470402162	905.6888135755	
-956.6935779095	906.8262439829	
-958.3103484562	908.0038705505	
-959.9092647897	909.2066151537	
-961.4962681879	910.4244378711	
-963.0783124158	911.6492933946	
-964.6563856683	912.8791749507	
-966.1748759914	914.1814460719	
-967.6804530340	915.4988013876	
-969.1959666415	916.8050921147	
-970.6836651565	918.1435640855	
-972.1296045536	919.5243058571	
-973.5596539553	920.9241514391	
-974.9598693367	922.3531893923	
-976.3272618280	923.8134386410	
-977.6588364712	925.3059177701	
-978.9327012095	926.8497670747	
-980.2075541330	928.3916096075	
-981.4605028360	929.9505917380	
-982.6776154546	931.5388027177	
-983.8578734099	933.1532475910	
-985.0002885127	934.7959331290	
-986.1297538593	936.4477007930	
-987.2333136095	938.1166323801	
-988.2820611370	939.8199100488	
-989.2969246307	941.5444016556	
-990.2868585577	943.2820497229	
-991.2249508952	945.0490239144	
-992.1321298395	946.8321920820	
-992.9824533126	948.6427160832	
-993.8238040880	950.4582965171	
-994.6132767992	952.2972010128	
-995.3787959666	954.1452545152	
-996.0724605836	956.0217553923	
-996.7561460774	957.9023184419	
-997.3939069371	959.7981663172	
-997.9827482046	961.7103176059	
-998.5186624267	963.6377962800	
-999.0415904174	965.5683550196	
-999.4995993884	967.5163147930	
-999.9306355495	969.4704407829	
-1000.3306914403	971.4297569616	
-1000.7317537597	973.3900674033	
-1001.0678666641	975.3627771567	
-1001.4049738361	977.3344804845	
-1001.6691227601	979.3176314205	
-1001.8892869382	981.3060515840	
-1001.9984615491	983.3031493532	
-1002.1076422423	985.3012474662	
-1002.1358072148	987.3018387264	
-1002.1589704708	989.3024603878	
-1002.1231073439	991.3024404081	
-1002.0702383655	993.3025237867	
-1001.9603315291	995.2999526770	
-1001.8354134609	997.2964724223	
-1001.6454426164	999.2883856312	
-1001.4264374754	1001.2764737773	
-1001.1363531784	1003.2559904906	
-1000.8362532865	1005.2335673162	
-1000.4850872009	1007.2034514573	
-1000.1168970294	1009.1704379220	
-999.7477004393	1011.1364301262	
-999.3123960135	1013.0888187773	
-998.7919285746	1015.0197166389	
-998.2343876063	1016.9408360161	
-997.6277385768	1018.8472481411	
-997.0100675236	1020.7507261133	
-996.3332484875	1022.6335555676	
-995.6062906466	1024.4966821292	
-994.8181598118	1026.3351709572	
-994.0099734610	1028.1657786291	
-993.1676781284	1029.9805875134	
-992.2912677376	1031.7785972612	
-991.3446143756	1033.5410202069	
-990.4029809796	1035.3064137891	
-989.4543208583	1037.0678485584	
-988.5167010006	1038.8352185218	
-987.5238737436	1040.5719122050	
-986.5189997935	1042.3016764411	
-985.4558930864	1043.9967812628	
-984.3104176798	1045.6363653547	
-983.1036537601	1047.2323051732	
-981.8506490514	1048.7915119317	
-980.5855794126	1050.3407882086	
-979.3034248874	1051.8771633743	
-977.9719920576	1053.3708216508	
-976.6063529664	1054.8326756304	
-975.2246171708	1056.2796217296	
-973.8318107098	1057.7156309244	
-972.3937090820	1059.1058978792	
-970.9264150751	1060.4663308281	
-969.4309168720	1061.7949229978	
-967.9303865472	1063.1185438519	
-966.3814931442	1064.3854369171	
-964.8124347776	1065.6264426344	
-963.1990025476	1066.8086955545	
-961.5845760520	1067.9919549045	
-959.9297709920	1069.1154367966	
-958.2547827265	1070.2100303033	
-956.5666562259	1071.2826952777	
-954.8775293760	1072.3553663388	
-953.1793143119	1073.4140873017	
-951.4588606332	1074.4349289429	
-949.6969307655	1075.3799936928	
-947.9005939966	1076.2602427801	
-946.0779078000	1077.0846306670	
-944.2359536231	1077.8661192679	
-942.3868936702	1078.6306445789	
-940.5225914401	1079.3562476601	
-938.6471151782	1080.0539079835	
-936.7634780836	1080.7256079953	
-934.8543946224	1081.3254352151	
-932.9412125029	1081.9092812451	
-931.0167773184	1082.4521800390	
-929.0719035695	1082.9241759832	
-927.1249683285	1083.3861806478	
-925.1697871320	1083.8082201760	
-923.2104829550	1084.2102771401	
-921.2377547892	1084.5433893828	
-919.2567198670	1084.8265330479	
-917.2714464478	1085.0706876015	
-915.2851787603	1085.3158485817	
-913.2914101079	1085.4790238810	
-911.2954462042	1085.6102003220	
-909.2961590299	1085.6883767506	
-907.2968475295	1085.7625518001	
-905.2961344063	1085.7707102030	
-903.2961237123	1085.7298456477	
-901.2968883998	1085.6519622680	
-899.2994105795	1085.5340529543	
-897.3028844550	1085.4081348037	
-895.3119652033	1085.2171577859	
-893.3286109503	1084.9541073286	
-891.3491060721	1084.6660239438	
-889.3734444913	1084.3519072790	
-887.4054938264	1083.9897254450	
-885.4501767630	1083.5664435566	
-883.4987637939	1083.1271318386	
-881.5492785497	1082.6758038213	
-879.6173982319	1082.1583436339	
-877.6913558176	1081.6138376653	
-875.7878957319	1080.9991677443	
-873.8854177467	1080.3814907077	
-871.9907905125	1079.7387564167	
-870.1109070135	1079.0529161138	
-868.2487621936	1078.3229512131	
-866.3944802881	1077.5699297469	
-864.5500680679	1076.7948399004	
-862.7244131138	1075.9786204093	
-860.9105859726	1075.1333179671	
-859.1105873366	1074.2589204131	
-857.3105947763	1073.3855231990	
-855.5293838034	1072.4749977167	
-853.7639959447	1071.5343646181	
-852.0174018315	1070.5586039433	
-850.2816899085	1069.5627694936	
-848.5529135145	1068.5558886918	
-846.8370078409	1067.5269212689	
-845.1399323955	1066.4688283309	
-843.4596864867	1065.3816220428	
-841.7804409204	1064.2944096700	
-840.1229962180	1063.1730518238	
-838.4675400408	1062.0496811210	
-836.8448155601	1060.8800939312	
-835.2220849961	1059.7095063933	
-833.6142379998	1058.5188207626	
-832.0083795343	1057.3261222766	
-830.4332824699	1056.0922211880	
-828.8611682035	1054.8553008175	
-827.3089027464	1053.5922498909	
-825.7625967999	1052.3221600677	
-824.2341754538	1051.0319539095	
-822.7097190091	1049.7357213614	
-821.1902338833	1048.4344566846	
-819.6727312098	1047.1301788107	
-818.1949747991	1045.7816425780	
-816.7182126606	1044.4320999176	
-815.2573465920	1043.0644537697	
-813.8064231720	1041.6867433757	
-812.3565000970	1040.3090268970	
-810.9344103510	1038.9021301844	
-809.5152973216	1037.4912138488	
-808.1001674299	1036.0772721549	
-806.6989572474	1034.6492405159	
-805.3166441728	1033.2030871511	
-803.9383020775	1031.7519077413	
-802.5609664059	1030.3017225881	
-801.1885959797	1028.8455049649	
-799.8291631523	1027.3782045082	
-798.4945991091	1025.8877441272	
-797.1341659420	1024.4204497380	
-795.7697557112	1022.9571810425	
-794.4043512213	1021.4949187657	
-793.0389467285	1020.0326564834	
-791.6735422400	1018.5703941940	
-790.3160918673	1017.1000805084	
-788.9586475768	1015.6307671573	
-787.6021975491	1014.1604473791	
-786.2447471786	1012.6901336734	
-784.8932684765	1011.2147817635	
-783.5467671765	1009.7353980689	
-782.1992655348	1008.2560204480	
-780.8517699740	1006.7776431671	
-779.5002851943	1005.3012908881	
-778.1468179636	1003.8279517987	
-776.7943510783	1002.3546066224	
-775.4408777695	1000.8802671775	
-774.0903994172	999.4049091416	
-772.7399149824	997.9285507550	
-771.3894305497	996.4521923636	
-770.0389461181	994.9758339676	
-768.6924387433	993.4954498675	
-767.3469317152	992.0150596847	
-766.0004304257	990.5356759185	
-764.6539230505	989.0552918011	
-763.3034447029	987.5799337224	
-761.9509717418	986.1055881436	
-760.5984987840	984.6312425572	
-759.2460258255	983.1568969650	
-757.8925525232	981.6825574461	
-756.5400856447	980.2092121886	
-755.1866123422	978.7348726623	
-753.8341454644	977.2615273920	
-752.4816664281	975.7861814275	
-751.1321823470	974.3098168758	
-749.7816979177	972.8334583969	
-748.4312134942	971.3570999132	
-747.0807290668	969.8807414225	
-745.7282561154	968.4063957758	
-744.3757831583	966.9320501240	
-743.0223159423	965.4587108921	
-741.6698429896	963.9843652279	
-740.3193585663	962.5080067118	
-738.9688802226	961.0326485326	
-737.6173954569	959.5562960852	
-736.2669171132	958.0809378960	
-734.9144380814	956.6055918610	
-733.5619651335	955.1312461656	
-732.2094921841	953.6569004632	
-730.8570192337	952.1825547578	
-729.5075351589	950.7061901161	
-728.1570507398	949.2298315509	
-726.8065663195	947.7534729778	
-725.4570822471	946.2771083217	
-724.1056035653	944.8017561622	
-722.7541248822	943.3264039994	
-721.4026462002	941.8510518291	
-720.0501732547	940.3767060794	
-718.7006831018	938.8993410508	
-717.3501986883	937.4229824402	
-716.0007146162	935.9466177448	
-714.6502302029	934.4702591229	
-713.2987515236	932.9949069218	
-711.9462785789	931.5205611371	
-710.5947999022	930.0452089241	
-709.2423269577	928.5708631308	
-707.8908482813	927.0955109056	
-706.5383753368	925.6211651026	
-705.1859023979	924.1468192897	
-703.8334294561	922.6724734728	
-702.4819507795	921.1971212278	
-701.1304721042	919.7217689761	
-699.7789934304	918.2464167193	
-698.4275147533	916.7710644565	
-697.0780306886	915.2946996852	
-695.7285405477	913.8173345632	
-694.3800507490	912.3399633536	
-693.0305606082	910.8625982221	
-691.6790758564	909.3862455884	
-690.3246143881	907.9139125668	
-688.9701529231	906.4415795367	
-687.6156914567	904.9692465044	
-686.2612299892	903.4969134658	
-684.9127341159	902.0185418748	
-683.5642382393	900.5401702803	
-682.2157484458	899.0627990245	
-680.8672586543	897.5854277626	
-679.5147796405	896.1100815045	
-678.1633070530	894.6357295028	
-676.8108341189	893.1613835765	
-675.4583551074	891.6860373005	
-674.1098653164	890.2086660119	
-672.7613755261	888.7312947185	
-671.4118793112	887.2529291531	
-670.0633895194	885.7755578470	
-668.7089280607	884.3032247364	
-667.3534662549	882.8308977008	
-665.9990047964	881.3585645816	
-664.6445433371	879.8862314571	
-663.2910761457	878.4128918993	
-661.9386032155	876.9385459140	
-660.5861302895	875.4641999234	
-659.2336573621	873.9898539266	
-657.8801901704	872.5165143482	
-656.5267229808	871.0431747650	
-655.1732557897	869.5698351767	
-653.8197825193	868.0954952376	
-652.4693042036	866.6201367107	
-651.1198140759	865.1427714081	
-649.7703239468	863.6654060998	
-648.4218341638	862.1880347057	
-647.0683608964	860.7136947399	
-645.7138994440	859.2413615371	
-644.3594379906	857.7690283301	
-643.0049765401	856.2966951163	
-641.6515032742	854.8223551286	
-640.3000306972	853.3480029741	
-638.9475577765	851.8736568975	
-637.5950848567	850.3993108124	
-636.2436001227	848.9229579540	
-634.8941160788	847.4465929305	
-633.5446320367	845.9702279023	
-632.1941415691	844.4928686028	
-630.8436632626	843.0175099872	
-629.4921846082	841.5421574488	
-628.1397116926	840.0678113235	
-626.7882330410	838.5924587716	
-625.4367543911	837.1171062154	
-624.0852757396	835.6417536533	
-622.7338031713	834.1674014275	
-621.3813241773	832.6920549347	
-620.0308397924	831.2156959320	
-618.6813557545	829.7393308417	
-617.3308713724	828.2629718291	
-615.9803869891	826.7866128078	
-614.6299026074	825.3102537832	
-613.2794182271	823.8338947517	
-611.9289399244	822.3585360603	
-610.5774551999	820.8821830968	
-609.2249883690	819.4088372435	
-607.8715211925	817.9354974645	
-606.5170536726	816.4621637587	
-605.1635925784	814.9898243123	
-603.8111135895	813.5144777482	
-602.4606352911	812.0391190173	
-601.1091505696	810.5627660173	
-599.7586722723	809.0874072771	
-598.4091821597	807.6100417616	
-597.0616866593	806.1316637368	
-595.7131908150	804.6532917866	
-594.3646949712	803.1749198312	
-593.0132163308	801.6995671431	
-591.6607434254	800.2252208738	
-590.3082766004	798.7518749429	
-588.9548033514	797.2775347429	
-587.6013361818	795.8041948815	
-586.2478690139	794.3308550132	
-584.8963903779	792.8555022930	
-583.5469002682	791.3781367184	
-582.1974101657	789.9007711377	
-580.8489204059	788.4233994714	
-579.4994303001	786.9460338804	
-578.1489459316	785.4696747074	
-576.7994619060	783.9933094504	
-575.4499718039	782.5159438425	
-574.0994874352	781.0395846538	
-572.7470145362	779.5652383096	
-571.3935473724	778.0918983813	
-570.0410744739	776.6175520242	
-568.6876073127	775.1442120884	
-567.3361286773	773.6688592950	
-565.9846500501	772.1935064984	
-564.6341656855	770.7171472715	
-563.2826870545	769.2417944632	
-561.9322087698	767.7664355713	
-560.5817244062	766.2900763267	
-559.2312400420	764.8137170770	
-557.8807556796	763.3373578246	
-556.5282827861	761.8630114121	
-555.1748156284	760.3896714215	
-553.8223427357	758.9153249975	
-552.4688755771	757.4419849962	
-551.1154084212	755.9686449868	
-549.7639297952	754.4932921251	
-548.4114569045	753.0189456808	
-547.0599782769	751.5435928073	
-545.7075053909	750.0692463522	
-544.3570271114	748.5938873896	
-543.0055484870	747.1185345001	
-541.6530695205	745.6431876841	
-540.3025912431	744.1678287035	
-538.9511065399	742.6914754539	
-537.6016225312	741.2151100370	
-536.2511381743	739.7387506967	
-534.8996595535	738.2633977743	
-533.5471866658	736.7890512717	
-532.1947137834	735.3147047621	
-530.8432351614	733.8393518238	
-529.4907622796	732.3650053036	
-528.1382893962	730.8906587775	
-526.7868107782	729.4153058222	
-525.4343378952	727.9409592861	
-524.0818650111	726.4666127465	
-522.7293921289	724.9922661994	
-521.3779195926	723.5179135668	
-520.0254406307	722.0425666633	
-518.6729677510	720.5682201018	
-517.3234837473	719.0918546046	
-515.9729933184	717.6144948375	
-514.6235093154	716.1381293290	
-513.2720307009	714.6627763184	
-511.9195578240	713.1884297298	
-510.5670849456	711.7140831350	
-509.2136178024	710.2407429577	
-507.8601445771	708.7664024289	
-506.5096663133	707.2910433129	
-505.1601762341	705.8136774226	
-503.8096918880	704.3373179506	
-502.4592075458	702.8609584754	
-501.1057404053	701.3876182648	
-499.7502847334	699.9162908981	
-498.3948290629	698.4449635262	
-497.0393733910	696.9736361494	
-495.6869005191	695.4992894939	
-494.3384047075	694.0209171348	
-492.9909092442	692.5425386923	
-491.6424134309	691.0641663219	
-490.2939176258	689.5857939485	
-488.9434332846	688.1094344165	
-487.5929550257	686.6340752256	
-486.2414764209	685.1587221080	
-484.8899917379	683.6823686393	
-483.5405077454	682.2060030061	
-482.1900234082	680.7296434486	
-480.8405394164	679.2532778052	
-479.4900550804	677.7769182352	
-478.1385703987	676.3005647408	
-476.7880921421	674.8252055076	
-475.4366135406	673.3498523442	
-474.0861352853	671.8744930974	
-472.7356448729	670.3971331559	
-471.3861608846	668.9207674759	
-470.0366708166	667.4434014428	
-468.6861864839	665.9670418303	
-467.3347139649	664.4926889823	
-465.9812407579	663.0183482863	
-464.6277736291	661.5450079302	
-463.2743065016	660.0716675678	
-461.9238221705	658.5953079290	
-460.5753324496	657.1179357795	
-459.2268366547	655.6395632800	
-457.8773465897	654.1621971995	
-456.5288568731	652.6848250345	
-455.1793668115	651.2074589436	
-453.8298767484	649.7300928483	
-452.4803866869	648.2527267464	
-451.1289141736	646.7783738306	
-449.7754409713	645.3040330718	
-448.4229741897	643.8306865702	
-447.0695009924	642.3563457996	
-445.7170281341	640.8819989415	
-444.3655495447	639.4066456563	
-443.0140709560	637.9312923659	
-441.6625923666	636.4559390670	
-440.3121141201	634.9805796865	
-438.9616298007	633.5042199552	
-437.6121397442	632.0268537933	
-436.2616554225	630.5504940510	
-434.9121714466	629.0741282232	
-433.5606867807	627.5977745492	
-432.2112028056	626.1214087091	
-430.8607184867	624.6450489455	
-429.5092399004	623.1696956004	
-428.1567670503	621.6953486741	
-426.8043002804	620.2220020869	
-425.4508270847	618.7476612278	
-424.0973599715	617.2743207093	
-422.7488641853	615.7959480643	
-421.4003744797	614.3185757578	
-420.0508844297	612.8412095257	
-418.7023947255	611.3638372101	
-417.3548932076	609.8844581185	
-416.0073916913	608.4050790200	
-414.6598962544	606.9267002629	
-413.3114004714	605.4483275788	
-411.9589276258	603.9739805894	
-410.6064608625	602.5006339369	
-409.2529876692	601.0262930147	
-407.9005148300	599.5519460054	
-406.5490362524	598.0765925681	
-405.1965634088	596.6022455493	
-403.8450848335	595.1268921008	
-402.4936062568	593.6515386469	
-401.1441162119	592.1741723399	
-399.7946322482	590.6978063715	
-398.4451422082	589.2204400537	
-397.0946578979	587.7440801527	
-395.7421850611	586.2697330964	
-394.3897122207	584.7953860339	
-393.0372393821	583.3210389668	
-391.6847665447	581.8466918941	
-390.3332879736	580.3713383922	
-388.9808212170	578.8979916543	
-387.6283483790	577.4236445653	
-386.2748751984	575.9493035488	
-384.9214080978	574.4759628729	
-383.5679409936	573.0026221921	
-382.2144738954	571.5292815057	
-380.8590182614	570.0579536632	
-379.5015680182	568.5876383168	
-378.1451120441	567.1163165425	
-376.7886621459	565.6459951071	
-375.4361893141	564.1716479698	
-374.0857110941	562.6962883230	
-372.7342325278	561.2209347500	
-371.3837482282	559.7445747490	
-370.0302811318	558.2712340136	
-368.6768140368	556.7978932734	
-367.3233469408	555.3245525275	
-365.9688794976	553.8512178540	
-364.6164127501	552.3778710200	
-363.2639338418	550.9025234894	
-361.9124613607	549.4281702174	
-360.5599824551	547.9528226753	
-359.2075096269	546.4784754721	
-357.8560371452	545.0041221864	
-356.5035582401	543.5287746258	
-355.1520857591	542.0544213296	
-353.7996129343	540.5800741058	
-352.4461397653	539.1057329541	
-351.0946672840	537.6313796413	
-349.7421944606	536.1570324003	
-348.3897216389	534.6826851542	
-347.0372427369	533.2073375583	
-345.6847699131	531.7329903024	
-344.3322970926	530.2586430405	
-342.9798242713	528.7842957724	
-341.6283517958	527.3099424215	
-340.2758789742	525.8355951427	
-338.9234000749	524.3602475155	
-337.5719276017	522.8858941462	
-336.2224375812	521.4085275786	
-334.8739418243	519.9301545815	
-333.5254521500	518.4527819268	
-332.1759621314	516.9754153419	
-330.8234893134	515.5010680254	
-329.4700222282	514.0277271290	
-328.1165551488	512.5543862271	
-326.7630880660	511.0810453188	
-325.4135980499	509.6036787095	
-324.0670908311	508.1232928195	
-322.7205896909	506.6439072704	
-321.3730882100	505.1645277955	
-320.0226039286	503.6881675894	
-318.6711314584	502.2138141453	
-317.3186586486	500.7394667766	
-315.9671801020	499.2641129767	
-314.6157015534	497.7887591710	
-313.2652233572	496.3133992810	
-311.9147390775	494.8370390418	
-310.5642547993	493.3606787953	
-309.2137705221	491.8843185456	
-307.8632862464	490.4079582902	
-306.5128019703	488.9315980279	
-305.1633180372	487.4552316812	
-303.8118394976	485.9798778343	
-302.4593666892	484.5055304060	
-301.1058935367	483.0311890507	
-299.7534207303	481.5568416103	
-298.4009479261	480.0824941640	
-297.0494693859	478.6071402898	
-295.6979908451	477.1317864087	
-294.3465183879	475.6574328686	
-292.9950398502	474.1820789781	
-291.6445555794	472.7057186564	
-290.2950655709	471.2283519059	
-288.9445813031	469.7519915750	
-287.5950973785	468.2756251576	
-286.2426184982	466.8002773207	
-284.8911460398	465.3259237417	
-283.5386732409	463.8515762364	
-282.1861943622	462.3762283823	
-280.8357161722	460.9008683629	
-279.4832372951	459.4255204976	
-278.1317648420	457.9511668928	
-276.7802863092	456.4758129368	
-275.4288077770	455.0004589741	
-274.0773292463	453.5251050089	
-272.7258507146	452.0497510370	
-271.3743721849	450.5743970607	
-270.0238879218	449.0980366532	
-268.6734097365	447.6226765855	
-267.3219251274	446.1463222477	
-265.9714469451	444.6709621688	
-264.6209626855	443.1946017422	
-263.2714726866	441.7172348828	
-261.9219887752	440.2408683643	
-260.5715045130	438.7645079208	
-259.2220145212	437.2871410455	
-257.8725306071	435.8107745116	
-256.5220402692	434.3334137063	
-255.1715560102	432.8570532409	
-253.8190892986	431.3837059610	
-252.4646218971	429.9103708378	
-251.1111548414	428.4370296273	
-249.7576877870	426.9636884113	
-248.4072096107	425.4883282649	
-247.0557310848	424.0129741896	
-245.7042525664	422.5376201121	
-244.3537683094	421.0612596033	
-243.0012955261	419.5869119365	
-241.6478284724	418.1135706905	
-240.2953556867	416.6392230127	
-238.9418825563	415.1648814109	
-237.5894097732	413.6905337227	
-236.2379373306	412.2161799488	
-234.8854645503	410.7418322513	
-233.5329917665	409.2674845486	
-232.1815132506	407.7921304157	
-230.8300347314	406.3167762777	
-229.4775619513	404.8424285570	
-228.1260834349	403.3670744086	
-226.7755991890	401.8907138287	
-225.4261152862	400.4143471662	
-224.0766253047	398.9369801509	
-222.7271353247	397.4596131306	
-221.3756568130	395.9842589553	
-220.0241783005	394.5089047744	
-218.6726997889	393.0335505871	
-217.3212273561	391.5591967407	
-215.9687545789	390.0848489663	
-214.6152814569	388.6105072670	
-213.2628086814	387.1361594810	
-211.9103359057	385.6618116932	
-210.5568688624	384.1884703209	
-209.2043960873	382.7141225231	
-207.8509290489	381.2407811404	
-206.4974620067	379.7674397530	
-205.1459835001	378.2920855126	
-203.7964935271	376.8147184190	
-202.4470096329	375.3383516647	
-201.0965193154	373.8609906378	
-199.7460350765	372.3846299508	
-198.3955569152	370.9092696058	
-197.0440784096	369.4339153327	
-195.6936002519	367.9585549752	
-194.3421217492	366.4832006926	
-192.9916375146	365.0068399781	
-191.6411532792	363.5304792596	
-190.2906690450	362.0541185340	
-188.9401908885	360.5787581516	
-187.5887063075	359.1024034959	
-186.2372278085	357.6270491785	
-184.8867496539	356.1516887792	
-183.5342708098	354.6763405319	
-182.1817980454	353.2019926243	
-180.8293313598	351.7286450561	
-179.4758643298	350.2553035622	
-178.1223912190	348.7809617174	
-176.7748958680	347.3025820120	
-175.4273944382	345.8232019582	
-174.0808933523	344.3438158159	
-172.7333980034	342.8654360952	
-171.3809191615	341.3900877991	
-170.0254636024	339.9187591165	
-168.6690076972	338.4474365074	
-167.3135582165	336.9771081598	
-165.9610793767	335.5017598406	
-164.6115954963	334.0253929381	
-163.2611051931	332.5480317594	
-161.9116213133	331.0716648440	
-160.5621374358	329.5952979232	
-159.2126474778	328.1179306522	
-157.8631575201	326.6405633755	
-156.5126732978	325.1642025158	
-155.1631894198	323.6878355747	
-153.8117048541	322.2114807850	
-152.4612267116	320.7361202556	
-151.1107424888	319.2597593764	
-149.7592640026	317.7844049153	
-148.4057969826	316.3110632985	
-147.0523299625	314.8377216767	
-145.6978626001	313.3643861270	
-144.3443955806	311.8910444923	
-142.9958998951	310.4126707324	
-141.6474102902	308.9352973137	
-140.2989146064	307.4569235414	
-138.9504250024	305.9795501109	
-137.5979522521	304.5052020263	
-136.2444791594	303.0308600151	
-134.8920124865	301.5575122666	
-133.5385454750	300.0841705902	
-132.1890555280	298.6068032121	
-130.8405598469	297.1284294025	
-129.4920702455	295.6510559341	
-128.1425803002	294.1736885393	
-126.7891132892	292.7003468376	
-125.4356462771	291.2270051272	
-124.0831735319	289.7526569896	
-122.7297065223	288.2793152718	
-121.3812108445	286.8009414247	
-120.0337155148	285.3225614949	
-118.6852198376	283.8441876394	
-117.3367241625	282.3658137763	
-115.9832571558	280.8924720300	
-114.6287958799	279.4201367041	
-113.2743285266	277.9468010258	
-111.9198672542	276.4744656884	
-110.5674005938	275.0011178430	
-109.2139275065	273.5267757236	
-107.8604605027	272.0534339463	
-106.5079938444	270.5800860847	
-105.1575035612	269.1027246784	
-103.8100082362	267.6243446824	
-102.4625068325	266.1449643369	
-101.1150115090	264.6665843321	
-99.7655215729	263.1892168256	
-98.4130549179	261.7158689310	
-97.0605761050	260.2405203401	
-95.7081033704	258.7661720905	
-94.3546363696	257.2928302584	
-93.0001751024	255.8204948470	
-91.6457138343	254.3481594296	
-90.2912464921	252.8748236602	
-88.9367852267	251.4024882310	
-87.5853128415	249.9281338693	
-86.2328340314	248.4527852367	
-84.8803613005	246.9784369425	
-83.5288828372	245.5030822199	
-82.1784047209	244.0277214136	
-80.8279205237	242.5513602559	
-79.4764420641	241.0760055193	
-78.1249636012	239.6006507717	
-76.7714966090	238.1273088725	
-75.4190238811	236.6529605422	
-74.0655568852	235.1796186293	
-72.7120898948	233.7062767110	
-71.3615996250	232.2289151730	
-70.0121218569	230.7535482397	
-68.6606373215	229.2771931110	
-67.3111534749	227.8008258229	
-65.9596750183	226.3254710301	
-64.6071962166	224.8501223105	
-63.2557238407	223.3757678546	
-61.9042453838	221.9004130457	
-60.5487837847	220.4280835825	
-59.1943225288	218.9557480361	
-57.8388670083	217.4844189087	
-56.4834114872	216.0130897781	
-55.1349158359	214.5347156696	
-53.7904033285	213.0533162050	
-52.4448904801	211.5719228124	
-51.0993837086	210.0915297623	
-49.7528826711	208.6121431308	
-48.4043930990	207.1347693410	
-47.0558974481	205.6563952021	
-45.7064075337	204.1790274812	
-44.3559233517	202.7026661790	
-43.0044509822	201.2283116424	
-41.6519721889	199.7529628337	
-40.3004937411	198.2776079386	
-38.9480210293	196.8032594643	
-37.5955543933	195.3299113306	
-36.2430756023	193.8545624981	
-34.8906028900	192.3802140086	
-33.5401187133	190.9038526649	
-32.1916230693	189.4254784650	
-30.8441277705	187.9470981827	
-29.4956382076	186.4697243186	
-28.1431654980	184.9953758013	
-26.7867096436	183.5240526305	
-25.4292655996	182.0547362236	
-24.0718154770	180.5844194657	
-22.7183485000	179.1110773518	
-21.3688585965	177.6337095332	
-20.0193747693	176.1573420582	
-18.6688905971	174.6809806552	
-17.3184064237	173.2046192467	
-15.9659337196	171.7302706802	
-14.6134610142	170.2559221115	
-13.2619825772	168.7805671090	
-11.9095159524	167.3072188735	
-10.5560429033	165.8328763660	
-9.2035701993	164.3585277744	
-7.8501032307	162.8851856014	
-6.4996190619	161.4088241502	
-5.1501352408	159.9324566146	
-3.7996510748	158.4560951531	
-2.4491608298	156.9787333400	
-1.0976884742	155.5043786378	
0.2547842239	154.0300300071	
1.6072569231	152.5556813744	
2.9607299666	151.0813388111	
4.3141969340	149.6079965902	
5.6676638982	148.1346543640	
7.0211308601	146.6613121323	
8.3745978234	145.1879698955	
9.7240877211	143.7106019553	
11.0725772679	142.2332279336	
12.4210728952	140.7548535607	
13.7705627874	139.2774856045	
15.1200466025	137.8011179881	
16.4705307625	136.3247564465	
17.8200145746	134.8483888220	
19.1704987337	133.3720272685	
20.5209828917	131.8956657104	
21.8714670484	130.4193041475	
23.2229454714	128.9439490053	
24.5734296277	127.4675874309	
25.9268965854	125.9942451242	
27.2803635426	124.5209028113	
28.6338304979	123.0475604960	
29.9872974543	121.5742181736	
31.3387758758	120.0988629989	
32.6902542944	118.6235078144	
34.0427269823	117.1491590529	
35.3932050551	115.6737977838	
36.7436952856	114.1964358173	
38.0941794362	112.7200741901	
39.4436632425	111.2437064788	
40.7951416585	109.7683512646	
42.1486086111	108.2950088954	
43.5020816394	106.8206661736	
44.8555485916	105.3473237941	
46.2070209276	103.8729689048	
47.5575050746	102.3966072399	
48.9079892204	100.9202455720	
50.2584733667	99.4438838955	
51.6089575142	97.9675222165	
52.9584413135	96.4911544514	
54.3089254603	95.0147927608	
55.6584153360	93.5374246422	
57.0079052130	92.0600565156	
58.3563947434	90.5826823064	
59.7058846193	89.1053141709	
61.0543802296	87.6269396047	
62.4028697570	86.1495653780	
63.7513653639	84.6711908018	
65.0988606257	83.1928101431	
66.4473562341	81.7144355559	
67.7988346389	80.2390802364	
69.1513073138	78.7647313349	
70.5037799870	77.2903824292	
71.8562526590	75.8160335184	
73.2077249847	74.3416785233	
74.5592094718	72.8653228310	
75.9096936055	71.3889610557	
77.2601716665	69.9135996204	
78.6126443336	68.4392506830	
79.9671116184	66.9659142423	
81.3205785569	65.4925717188	
82.6740394119	64.0202295339	
84.0245296227	62.5428673809	
85.3730191450	61.0654930656	
86.7225090090	59.5881248216	
88.0710046090	58.1097501512	
89.4194941267	56.6323758199	
90.7679897238	55.1540011364	
92.1164792414	53.6766267949	
93.4649748355	52.1982521015	
94.8144646996	50.7208838278	
96.1649488291	49.2445219711	
97.5154268793	47.7691604565	
98.8659110085	46.2927985911	
100.2193779361	44.8194559923	
101.5728448682	43.3461133895	
102.9273121401	41.8727768580	
104.2817733360	40.4004406681	
105.6342459943	38.9260916235	
106.9867186578	37.4517425754	
108.3391913135	35.9773935193	
109.6916639761	34.5030444596	
111.0401534826	33.0256700438	
112.3876548045	31.5462888512	
113.7351500467	30.0679080011	
115.0826513676	28.5885267985	
116.4251752699	27.1051138156	
117.7667049111	25.6206944023	
119.1082345472	24.1362749850	
120.4547355150	22.6568876826	
121.8131798532	21.1875767752	
123.1716181128	19.7192662083	
124.5310567139	18.2509617133	
125.8845236325	16.7776190141	
127.2379905522	15.3042763093	
128.5914574705	13.8309336001	
129.9449243898	12.3575908852	
131.2973970404	10.8832417411	
132.6488754241	9.4078861659	
134.0013541542	7.9325366641	
135.3528264548	6.4581814243	
136.7043048345	4.9828258346	
138.0518061498	3.5034445416	
139.3993013782	2.0250635906	
140.7468026887	0.5456822875	
142.0942979201	-0.9326986740	
143.4338390125	-2.4191310365	
144.7733740243	-3.9045630570	
146.1139154590	-5.3909893505	
147.4832906493	-6.8482293463	
148.8059170362	-8.3497702507	
150.1285434207	-9.8513111571	
151.4501694632	-11.3528581514	
152.7688187756	-12.8584247670	
154.0705412304	-14.3770992159	
155.3712754931	-15.8977804411	
156.6650377281	-17.4235059497	
157.9588060348	-18.9502318103	
159.2286815364	-20.4961101261	
160.4965684988	-22.0440012962	
161.7405626516	-23.6110449246	
162.9815679204	-25.1801074856	
164.2026574487	-26.7642968063	
165.4177813693	-28.3545246754	
166.6139777364	-29.9578725382	
167.8061909524	-31.5642457559	
168.9874550705	-33.1796889529	
170.1597525412	-34.8011889359	
171.3161113408	-36.4337899842	
172.4644977627	-38.0714413905	
173.5919680964	-39.7242256348	
174.7074829051	-41.3850855944	
175.8369417676	-43.0358570033	
176.8986445566	-44.7310569596	
177.9553699332	-46.4302887009	
178.9881720978	-48.1436711665	
179.9920675629	-49.8742357890	
180.9879906509	-51.6098507719	
181.9769295481	-53.3485093482	
182.9419452412	-55.1013186487	
183.8959935958	-56.8601968905	
184.8071607997	-58.6413441173	
185.7183280001	-60.4224913453	
186.5866079666	-62.2249072112	
187.4359360636	-64.0364416801	
188.2503493070	-65.8641944321	
189.0637621993	-67.6919532653	
189.8432545055	-69.5349239524	
190.5848187574	-71.3921304637	
191.2834775440	-73.2676045712	
191.9691500681	-75.1461587373	
192.6129053081	-77.0409737312	
193.2307001793	-78.9439495314	
193.7985689277	-80.8622344386	
194.3404712243	-82.7876798061	
194.8454215052	-84.7233535308	
195.3114190713	-86.6692677716	
195.7524383795	-88.6203357019	
196.1834724561	-90.5744654567	
196.5775362817	-92.5358225298	
196.9376248101	-94.5033883417	
197.2407543986	-96.4813040792	
197.5208942640	-98.4623606554	
197.7660463297	-100.4476313553	
197.9962053584	-102.4349939233	
198.1133800017	-104.4320464511	
198.2215576049	-106.4301540305	
198.2987305605	-108.4294503800	
198.3749031596	-110.4287528129	
198.3680470471	-112.4285597397	
198.3281795152	-114.4285672498	
198.2502927555	-116.4278053854	
198.1083595392	-118.4234311482	
197.9584174755	-120.4181051890	
197.6863541847	-122.4005162818	
197.4072763155	-124.3809692267	
197.0991640982	-126.3575970561	
196.8030742580	-128.3371529833	
196.4669158743	-130.3079489252	
196.0476376028	-132.2642441709	
195.5892911310	-134.2117733533	
195.1209290426	-136.1573626237	
194.6305228680	-138.0970835366	
194.1170661873	-140.0299418257	
193.4983847577	-141.9324276028	
192.8386040491	-143.8211577436	
192.1527596372	-145.7010428011	
191.4197834803	-147.5622069592	
190.6446894604	-149.4066205176	
189.8505402415	-151.2431467938	
189.0313155106	-153.0688212155	
188.1679418404	-154.8727554648	
187.2533985659	-156.6519910532	
186.2565473314	-158.3857091388	
185.2195424594	-160.0966623916	
184.1483981857	-161.7868150369	
183.0461155450	-163.4561488387	
181.9558856774	-165.1334124611	
180.8325106735	-166.7888690531	
179.6679452183	-168.4155648147	
178.4621771601	-170.0114990552	
177.2393302795	-171.5955324688	
175.9953728075	-173.1626876420	
174.7262790456	-174.7089874994	
173.3877967263	-176.1956859952	
172.0392562450	-177.6734421532	
170.6826704482	-179.1442445125	
169.2928787369	-180.5832363778	
167.8859838956	-182.0063260340	
166.3673091307	-183.3080481679	
164.8375515386	-184.5968326616	
163.2886475836	-185.8627246777	
161.7034576622	-187.0838199440	
160.1212870111	-188.3078980065	
158.5199517586	-189.5060825546	
156.8762555283	-190.6475026698	
155.2103450335	-191.7550447415	
153.5302959813	-192.8406642935	
151.8371269490	-193.9073562866	
150.1257693488	-194.9441473063	
148.4042988868	-195.9629928787	
146.6565459198	-196.9369809143	
144.8703239504	-197.8361739802	
143.0699391132	-198.7094431453	
141.2533299321	-199.5467971076	
139.4123842348	-200.3302782655	
137.5531587994	-201.0688532660	
135.6756475483	-201.7615217634	
133.7869319211	-202.4212457039	
131.8767957194	-203.0130737669	
129.9554551392	-203.5719572745	
128.0382071207	-204.1458216557	
126.1004659373	-204.6397799318	
124.1566132792	-205.1157684522	
122.2055393900	-205.5557870671	
120.2411084803	-205.9378646393	
118.2683587473	-206.2679728548	
116.2935779316	-206.5930914952	
114.3103567309	-206.8462338613	
112.3187802385	-207.0414047985	
110.3250207135	-207.2065775172	
108.3312551210	-207.3707498893	
106.3341663479	-207.4819221686	
104.3347669056	-207.5420889705	
102.3341787001	-207.5712511306	
100.3334993305	-207.5854081052	
98.3343100910	-207.5155238777	
96.3378058313	-207.3936034386	
94.3440351755	-207.2276495521	
92.3530406762	-207.0246646393	
90.3677990462	-206.7806290822	
88.3844426285	-206.5175748016	
86.4049234930	-206.2274868747	
84.4292598667	-205.9133663387	
82.4690790593	-205.5131188211	
80.5157061747	-205.0808176954	
78.5701537170	-204.6184575734	
76.6226188069	-204.1591106486	
74.6838803558	-203.6656972664	
72.7539322898	-203.1372170842	
70.8406618789	-202.5546149079	
68.9686523066	-201.8477145816	
67.1429903896	-201.0304905576	
65.3153460184	-200.2162797312	
63.4995416925	-199.3749866372	
61.6817731428	-198.5397077773	
59.8916739018	-197.6482393720	
58.1114504813	-196.7357029306	
56.3420971460	-195.8010920287	
54.5648443755	-194.8835356341	
52.8241910852	-193.8977308449	
51.1152145636	-192.8567125428	
49.4448807540	-191.7544361120	
47.7884363024	-190.6330680227	
46.1528167696	-189.4815619264	
44.5271155981	-188.3159902132	
42.9123270600	-187.1353464623	
41.3471546485	-185.8883759906	
39.8177333221	-184.5981718455	
38.3370007163	-183.2536512088	
36.8592387500	-181.9041106160	
35.4411267598	-180.4931842498	
34.0279800284	-179.0762254252	
32.6436852876	-177.6330813511	
31.2742984836	-176.1738405799	
29.9467013024	-174.6773317369	
28.6648890500	-173.1425301705	
27.4129291345	-171.5815372756	
26.1729186611	-170.0114683369	
24.9398802171	-168.4363551253	
23.7655947226	-166.8168680975	
22.6231804918	-165.1741786236	
21.5305829599	-163.4981738371	
20.4379793488	-161.8211687105	
19.3912275198	-160.1168746571	
18.3504534560	-158.4085427576	
17.3774597598	-156.6597837189	
16.4074610208	-154.9100061049	
15.4753538551	-153.1399906083	
14.5701709161	-151.3558061677	
13.6929125608	-149.5574467011	
12.8575532325	-147.7398253854	
12.0301723536	-145.9181540646	
11.2616599063	-144.0711154934	
10.4941478029	-142.2240708476	
9.7865044772	-140.3516528702	
9.0808679187	-138.4802230861	
8.4161482741	-136.5925385661	
7.7624141970	-134.7017861517	
7.1426250013	-132.7998232798	
6.5318206772	-130.8948046693	
5.9639521981	-128.9765202056	
5.4260454537	-127.0500506285	
4.9041138454	-125.1184820765	
4.3881721508	-123.1848763672	
3.8862170531	-121.2481845262	
3.4392019466	-119.2981538918	
2.9961821379	-117.3470985991	
2.5861311810	-115.3888403069	
2.1770805651	-113.4305759411	
1.7980038453	-111.4661271536	
1.4259234624	-109.5006354736	
1.1227939796	-107.5227202482	
0.8406595977	-105.5426766899	
0.5615201669	-103.5616145501	
0.2873763808	-101.5795216773	
0.0352219609	-99.5942940468	
-0.2029337053	-97.6079809744	
-0.4340930368	-95.6206250091	
-0.6442572714	-93.6311407116	
-0.8494258591	-91.6406256775	
-1.0265969329	-89.6479397591	
-1.2037680117	-87.6552538438	
-1.3249440542	-85.6582261605	
-1.4441194116	-83.6611863219	
-1.5692968472	-81.6641829551	
-1.6954746320	-79.6671856643	
-1.8146500035	-77.6701458273	
-1.9268229613	-75.6730634440	
-2.0259975098	-73.6749016958	
-2.1111733045	-71.6756545063	
-2.1963491032	-69.6764073174	
-2.2825191744	-67.6781665529	
-2.3616929112	-65.6788828953	
-2.4128630508	-63.6784286990	
-2.4640271200	-61.6789748475	
-2.5101955443	-59.6784902598	
-2.5483612098	-57.6779570451	
-2.5875272249	-55.6774299089	
-2.6296882050	-53.6779213536	
-2.6718552675	-51.6774124543	
-2.7140223364	-49.6769035524	
-2.7551890621	-47.6763885753	
-2.7963557973	-45.6758735969	
-2.8365161125	-43.6763528856	
-2.8776828546	-41.6758379076	
-2.9178492599	-39.6753168516	
-2.9530139393	-37.6747654026	
-2.9881786239	-35.6742139566	
-3.0243436649	-33.6736685869	
-3.0595022828	-31.6741174858	
-3.0956673311	-29.6735721174	
-3.1328327281	-27.6730328262	
-3.1699981345	-25.6724935367	
-3.2061631982	-23.6719481689	
-3.2433286123	-21.6714088790	
-3.2814943791	-19.6708756677	
-3.3196540712	-17.6713428003	
-3.3578198474	-15.6708095889	
-3.3949852840	-13.6702703009	
-3.4301500346	-11.6697188567	
-3.4643144451	-9.6691613324	
-3.5014798975	-7.6686220428	
-3.5386392754	-5.6690831004	
-3.5728037024	-3.6685255749	
-3.6059677876	-1.6679619749
