0.814    1.530    -0.000
-0.512    2.231    -0.000
-1.837    2.932    -0.000
-3.163    3.634    -0.000
-4.584    4.369    -0.000
-6.479    4.988    -0.000
-8.968    5.016    -0.000
-10.937    4.689    -0.000
-12.639    4.112    -0.000
-14.435    3.239    -0.000
-16.122    1.994    -0.000
-17.435    0.768    -0.000
-18.581    -0.617    -0.000
-19.597    -2.100    -0.000
-20.375    -3.498    -0.000
-21.030    -4.736    -0.000
-21.779    -6.149    -0.000
-22.436    -7.385    -0.000
-23.139    -8.710    -0.000
-23.843    -10.035    -0.000
-24.546    -11.360    -0.000
-25.250    -12.684    -0.000
-25.987    -14.103    -0.000
-26.677    -15.436    -0.000
-27.366    -16.768    -0.000
-28.013    -18.009    -0.000
-28.757    -19.426    -0.000
-29.407    -20.666    -0.000
-30.104    -21.993    -0.000
-30.800    -23.322    -0.000
-31.544    -24.739    -0.000
-32.194    -25.978    -0.000
-32.937    -27.395    -0.000
-33.588    -28.635    -0.000
-34.332    -30.051    -0.000
-34.982    -31.291    -0.000
-35.679    -32.619    -0.000
-36.422    -34.035    -0.000
-37.072    -35.276    -0.000
-37.767    -36.605    -0.000
-38.509    -38.022    -0.000
-39.205    -39.351    -0.000
-39.900    -40.680    -0.000
-40.596    -42.008    -0.000
-41.245    -43.249    -0.000
-41.987    -44.666    -0.000
-42.636    -45.907    -0.000
-43.377    -47.324    -0.000
-44.073    -48.653    -0.000
-44.769    -49.982    -0.000
-45.464    -51.310    -0.000
-46.160    -52.639    -0.000
-46.856    -53.969    -0.000
-47.551    -55.297    -0.000
-48.246    -56.626    -0.000
-48.895    -57.866    -0.000
-49.595    -59.193    -0.000
-50.294    -60.520    -0.000
-50.994    -61.847    -0.001
-51.740    -63.261    -0.001
-52.393    -64.500    -0.001
-53.093    -65.827    -0.001
-53.793    -67.153    -0.001
-54.492    -68.480    -0.001
-55.192    -69.807    -0.001
-55.892    -71.134    -0.001
-56.591    -72.460    -0.001
-57.291    -73.787    -0.001
-58.021    -75.211    -0.001
-58.696    -76.550    -0.001
-59.386    -77.881    -0.001
-60.075    -79.214    -0.001
-60.764    -80.546    -0.001
-61.430    -81.777    -0.001
-62.149    -83.093    -0.001
-62.872    -84.407    -0.001
-63.620    -85.707    -0.001
-64.369    -87.007    -0.001
-65.105    -88.197    -0.001
-65.922    -89.455    -0.001
-66.695    -90.622    -0.001
-67.536    -91.864    -0.001
-68.404    -92.962    -0.001
-69.332    -94.140    -0.001
-70.256    -95.322    -0.001
-71.142    -96.405    -0.001
-72.119    -97.545    -0.001
-73.044    -98.593    -0.001
-74.051    -99.705    -0.001
-75.101    -100.776    -0.001
-76.068    -101.643    -0.001
-76.999    -102.397    -0.001
-78.187    -103.138    -0.001
-79.400    -103.835    -0.001
-80.728    -104.534    -0.001
-81.909    -105.075    -0.001
-83.201    -105.612    -0.001
-84.517    -106.090    -0.001
-85.940    -106.561    -0.001
-87.115    -106.810    -0.001
-88.494    -107.047    -0.002
-89.786    -107.182    -0.002
-91.081    -107.301    -0.002
-92.480    -107.288    -0.002
-93.879    -107.239    -0.002
-95.172    -107.115    -0.002
-96.548    -106.855    -0.002
-98.012    -106.530    -0.002
-99.268    -106.193    -0.002
-100.500    -105.780    -0.002
-101.808    -105.286    -0.002
-103.083    -104.709    -0.002
-104.418    -104.026    -0.002
-105.629    -103.323    -0.002
-106.725    -102.627    -0.002
-107.954    -101.766    -0.002
-108.965    -100.949    -0.002
-110.130    -100.005    -0.002
-111.219    -99.125    -0.002
-112.224    -98.151    -0.002
-113.093    -97.185    -0.002
-114.072    -96.049    -0.002
-114.958    -94.966    -0.002
-115.840    -93.753    -0.002
-116.717    -92.537    -0.002
-117.594    -91.320    -0.002
-118.471    -90.102    -0.002
-119.351    -88.888    -0.002
-120.229    -87.672    -0.002
-121.108    -86.457    -0.002
-121.987    -85.241    -0.002
-122.863    -84.024    -0.002
-123.738    -82.807    -0.002
-124.614    -81.588    -0.002
-125.489    -80.371    -0.002
-126.365    -79.153    -0.002
-127.240    -77.934    -0.002
-128.111    -76.713    -0.002
-128.983    -75.493    -0.002
-129.855    -74.273    -0.002
-130.723    -73.050    -0.002
-131.595    -71.829    -0.002
-132.469    -70.611    -0.002
-133.343    -69.391    -0.002
-134.223    -68.177    -0.002
-135.103    -66.962    -0.002
-135.980    -65.745    -0.002
-136.849    -64.523    -0.002
-137.721    -63.303    -0.002
-138.574    -62.069    -0.002
-139.364    -60.914    -0.002
-140.187    -59.659    -0.002
-140.995    -58.396    -0.002
-141.790    -57.124    -0.002
-142.507    -55.921    -0.002
-143.245    -54.616    -0.002
-143.961    -53.298    -0.002
-144.663    -51.972    -0.002
-145.294    -50.724    -0.002
-145.964    -49.381    -0.002
-146.596    -48.022    -0.002
-147.173    -46.746    -0.002
-147.779    -45.374    -0.002
-148.353    -43.988    -0.002
-148.915    -42.598    -0.002
-149.410    -41.289    -0.002
-149.930    -39.882    -0.002
-150.438    -38.470    -0.002
-150.896    -37.042    -0.002
-151.351    -35.612    -0.002
-151.761    -34.273    -0.002
-152.173    -32.832    -0.002
-152.527    -31.478    -0.002
-152.883    -30.021    -0.002
-153.207    -28.556    -0.002
-153.509    -27.087    -0.002
-153.771    -25.712    -0.002
-154.019    -24.234    -0.002
-154.262    -22.753    -0.002
-154.482    -21.270    -0.002
-154.668    -19.882    -0.002
-154.849    -18.393    -0.002
-155.016    -16.903    -0.002
-155.156    -15.410    -0.002
-155.251    -14.013    -0.002
-155.338    -12.515    -0.002
-155.425    -11.018    -0.002
-155.460    -9.619    -0.002
-155.462    -8.119    -0.002
-155.457    -6.619    -0.002
-155.440    -5.119    -0.002
-155.371    -3.621    -0.002
-155.301    -2.123    -0.002
-155.210    -0.726    -0.002
-155.081    0.768    -0.002
-154.939    2.261    -0.002
-154.793    3.654    -0.002
-154.608    5.141    -0.002
-154.396    6.627    -0.002
-154.162    8.108    -0.002
-153.905    9.586    -0.002
-153.624    10.957    -0.002
-153.307    12.423    -0.002
-152.984    13.887    -0.002
-152.622    15.240    -0.002
-152.246    16.692    -0.002
-151.840    18.136    -0.002
-151.418    19.575    -0.002
-150.999    20.911    -0.002
-150.540    22.338    -0.002
-150.050    23.756    -0.002
-149.539    25.166    -0.002
-149.044    26.475    -0.002
-148.491    27.869    -0.002
-147.923    29.257    -0.002
-147.336    30.637    -0.002
-146.772    31.919    -0.002
-146.153    33.285    -0.002
-145.514    34.642    -0.002
-144.844    35.984    -0.002
-144.210    37.231    -0.002
-143.495    38.550    -0.002
-142.777    39.867    -0.002
-142.042    41.175    -0.002
-141.296    42.476    -0.002
-140.590    43.685    -0.002
-139.803    44.961    -0.002
-138.982    46.217    -0.002
-138.185    47.368    -0.002
-137.315    48.589    -0.002
-136.429    49.799    -0.002
-135.580    50.912    -0.002
-134.647    52.086    -0.002
-133.698    53.248    -0.002
-132.751    54.410    -0.002
-131.776    55.550    -0.002
-130.853    56.602    -0.002
-129.827    57.696    -0.002
-128.780    58.770    -0.002
-127.792    59.762    -0.002
-126.731    60.822    -0.002
-125.650    61.862    -0.002
-124.552    62.883    -0.002
-123.461    63.912    -0.002
-122.404    64.830    -0.002
-121.264    65.804    -0.001
-120.180    66.691    -0.001
-118.933    67.693    -0.001
-117.837    68.564    -0.001
-116.637    69.464    -0.001
-115.435    70.360    -0.001
-114.301    71.181    -0.001
-113.066    72.033    -0.001
-111.815    72.860    -0.001
-110.561    73.683    -0.001
-109.368    74.415    -0.001
-108.083    75.187    -0.001
-106.782    75.935    -0.001
-105.475    76.671    -0.001
-104.248    77.345    -0.001
-102.921    78.042    -0.001
-101.589    78.734    -0.001
-100.327    79.339    -0.001
-98.881    80.023    -0.001
-97.615    80.621    -0.001
-96.228    81.191    -0.001
-94.834    81.746    -0.001
-93.531    82.257    -0.001
-92.130    82.791    -0.001
-90.640    83.374    -0.001
-89.250    83.939    -0.001
-87.869    84.524    -0.001
-86.497    85.131    -0.001
-85.046    85.803    -0.001
-83.709    86.482    -0.001
-82.295    87.230    -0.001
-80.980    87.951    -0.001
-79.681    88.702    -0.001
-78.309    89.526    -0.001
-77.042    90.326    -0.001
-75.798    91.166    -0.001
-74.492    92.088    -0.001
-73.304    93.003    -0.001
-72.125    93.930    -0.001
-70.950    94.863    -0.001
-69.728    95.896    -0.001
-68.597    96.880    -0.001
-67.475    97.876    -0.001
-66.295    98.956    -0.001
-65.217    100.000    -0.001
-64.161    101.064    -0.001
-63.061    102.226    -0.001
-61.968    103.394    -0.001
-60.997    104.537    -0.001
-60.055    105.704    -0.001
-59.049    106.948    -0.001
-58.143    108.144    -0.001
-57.251    109.350    -0.001
-56.377    110.568    -0.001
-55.484    111.895    -0.001
-54.686    113.165    -0.001
-53.866    114.538    -0.001
-53.136    115.849    -0.001
-52.433    117.174    -0.001
-51.702    118.596    -0.001
-51.047    119.946    -0.001
-50.414    121.306    -0.001
-49.801    122.675    -0.001
-49.181    124.148    -0.001
-48.631    125.544    -0.001
-48.080    127.046    -0.001
-47.583    128.461    -0.001
-47.107    129.883    -0.002
-46.653    131.417    -0.002
-46.242    132.859    -0.002
-45.826    134.404    -0.002
-45.483    135.864    -0.002
-45.175    137.332    -0.002
-44.877    138.904    -0.002
-44.656    140.387    -0.002
-44.447    141.973    -0.002
-44.272    143.463    -0.002
-44.093    145.052    -0.002
-43.988    146.448    -0.002
-43.877    148.044    -0.002
-43.819    149.443    -0.002
-43.733    151.140    -0.002
-43.778    152.639    -0.002
-43.850    154.237    -0.002
-43.936    155.734    -0.002
-44.046    157.331    -0.002
-44.225    158.820    -0.002
-44.403    160.309    -0.002
-44.625    161.792    -0.002
-44.892    163.369    -0.002
-45.178    164.842    -0.002
-45.462    166.314    -0.002
-45.743    167.788    -0.002
-46.092    169.349    -0.002
-46.454    170.805    -0.002
-46.835    172.255    -0.003
-47.281    173.791    -0.003
-47.726    175.224    -0.003
-48.186    176.651    -0.003
-48.719    178.159    -0.003
-49.256    179.560    -0.003
-49.815    180.952    -0.003
-50.449    182.420    -0.003
-51.039    183.798    -0.003
-51.680    185.265    -0.003
-52.376    186.594    -0.003
-53.134    188.002    -0.003
-53.866    189.311    -0.003
-54.703    190.674    -0.003
-55.520    191.932    -0.003
-56.335    193.191    -0.003
-57.157    194.445    -0.003
-57.983    195.697    -0.003
-58.824    196.939    -0.003
-59.665    198.180    -0.003
-60.507    199.422    -0.003
-61.348    200.663    -0.003
-62.247    201.987    -0.004
-63.032    203.146    -0.004
-63.873    204.389    -0.004
-64.715    205.630    -0.004
-65.614    206.953    -0.004
-66.407    208.106    -0.004
-67.247    209.349    -0.004
-68.085    210.593    -0.004
-68.924    211.836    -0.004
-69.762    213.080    -0.004
-70.600    214.324    -0.004
-71.439    215.568    -0.004
-72.277    216.811    -0.004
-73.116    218.055    -0.004
-73.954    219.298    -0.004
-74.796    220.540    -0.004
-75.640    221.779    -0.004
-76.484    223.020    -0.004
-77.327    224.260    -0.004
-78.166    225.504    -0.004
-79.003    226.748    -0.005
-79.841    227.992    -0.005
-80.678    229.236    -0.005
-81.516    230.481    -0.005
-82.353    231.725    -0.005
-83.190    232.970    -0.005
-84.028    234.213    -0.005
-84.865    235.458    -0.005
-85.703    236.702    -0.005
-86.532    237.952    -0.005
-87.350    239.209    -0.005
-88.177    240.461    -0.005
-89.002    241.713    -0.005
-89.802    242.982    -0.005
-90.593    244.256    -0.005
-91.312    245.457    -0.005
-92.050    246.763    -0.005
-92.727    247.988    -0.006
-93.402    249.328    -0.006
-94.057    250.677    -0.006
-94.691    252.036    -0.006
-95.267    253.312    -0.006
-95.861    254.689    -0.006
-96.395    255.983    -0.006
-96.900    257.395    -0.006
-97.371    258.819    -0.006
-97.786    260.156    -0.006
-98.106    261.519    -0.006
-98.456    262.978    -0.006
-98.764    264.446    -0.006
-99.023    265.821    -0.006
-99.234    267.205    -0.006
-99.455    268.789    -0.006
-99.634    270.177    -0.007
-99.784    271.670    -0.007
-99.915    273.164    -0.007
-99.997    274.562    -0.007
-100.065    276.059    -0.007
-100.100    277.459    -0.007
-100.089    278.958    -0.007
-100.064    280.458    -0.007
-100.018    281.858    -0.007
-99.944    283.356    -0.007
-99.831    284.852    -0.007
-99.704    286.245    -0.007
-99.521    287.632    -0.007
-99.288    289.114    -0.007
-99.027    290.591    -0.007
-98.761    292.067    -0.007
-98.434    293.428    -0.008
-98.073    294.884    -0.008
-97.704    296.234    -0.008
-97.271    297.669    -0.008
-96.834    299.000    -0.008
-96.337    300.415    -0.008
-95.820    301.822    -0.008
-95.267    303.216    -0.008
-94.729    304.508    -0.008
-94.110    305.874    -0.008
-93.504    307.137    -0.008
-92.849    308.485    -0.008
-92.173    309.825    -0.008
-91.531    311.069    -0.008
-90.770    312.476    -0.008
-90.104    313.707    -0.008
-89.350    315.118    -0.008
-88.685    316.350    -0.008
-87.966    317.666    -0.009
-87.206    319.074    -0.009
-86.531    320.413    -0.009
-85.834    321.853    -0.009
-85.216    323.220    -0.009
-84.615    324.594    -0.009
-84.029    325.974    -0.009
-83.449    327.465    -0.009
-82.930    328.873    -0.009
-82.453    330.294    -0.009
-81.978    331.717    -0.009
-81.528    333.252    -0.009
-81.119    334.695    -0.009
-80.724    336.245    -0.009
-80.372    337.703    -0.009
-80.018    339.263    -0.010
-79.729    340.734    -0.010
-79.443    342.207    -0.010
-79.229    343.692    -0.010
-79.011    345.276    -0.010
-78.829    346.766    -0.010
-78.681    348.257    -0.010
-78.548    349.852    -0.010
-78.458    351.349    -0.010
-78.387    352.847    -0.010
-78.330    354.346    -0.010
-78.296    355.945    -0.010
-78.317    357.545    -0.011
-78.355    359.044    -0.011
-78.400    360.543    -0.011
-78.486    362.141    -0.011
-78.619    363.634    -0.011
-78.787    365.124    -0.011
-78.965    366.613    -0.011
-79.170    368.201    -0.011
-79.430    369.678    -0.011
-79.693    371.154    -0.011
-79.961    372.630    -0.011
-80.314    374.190    -0.012
-80.649    375.653    -0.012
-81.018    377.106    -0.012
-81.437    378.650    -0.012
-81.854    380.091    -0.012
-82.319    381.621    -0.012
-82.774    383.051    -0.012
-83.280    384.568    -0.012
-83.812    385.970    -0.012
-84.363    387.365    -0.012
-84.930    388.753    -0.012
-85.520    390.133    -0.013
-86.174    391.593    -0.013
-86.830    392.942    -0.013
-87.540    394.375    -0.013
-88.241    395.702    -0.013
-88.967    397.013    -0.013
-89.687    398.330    -0.013
-90.507    399.703    -0.013
-91.301    400.976    -0.013
-92.116    402.235    -0.013
-92.951    403.481    -0.013
-93.865    404.794    -0.014
-94.820    406.077    -0.014
-95.667    407.191    -0.014
-96.639    408.461    -0.014
-97.595    409.618    -0.014
-98.547    410.775    -0.014
-99.502    411.932    -0.014
-100.449    413.096    -0.014
-101.381    414.271    -0.014
-102.300    415.456    -0.014
-103.207    416.650    -0.014
-104.049    417.769    -0.015
-104.908    418.998    -0.015
-105.670    420.173    -0.015
-106.467    421.443    -0.015
-107.245    422.725    -0.015
-107.947    423.937    -0.015
-108.671    425.250    -0.015
-109.369    426.577    -0.015
-109.990    427.832    -0.015
-110.572    429.105    -0.015
-111.147    430.490    -0.016
-111.697    431.885    -0.016
-112.188    433.196    -0.016
-112.686    434.610    -0.016
-113.109    435.946    -0.016
-113.525    437.386    -0.016
-113.879    438.843    -0.016
-114.203    440.206    -0.016
-114.517    441.672    -0.016
-114.780    443.047    -0.016
-115.032    444.525    -0.017
-115.243    446.010    -0.017
-115.427    447.398    -0.017
-115.609    448.886    -0.017
-115.773    450.377    -0.017
-115.880    451.873    -0.017
-115.947    453.271    -0.017
-115.995    454.771    -0.017
-116.015    456.170    -0.017
-115.992    457.669    -0.018
-115.928    459.068    -0.018
-115.840    460.565    -0.018
-115.716    461.960    -0.018
-115.540    463.449    -0.018
-115.350    464.937    -0.018
-115.152    466.322    -0.018
-114.883    467.797    -0.018
-114.586    469.268    -0.018
-114.300    470.740    -0.018
-114.052    472.016    -0.019
-113.655    473.462    -0.019
-113.242    474.903    -0.019
-112.819    476.342    -0.019
-112.353    477.768    -0.019
-111.872    479.082    -0.019
-111.360    480.386    -0.019
-110.783    481.769    -0.019
-110.160    483.134    -0.019
-109.562    484.400    -0.019
-108.910    485.750    -0.019
-108.219    487.082    -0.020
-107.528    488.299    -0.020
-106.768    489.592    -0.020
-105.999    490.880    -0.020
-105.210    492.156    -0.020
-104.457    493.335    -0.020
-103.637    494.591    -0.020
-102.804    495.716    -0.020
-101.885    496.901    -0.020
-101.002    497.987    -0.020
-100.000    499.103    -0.020
-99.059    500.140    -0.020
-98.035    501.235    -0.021
-97.009    502.328    -0.021
-95.965    503.405    -0.021
-94.983    504.404    -0.021
-93.774    505.732    -0.021
-92.836    506.904    -0.021
-91.899    508.074    -0.021
-90.967    509.249    -0.021
-90.036    510.425    -0.021
-89.091    511.715    -0.021
-88.516    512.533    -0.021
-87.662    513.766    -0.021
-86.841    515.022    -0.021
-86.022    516.278    -0.022
-85.201    517.533    -0.022
-84.282    518.963    -0.022
-83.596    520.184    -0.022
-82.862    521.491    -0.022
-82.064    522.991    -0.022
-81.417    524.345    -0.022
-80.815    525.608    -0.022
-80.126    527.051    -0.022
-79.480    528.405    -0.022
-78.871    529.883    -0.023
-78.366    531.295    -0.023
-77.861    532.708    -0.023
-77.389    534.236    -0.023
-76.951    535.671    -0.023
-76.486    537.201    -0.023
-76.079    538.645    -0.023
-75.671    540.088    -0.023
-75.241    541.629    -0.024
-74.934    543.097    -0.024
-74.627    544.565    -0.024
-74.345    546.139    -0.024
-74.117    547.622    -0.024
-73.889    549.105    -0.024
-73.749    550.698    -0.024
-73.624    552.192    -0.024
-73.496    553.788    -0.025
-73.398    555.284    -0.025
-73.300    556.781    -0.025
-73.209    558.177    -0.025
-73.116    559.775    -0.025
-73.047    561.273    -0.025
-72.977    562.772    -0.025
-73.019    564.370    -0.025
-73.081    565.868    -0.026
-73.183    567.465    -0.026
-73.308    568.959    -0.026
-73.435    570.453    -0.026
-73.582    572.047    -0.026
-73.717    573.440    -0.026
-73.884    575.031    -0.026
-74.087    576.517    -0.027
-74.323    578.099    -0.027
-74.591    579.575    -0.027
-74.874    581.048    -0.027
-75.194    582.615    -0.027
-75.518    584.080    -0.027
-75.850    585.543    -0.027
-76.193    587.003    -0.028
-76.564    588.455    -0.028
-76.954    589.904    -0.028
-77.343    591.353    -0.028
-77.724    592.803    -0.028
-78.139    594.348    -0.028
-78.578    595.782    -0.028
-79.027    597.213    -0.029
-79.489    598.641    -0.029
-79.956    600.066    -0.029
-80.469    601.581    -0.029
-81.024    602.974    -0.029
-81.547    604.380    -0.029
-82.136    605.867    -0.029
-82.712    607.251    -0.030
-83.287    608.637    -0.030
-83.924    610.103    -0.030
-84.534    611.363    -0.030
-85.200    612.817    -0.030
-85.876    614.155    -0.030
-86.539    615.501    -0.030
-87.288    616.915    -0.031
-87.943    618.151    -0.031
-88.702    619.560    -0.031
-89.427    620.873    -0.031
-90.150    622.187    -0.031
-90.890    623.492    -0.031
-91.644    624.788    -0.031
-92.483    626.150    -0.031
-93.291    627.413    -0.032
-94.108    628.671    -0.032
-95.015    629.989    -0.032
-95.890    631.207    -0.032
-96.777    632.417    -0.032
-97.677    633.616    -0.032
-98.584    634.811    -0.032
-99.472    636.020    -0.033
-100.392    637.204    -0.033
-101.392    638.453    -0.033
-102.330    639.624    -0.033
-103.350    640.855    -0.033
-104.346    641.976    -0.033
-105.270    643.029    -0.033
-106.339    644.218    -0.034
-107.362    645.315    -0.034
-108.391    646.406    -0.034
-109.423    647.495    -0.034
-110.559    648.621    -0.034
-111.627    649.675    -0.034
-112.680    650.743    -0.034
-113.730    651.813    -0.034
-114.711    652.813    -0.035
-115.743    653.900    -0.035
-116.775    654.989    -0.035
-117.804    656.080    -0.035
-118.804    657.198    -0.035
-119.710    658.265    -0.035
-120.677    659.412    -0.035
-121.634    660.567    -0.035
-122.571    661.737    -0.036
-123.496    662.919    -0.036
-124.337    664.037    -0.036
-125.234    665.240    -0.036
-126.119    666.450    -0.036
-126.984    667.676    -0.036
-127.767    668.836    -0.036
-128.611    670.076    -0.037
-129.415    671.342    -0.037
-130.211    672.613    -0.037
-130.927    673.816    -0.037
-131.682    675.112    -0.037
-132.404    676.426    -0.037
-133.127    677.740    -0.038
-133.854    679.052    -0.038
-134.526    680.281    -0.038
-135.184    681.628    -0.038
-135.842    682.976    -0.038
-136.447    684.238    -0.038
-137.066    685.604    -0.038
-137.716    687.024    -0.039
-138.295    688.320    -0.039
-138.877    689.702    -0.039
-139.446    691.090    -0.039
-140.007    692.480    -0.039
-140.562    693.873    -0.039
-141.112    695.269    -0.040
-141.591    696.585    -0.040
-142.100    697.996    -0.040
-142.570    699.419    -0.040
-143.007    700.749    -0.040
-143.461    702.179    -0.040
-143.911    703.609    -0.041
-144.349    705.044    -0.041
-144.748    706.490    -0.041
-145.148    707.935    -0.041
-145.549    709.381    -0.041
-145.882    710.740    -0.041
-146.188    712.209    -0.042
-146.448    713.584    -0.042
-146.714    715.060    -0.042
-146.969    716.538    -0.042
-147.216    718.018    -0.042
-147.462    719.497    -0.042
-147.657    720.883    -0.043
-147.844    722.371    -0.043
-148.025    723.860    -0.043
-148.151    725.253    -0.043
-148.256    726.750    -0.043
-148.382    728.244    -0.043
-148.464    729.742    -0.044
-148.555    731.239    -0.044
-148.609    732.738    -0.044
-148.648    734.137    -0.044
-148.664    735.637    -0.044
-148.681    737.136    -0.044
-148.672    738.636    -0.045
-148.659    740.036    -0.045
-148.625    741.535    -0.045
-148.562    743.034    -0.045
-148.485    744.532    -0.045
-148.392    746.028    -0.045
-148.273    747.423    -0.046
-148.134    748.917    -0.046
-147.988    750.410    -0.046
-147.813    751.899    -0.046
-147.633    753.389    -0.046
-147.458    754.777    -0.046
-147.228    756.158    -0.047
-146.904    757.724    -0.047
-146.647    759.201    -0.047
-146.367    760.675    -0.047
-146.071    762.043    -0.047
-145.733    763.504    -0.047
-145.402    764.967    -0.048
-145.045    766.424    -0.048
-144.692    767.778    -0.048
-144.278    769.324    -0.048
-143.922    770.677    -0.048
-143.485    772.113    -0.048
-143.042    773.546    -0.049
-142.617    774.879    -0.049
-142.123    776.295    -0.049
-141.613    777.706    -0.049
-141.103    779.116    -0.049
-140.596    780.422    -0.049
-140.043    781.815    -0.050
-139.481    783.205    -0.050
-138.890    784.584    -0.050
-138.290    785.959    -0.050
-137.674    787.327    -0.050
-137.095    788.600    -0.050
-136.463    789.962    -0.051
-135.791    791.302    -0.051
-135.112    792.639    -0.051
-134.416    793.968    -0.051
-133.736    795.192    -0.051
-133.001    796.499    -0.051
-132.257    797.801    -0.051
-131.543    799.005    -0.052
-130.758    800.284    -0.052
-129.969    801.559    -0.052
-129.175    802.832    -0.052
-128.356    804.087    -0.052
-127.522    805.334    -0.052
-126.724    806.485    -0.052
-125.867    807.714    -0.053
-124.995    808.935    -0.053
-124.108    810.145    -0.053
-123.271    811.267    -0.053
-122.334    812.438    -0.053
-121.381    813.597    -0.053
-120.424    814.752    -0.053
-119.524    815.823    -0.053
-118.542    816.957    -0.054
-117.548    818.081    -0.054
-116.549    819.199    -0.054
-115.530    820.299    -0.054
-114.491    821.382    -0.054
-113.500    822.370    -0.054
-112.435    823.425    -0.054
-111.445    824.415    -0.054
-110.339    825.429    -0.055
-109.220    826.426    -0.055
-108.096    827.420    -0.055
-106.969    828.409    -0.055
-105.829    829.385    -0.055
-104.683    830.352    -0.055
-103.533    831.315    -0.055
-102.435    832.182    -0.055
-101.250    833.102    -0.055
-100.056    834.011    -0.055
-98.939    834.853    -0.056
-97.709    835.711    -0.056
-96.478    836.568    -0.056
-95.242    837.420    -0.056
-93.995    838.250    -0.056
-92.743    839.078    -0.056
-91.561    839.828    -0.056
-90.288    840.621    -0.056
-89.076    841.320    -0.056
-87.793    842.096    -0.056
-86.475    842.811    -0.056
-85.160    843.532    -0.057
-83.842    844.247    -0.057
-82.515    844.948    -0.057
-81.268    845.582    -0.057
-79.927    846.256    -0.057
-78.582    846.918    -0.057
-77.222    847.553    -0.057
-75.949    848.132    -0.057
-74.576    848.736    -0.057
-73.188    849.305    -0.057
-71.799    849.871    -0.057
-70.405    850.425    -0.057
-69.094    850.916    -0.057
-67.684    851.428    -0.057
-66.270    851.928    -0.057
-64.844    852.390    -0.057
-63.509    852.816    -0.058
-62.075    853.255    -0.058
-60.638    853.682    -0.058
-59.286    854.043    -0.058
-57.742    854.456    -0.058
-56.284    854.809    -0.058
-54.830    855.181    -0.058
-53.462    855.476    -0.058
-51.998    855.803    -0.058
-50.624    856.068    -0.058
-49.054    856.372    -0.058
-47.678    856.630    -0.058
-46.297    856.848    -0.058
-44.720    857.106    -0.058
-43.234    857.310    -0.058
-41.846    857.490    -0.058
-40.257    857.684    -0.058
-38.868    857.852    -0.058
-37.375    857.988    -0.058
-35.879    858.102    -0.058
-34.384    858.213    -0.058
-32.884    858.256    -0.058
-31.490    858.372    -0.058
-30.090    858.381    -0.058
-28.590    858.389    -0.058
-27.091    858.404    -0.058
-25.590    858.401    -0.058
-24.091    858.385    -0.058
-22.592    858.353    -0.058
-21.193    858.289    -0.058
-19.696    858.194    -0.058
-18.199    858.105    -0.058
-16.704    857.987    -0.058
-15.210    857.859    -0.058
-13.716    857.717    -0.058
-12.224    857.566    -0.058
-10.732    857.412    -0.058
-9.342    857.248    -0.058
-7.854    857.058    -0.058
-6.366    856.870    -0.058
-4.981    856.664    -0.058
-3.507    856.393    -0.058
-2.032    856.120    -0.058
-0.562    855.826    -0.058
0.906    855.513    -0.058
2.266    855.183    -0.058
3.714    854.794    -0.057
5.164    854.407    -0.057
6.613    854.023    -0.057
7.955    853.628    -0.057
9.391    853.191    -0.057
10.822    852.742    -0.057
12.145    852.285    -0.057
13.558    851.781    -0.057
14.974    851.288    -0.057
16.387    850.787    -0.057
17.792    850.259    -0.057
19.089    849.736    -0.057
20.473    849.155    -0.057
21.846    848.552    -0.057
23.209    847.926    -0.057
24.566    847.288    -0.056
25.827    846.682    -0.056
27.172    846.017    -0.056
28.509    845.337    -0.056
29.846    844.656    -0.056
31.177    843.966    -0.056
32.497    843.254    -0.056
33.722    842.576    -0.056
35.018    841.820    -0.056
36.223    841.109    -0.056
37.484    840.297    -0.056
38.745    839.485    -0.056
39.995    838.656    -0.055
41.152    837.868    -0.055
42.457    836.942    -0.055
43.588    836.118    -0.055
44.800    835.234    -0.055
46.002    834.337    -0.055
47.190    833.421    -0.055
48.280    832.543    -0.055
49.363    831.657    -0.055
50.556    830.590    -0.054
51.675    829.592    -0.054
52.716    828.656    -0.054
53.809    827.629    -0.054
54.903    826.602    -0.054
55.996    825.575    -0.054
57.089    824.549    -0.054
58.087    823.567    -0.054
59.129    822.489    -0.053
60.171    821.409    -0.053
61.212    820.330    -0.053
62.254    819.250    -0.053
63.296    818.172    -0.053
64.321    817.078    -0.053
65.337    815.973    -0.053
66.279    814.938    -0.053
67.285    813.826    -0.052
68.276    812.700    -0.052
69.268    811.575    -0.052
70.206    810.405    -0.052
71.171    809.257    -0.052
72.137    808.110    -0.052
73.094    806.955    -0.052
74.041    805.792    -0.051
74.916    804.698    -0.051
75.847    803.523    -0.051
76.776    802.346    -0.051
77.701    801.165    -0.051
78.624    799.983    -0.051
79.547    798.800    -0.051
80.460    797.610    -0.051
81.371    796.419    -0.050
82.275    795.223    -0.050
83.173    794.021    -0.050
84.061    792.812    -0.050
84.943    791.599    -0.050
85.823    790.384    -0.050
86.693    789.162    -0.050
87.564    787.941    -0.049
88.363    786.792    -0.049
89.215    785.558    -0.049
90.057    784.317    -0.049
90.895    783.072    -0.049
91.731    781.828    -0.049
92.561    780.578    -0.049
93.388    779.327    -0.048
94.200    778.066    -0.048
95.002    776.799    -0.048
95.804    775.531    -0.048
96.606    774.263    -0.048
97.412    772.998    -0.048
98.219    771.734    -0.048
98.953    770.542    -0.047
99.724    769.255    -0.047
100.494    767.969    -0.047
101.250    766.673    -0.047
102.001    765.375    -0.047
102.750    764.075    -0.047
103.497    762.775    -0.047
104.237    761.470    -0.046
104.966    760.160    -0.046
105.645    758.935    -0.046
106.349    757.611    -0.046
107.052    756.286    -0.046
107.754    754.961    -0.046
108.451    753.632    -0.046
109.148    752.304    -0.045
109.831    750.969    -0.045
110.495    749.625    -0.045
111.162    748.281    -0.045
111.763    747.016    -0.045
112.461    745.577    -0.045
113.073    744.318    -0.045
113.706    742.959    -0.044
114.334    741.596    -0.044
114.945    740.227    -0.044
115.554    738.856    -0.044
116.141    737.476    -0.044
116.718    736.091    -0.044
117.292    734.706    -0.044
117.865    733.320    -0.043
118.434    731.932    -0.043
118.998    730.542    -0.043
119.563    729.152    -0.043
120.084    727.853    -0.043
120.668    726.363    -0.043
121.178    725.060    -0.042
121.723    723.663    -0.042
122.254    722.260    -0.042
122.784    720.856    -0.042
123.314    719.453    -0.042
123.834    718.047    -0.042
124.345    716.637    -0.042
124.854    715.226    -0.041
125.361    713.814    -0.041
125.857    712.399    -0.041
126.348    710.981    -0.041
126.784    709.651    -0.041
127.235    708.221    -0.041
127.621    706.771    -0.041
127.932    705.408    -0.040
128.179    704.030    -0.040
128.394    702.545    -0.040
128.563    701.156    -0.040
128.668    699.760    -0.040
128.717    698.261    -0.040
128.767    696.762    -0.039
128.814    695.263    -0.039
128.860    693.764    -0.039
128.908    692.265    -0.039
128.954    690.765    -0.039
129.000    689.266    -0.039
129.046    687.767    -0.038
129.093    686.268    -0.038
129.131    684.768    -0.038
129.167    683.269    -0.038
129.202    681.769    -0.038
129.239    680.270    -0.038
129.282    678.771    -0.038
129.331    677.272    -0.037
129.380    675.773    -0.037
129.429    674.274    -0.037
129.478    672.775    -0.037
129.525    671.276    -0.037
129.574    669.777    -0.037
129.621    668.278    -0.036
129.668    666.778    -0.036
129.716    665.279    -0.036
129.764    663.780    -0.036
129.809    662.281    -0.036
129.854    660.782    -0.036
129.899    659.282    -0.035
129.944    657.783    -0.035
129.988    656.284    -0.035
130.033    654.785    -0.035
130.079    653.285    -0.035
130.124    651.786    -0.035
130.169    650.287    -0.035
130.214    648.788    -0.034
130.259    647.288    -0.034
130.303    645.789    -0.034
130.362    644.190    -0.034
130.421    642.692    -0.034
130.466    641.293    -0.034
130.510    639.794    -0.034
130.554    638.295    -0.033
130.587    636.795    -0.033
130.618    635.296    -0.033
130.649    633.796    -0.033
130.694    632.297    -0.033
130.738    630.797    -0.033
130.782    629.298    -0.032
130.830    627.799    -0.032
130.883    626.300    -0.032
130.918    624.801    -0.032
130.944    623.301    -0.032
130.971    621.801    -0.032
130.997    620.301    -0.032
131.023    618.802    -0.031
131.049    617.302    -0.031
131.076    615.802    -0.031
131.102    614.303    -0.031
131.127    612.803    -0.031
131.154    611.303    -0.031
131.180    609.804    -0.031
131.206    608.304    -0.030
131.232    606.804    -0.030
131.263    605.305    -0.030
131.307    603.806    -0.030
131.351    602.307    -0.030
131.396    600.808    -0.030
131.440    599.309    -0.030
131.484    597.810    -0.029
131.527    596.310    -0.029
131.569    594.811    -0.029
131.610    593.312    -0.029
131.651    591.812    -0.029
131.693    590.313    -0.029
131.734    588.814    -0.029
131.775    587.314    -0.028
131.816    585.815    -0.028
131.858    584.316    -0.028
131.899    582.816    -0.028
131.939    581.317    -0.028
131.982    579.818    -0.028
132.026    578.318    -0.028
132.069    576.819    -0.028
132.112    575.320    -0.027
132.156    573.821    -0.027
132.198    572.321    -0.027
132.241    570.822    -0.027
132.284    569.323    -0.027
132.328    567.823    -0.027
132.370    566.324    -0.027
132.413    564.825    -0.026
132.457    563.326    -0.026
132.500    561.826    -0.026
132.543    560.327    -0.026
132.587    558.828    -0.026
132.632    557.329    -0.026
132.676    555.829    -0.026
132.720    554.330    -0.026
132.766    552.831    -0.025
132.810    551.332    -0.025
132.854    549.832    -0.025
132.898    548.333    -0.025
132.943    546.834    -0.025
132.987    545.335    -0.025
133.032    543.835    -0.025
133.076    542.336    -0.025
133.121    540.837    -0.024
133.165    539.338    -0.024
133.209    537.838    -0.024
133.254    536.339    -0.024
133.297    534.840    -0.024
133.340    533.341    -0.024
133.382    531.842    -0.024
133.426    530.343    -0.024
133.468    528.844    -0.023
133.511    527.344    -0.023
133.553    525.845    -0.023
133.597    524.346    -0.023
133.639    522.846    -0.023
133.682    521.347    -0.023
133.725    519.848    -0.023
133.768    518.349    -0.023
133.810    516.849    -0.022
133.853    515.350    -0.022
133.897    513.851    -0.022
133.940    512.351    -0.022
133.983    510.852    -0.022
134.026    509.353    -0.022
134.069    507.854    -0.022
134.112    506.354    -0.022
134.155    504.855    -0.021
134.199    503.356    -0.021
134.242    501.857    -0.021
134.285    500.357    -0.021
134.329    498.858    -0.021
134.371    497.359    -0.021
134.414    495.859    -0.021
134.457    494.360    -0.021
134.501    492.861    -0.021
134.544    491.362    -0.020
134.587    489.862    -0.020
134.629    488.363    -0.020
134.672    486.864    -0.020
134.714    485.364    -0.020
134.756    483.865    -0.020
134.799    482.366    -0.020
134.841    480.866    -0.020
134.883    479.367    -0.019
134.925    477.868    -0.019
134.968    476.369    -0.019
135.010    474.869    -0.019
135.052    473.370    -0.019
135.095    471.871    -0.019
135.133    470.371    -0.019
135.169    468.872    -0.019
135.206    467.372    -0.019
135.246    465.873    -0.018
135.289    464.374    -0.018
135.331    462.874    -0.018
135.374    461.375    -0.018
135.418    459.876    -0.018
135.460    458.377    -0.018
135.503    456.877    -0.018
135.546    455.378    -0.018
135.638    453.782    -0.018
135.747    452.286    -0.018
135.857    450.789    -0.017
135.966    449.294    -0.017
136.076    447.798    -0.017
136.146    446.300    -0.017
136.213    444.802    -0.017
136.285    443.303    -0.017
136.365    441.806    -0.017
136.433    440.307    -0.017
136.487    438.909    -0.017
136.517    437.409    -0.017
136.549    435.910    -0.016
136.583    434.410    -0.016
136.635    432.911    -0.016
136.688    431.412    -0.016
136.720    429.913    -0.016
136.752    428.413    -0.016
136.788    426.914    -0.016
136.828    425.414    -0.016
136.864    423.915    -0.016
136.898    422.415    -0.015
136.940    420.916    -0.015
136.991    419.417    -0.015
137.042    417.918    -0.015
137.101    416.319    -0.015
137.160    414.920    -0.015
137.205    413.422    -0.015
137.222    411.922    -0.015
137.238    410.422    -0.015
137.295    408.823    -0.015
137.344    407.424    -0.015
137.397    405.925    -0.014
137.441    404.426    -0.014
137.479    402.926    -0.014
137.517    401.427    -0.014
137.555    399.927    -0.014
137.592    398.428    -0.014
137.625    396.928    -0.014
137.657    395.429    -0.014
137.690    393.929    -0.014
137.726    392.430    -0.014
137.762    390.930    -0.014
137.797    389.431    -0.013
137.833    387.932    -0.013
137.868    386.432    -0.013
137.903    384.933    -0.013
137.938    383.433    -0.013
137.994    381.834    -0.013
138.057    380.336    -0.013
138.111    378.937    -0.013
138.158    377.438    -0.013
138.203    375.939    -0.013
138.247    374.440    -0.013
138.277    372.940    -0.012
138.309    371.440    -0.012
138.339    369.941    -0.012
138.370    368.441    -0.012
138.404    366.942    -0.012
138.438    365.442    -0.012
138.472    363.943    -0.012
138.464    362.443    -0.012
138.413    361.045    -0.012
138.350    359.446    -0.012
138.326    357.946    -0.012
138.303    356.547    -0.011
138.261    355.048    -0.011
138.220    353.549    -0.011
138.170    352.049    -0.011
138.116    350.551    -0.011
138.062    349.051    -0.011
138.008    347.553    -0.011
137.954    346.054    -0.011
137.900    344.555    -0.011
137.846    343.056    -0.011
137.794    341.556    -0.011
137.741    340.058    -0.011
137.688    338.559    -0.010
137.635    337.060    -0.010
137.582    335.561    -0.010
137.529    334.062    -0.010
137.476    332.563    -0.010
137.423    331.065    -0.010
137.371    329.565    -0.010
137.318    328.067    -0.010
137.265    326.567    -0.010
137.212    325.069    -0.010
137.163    323.569    -0.010
137.113    322.071    -0.010
137.062    320.571    -0.010
137.012    319.073    -0.009
136.962    317.573    -0.009
136.912    316.075    -0.009
136.862    314.575    -0.009
136.812    313.076    -0.009
136.762    311.577    -0.009
136.703    310.079    -0.009
136.639    308.580    -0.009
136.575    307.081    -0.009
136.512    305.583    -0.009
136.448    304.084    -0.009
136.388    302.586    -0.009
136.346    301.086    -0.009
136.314    299.586    -0.009
136.325    297.987    -0.008
136.355    296.488    -0.008
136.396    294.988    -0.008
136.443    293.489    -0.008
136.491    291.990    -0.008
136.537    290.491    -0.008
136.581    288.992    -0.008
136.625    287.492    -0.008
136.669    285.993    -0.008
136.715    284.494    -0.008
136.759    282.995    -0.008
136.804    281.495    -0.008
136.849    279.996    -0.008
136.894    278.497    -0.008
136.938    276.998    -0.008
136.983    275.498    -0.007
137.027    273.999    -0.007
137.069    272.500    -0.007
137.110    271.001    -0.007
137.152    269.501    -0.007
137.194    268.002    -0.007
137.236    266.503    -0.007
137.278    265.003    -0.007
137.320    263.504    -0.007
137.362    262.006    -0.007
137.404    260.506    -0.007
137.445    259.007    -0.007
137.488    257.508    -0.007
137.530    256.008    -0.007
137.571    254.509    -0.007
137.614    253.010    -0.007
137.656    251.511    -0.006
137.697    250.011    -0.006
137.739    248.512    -0.006
137.782    247.013    -0.006
137.824    245.513    -0.006
137.866    244.014    -0.006
137.908    242.515    -0.006
137.950    241.015    -0.006
137.992    239.516    -0.006
138.034    238.017    -0.006
138.077    236.517    -0.006
138.119    235.018    -0.006
138.161    233.519    -0.006
138.203    232.020    -0.006
138.245    230.520    -0.006
138.286    229.021    -0.006
138.326    227.522    -0.006
138.368    226.022    -0.006
138.409    224.523    -0.005
138.450    223.024    -0.005
138.490    221.524    -0.005
138.532    220.025    -0.005
138.572    218.526    -0.005
138.613    217.026    -0.005
138.654    215.527    -0.005
138.696    214.028    -0.005
138.737    212.528    -0.005
138.780    211.029    -0.005
138.824    209.530    -0.005
138.867    208.030    -0.005
138.909    206.531    -0.005
138.952    205.032    -0.005
138.996    203.533    -0.005
139.039    202.033    -0.005
139.082    200.534    -0.005
139.125    199.035    -0.005
139.168    197.535    -0.005
139.211    196.036    -0.005
139.255    194.537    -0.004
139.297    193.038    -0.004
139.339    191.538    -0.004
139.380    190.039    -0.004
139.422    188.540    -0.004
139.464    187.040    -0.004
139.506    185.541    -0.004
139.548    184.042    -0.004
139.591    182.542    -0.004
139.632    181.043    -0.004
139.674    179.544    -0.004
139.715    178.044    -0.004
139.758    176.545    -0.004
139.800    175.046    -0.004
139.842    173.547    -0.004
139.883    172.047    -0.004
139.926    170.548    -0.004
139.968    169.049    -0.004
140.009    167.549    -0.004
140.053    166.050    -0.004
140.095    164.552    -0.004
140.137    163.052    -0.004
140.179    161.553    -0.004
140.223    160.054    -0.004
140.265    158.555    -0.004
140.308    157.055    -0.003
140.350    155.556    -0.003
140.394    154.057    -0.003
140.436    152.557    -0.003
140.479    151.058    -0.003
140.522    149.559    -0.003
140.565    148.060    -0.003
140.608    146.560    -0.003
140.651    145.061    -0.003
140.696    143.562    -0.003
140.740    142.063    -0.003
140.784    140.563    -0.003
140.829    139.064    -0.003
140.873    137.565    -0.003
140.916    136.065    -0.003
140.960    134.566    -0.003
141.005    133.067    -0.003
141.049    131.568    -0.003
141.093    130.068    -0.003
141.137    128.569    -0.003
141.181    127.070    -0.003
141.225    125.571    -0.003
141.269    124.071    -0.003
141.314    122.572    -0.003
141.358    121.073    -0.003
141.402    119.574    -0.003
141.445    118.074    -0.003
141.490    116.575    -0.003
141.534    115.076    -0.003
141.576    113.577    -0.003
141.618    112.077    -0.003
141.662    110.578    -0.003
141.704    109.079    -0.003
141.747    107.579    -0.002
141.790    106.080    -0.002
141.833    104.581    -0.002
141.875    103.082    -0.002
141.918    101.582    -0.002
141.961    100.083    -0.002
142.004    98.584    -0.002
142.046    97.085    -0.002
142.090    95.586    -0.002
142.132    94.087    -0.002
142.174    92.587    -0.002
142.215    91.088    -0.002
142.257    89.589    -0.002
142.298    88.090    -0.002
142.340    86.590    -0.002
142.381    85.091    -0.002
142.423    83.592    -0.002
142.464    82.092    -0.002
142.506    80.593    -0.002
142.548    79.094    -0.002
142.589    77.594    -0.002
142.630    76.095    -0.002
142.672    74.596    -0.002
142.714    73.096    -0.002
142.753    71.597    -0.002
142.793    70.098    -0.002
142.832    68.598    -0.002
142.872    67.099    -0.002
142.911    65.600    -0.002
142.951    64.100    -0.002
142.991    62.601    -0.002
143.021    61.101    -0.002
143.050    59.602    -0.002
143.080    58.102    -0.002
143.110    56.602    -0.002
143.139    55.103    -0.002
143.168    53.603    -0.002
143.199    52.104    -0.002
143.228    50.604    -0.002
143.255    49.104    -0.002
143.269    47.604    -0.002
143.285    46.104    -0.002
143.299    44.605    -0.002
143.298    43.105    -0.002
143.297    41.605    -0.002
143.295    40.106    -0.002
143.280    38.606    -0.002
143.263    37.205    -0.002
143.240    35.706    -0.002
143.210    34.206    -0.002
143.158    32.708    -0.002
143.090    31.209    -0.002
142.992    29.712    -0.002
142.892    28.216    -0.002
142.789    26.720    -0.002
142.682    25.324    -0.002
142.516    23.833    -0.002
142.346    22.343    -0.002
142.169    20.853    -0.002
141.982    19.366    -0.002
141.797    17.978    -0.002
141.583    16.494    -0.002
141.342    15.013    -0.002
141.092    13.534    -0.002
140.843    12.156    -0.002
140.551    10.685    -0.002
140.254    9.216    -0.002
139.930    7.751    -0.002
139.574    6.294    -0.002
139.227    4.938    -0.002
138.831    3.491    -0.002
138.403    2.054    -0.002
137.991    0.716    -0.001
137.544    -0.716    -0.001
137.105    -2.044    -0.001
136.582    -3.450    -0.001
136.031    -4.845    -0.001
135.461    -6.233    -0.001
134.904    -7.517    -0.001
134.273    -8.877    -0.001
133.648    -10.129    -0.001
132.972    -11.468    -0.001
132.247    -12.781    -0.001
131.561    -14.001    -0.001
130.797    -15.292    -0.001
130.012    -16.571    -0.001
129.227    -17.730    -0.001
128.425    -18.876    -0.001
127.474    -20.163    -0.001
126.693    -21.201    -0.001
125.727    -22.349    -0.001
124.761    -23.497    -0.001
123.767    -24.620    -0.001
122.814    -25.644    -0.001
121.750    -26.701    -0.001
120.744    -27.673    -0.001
119.632    -28.682    -0.001
118.553    -29.572    -0.001
117.450    -30.433    -0.001
116.242    -31.323    -0.001
115.006    -32.172    -0.001
113.848    -32.958    -0.001
112.580    -33.759    -0.001
111.383    -34.485    -0.001
110.071    -35.211    -0.001
108.818    -35.834    -0.001
107.459    -36.468    -0.001
106.176    -37.028    -0.001
104.785    -37.589    -0.001
103.465    -38.055    -0.001
102.141    -38.507    -0.001
100.804    -38.925    -0.001
99.352    -39.298    -0.001
97.894    -39.649    -0.001
96.526    -39.943    -0.001
95.051    -40.219    -0.001
93.669    -40.436    -0.001
92.182    -40.635    -0.001
90.786    -40.745    -0.001
89.289    -40.832    -0.001
87.890    -40.866    -0.001
86.490    -40.864    -0.001
84.991    -40.825    -0.001
83.491    -40.769    -0.001
82.097    -40.663    -0.001
80.604    -40.516    -0.001
79.215    -40.337    -0.001
77.836    -40.101    -0.001
76.365    -39.807    -0.001
74.905    -39.463    -0.001
73.556    -39.089    -0.001
72.216    -38.687    -0.001
70.797    -38.203    -0.001
69.385    -37.695    -0.000
68.087    -37.172    -0.000
66.701    -36.598    -0.000
65.426    -36.020    -0.000
64.067    -35.386    -0.000
62.719    -34.729    -0.000
61.378    -34.057    -0.000
60.038    -33.383    -0.000
58.701    -32.704    -0.000
57.453    -32.070    -0.000
56.116    -31.388    -0.000
54.789    -30.690    -0.000
53.461    -29.992    -0.000
52.134    -29.293    -0.000
50.806    -28.597    -0.000
49.478    -27.899    -0.000
48.150    -27.201    -0.000
46.822    -26.506    -0.000
45.492    -25.812    -0.000
44.165    -25.113    -0.000
42.841    -24.409    -0.000
41.511    -23.714    -0.000
40.463    -22.946    -0.000
39.258    -22.053    -0.000
38.038    -21.181    -0.000
36.814    -20.313    -0.000
35.592    -19.444    -0.000
34.371    -18.574    -0.000
33.148    -17.706    -0.000
31.924    -16.836    -0.000
30.702    -15.968    -0.000
29.474    -15.107    -0.000
28.246    -14.245    -0.000
27.017    -13.385    -0.000
25.790    -12.525    -0.000
24.561    -11.664    -0.000
23.333    -10.803    -0.000
22.105    -9.941    -0.000
20.767    -9.065    -0.000
19.419    -8.205    -0.000
18.089    -7.510    -0.000
16.760    -6.816    -0.000
15.430    -6.121    -0.000
14.101    -5.426    -0.000
12.772    -4.732    -0.000
11.442    -4.037    -0.000
10.114    -3.341    -0.000
8.783    -2.648    -0.000
7.452    -1.959    -0.000
6.119    -1.270    -0.000
4.785    -0.585    -0.000
3.452    0.104    -0.000
2.123    0.798    -0.000
