-0.000    0.000    0.000
-1.306    0.738    -0.000
-2.702    1.280    -0.000
-4.108    1.801    -0.000
-5.589    1.944    -0.000
-7.088    1.991    -0.000
-8.567    1.776    -0.000
-10.004    1.358    -0.000
-11.416    0.854    -0.000
-12.828    0.346    -0.000
-14.147    -0.337    -0.000
-15.367    -1.210    -0.000
-16.509    -2.170    -0.000
-17.516    -3.280    -0.000
-18.345    -4.529    -0.000
-19.173    -5.780    -0.000
-19.963    -7.054    -0.000
-20.661    -8.381    -0.000
-21.367    -9.705    -0.000
-22.074    -11.027    -0.000
-22.780    -12.350    -0.000
-23.481    -13.676    -0.000
-24.178    -15.005    -0.000
-24.875    -16.332    -0.000
-25.573    -17.660    -0.000
-26.270    -18.988    -0.000
-26.967    -20.316    -0.000
-27.665    -21.643    -0.000
-28.363    -22.971    -0.000
-29.062    -24.298    -0.000
-29.759    -25.626    -0.000
-30.457    -26.954    -0.000
-31.155    -28.281    -0.000
-31.853    -29.609    -0.000
-32.551    -30.937    -0.000
-33.247    -32.265    -0.000
-33.941    -33.595    -0.000
-34.638    -34.923    -0.000
-35.335    -36.251    -0.000
-36.030    -37.581    -0.000
-36.726    -38.910    -0.000
-37.420    -40.238    -0.000
-38.116    -41.568    -0.000
-38.811    -42.896    -0.000
-39.506    -44.225    -0.000
-40.204    -45.553    -0.000
-40.901    -46.881    -0.000
-41.598    -48.209    -0.000
-42.295    -49.538    -0.000
-42.993    -50.865    -0.000
-43.689    -52.194    -0.000
-44.387    -53.522    -0.000
-45.084    -54.849    -0.000
-45.782    -56.177    -0.000
-46.479    -57.505    -0.000
-47.177    -58.832    -0.000
-47.874    -60.160    -0.000
-48.572    -61.488    -0.000
-49.270    -62.815    -0.001
-49.968    -64.143    -0.001
-50.665    -65.472    -0.001
-51.364    -66.798    -0.001
-52.061    -68.126    -0.001
-52.758    -69.455    -0.001
-53.455    -70.782    -0.001
-54.151    -72.111    -0.001
-54.845    -73.440    -0.001
-55.541    -74.769    -0.001
-56.232    -76.101    -0.001
-56.928    -77.429    -0.001
-57.618    -78.761    -0.001
-58.312    -80.090    -0.001
-59.002    -81.422    -0.001
-59.712    -82.743    -0.001
-60.428    -84.062    -0.001
-61.145    -85.379    -0.001
-61.890    -86.680    -0.001
-62.639    -87.980    -0.001
-63.415    -89.263    -0.001
-64.228    -90.524    -0.001
-65.056    -91.774    -0.001
-65.887    -93.023    -0.001
-66.741    -94.255    -0.001
-67.674    -95.430    -0.001
-68.623    -96.591    -0.001
-69.582    -97.744    -0.001
-70.563    -98.878    -0.001
-71.545    -100.012    -0.001
-72.581    -101.096    -0.001
-73.631    -102.166    -0.001
-74.758    -103.156    -0.001
-75.885    -104.146    -0.001
-77.065    -105.062    -0.001
-78.361    -105.816    -0.001
-79.664    -106.560    -0.001
-80.983    -107.274    -0.001
-82.329    -107.930    -0.001
-83.711    -108.514    -0.001
-85.133    -108.973    -0.002
-86.595    -109.312    -0.002
-88.076    -109.532    -0.002
-89.566    -109.689    -0.002
-91.066    -109.642    -0.002
-92.565    -109.605    -0.002
-94.065    -109.622    -0.002
-95.557    -109.497    -0.002
-97.035    -109.257    -0.002
-98.497    -108.923    -0.002
-99.936    -108.519    -0.002
-101.297    -107.889    -0.002
-102.660    -107.264    -0.002
-104.003    -106.595    -0.002
-105.339    -105.915    -0.002
-106.658    -105.201    -0.002
-107.946    -104.433    -0.002
-109.178    -103.578    -0.002
-110.367    -102.664    -0.002
-111.509    -101.692    -0.002
-112.585    -100.648    -0.002
-113.596    -99.541    -0.002
-114.504    -98.348    -0.002
-115.390    -97.138    -0.002
-116.280    -95.931    -0.002
-117.162    -94.717    -0.002
-118.042    -93.503    -0.002
-118.922    -92.288    -0.002
-119.802    -91.074    -0.002
-120.684    -89.860    -0.002
-121.567    -88.648    -0.002
-122.446    -87.433    -0.002
-123.326    -86.219    -0.002
-124.203    -85.001    -0.002
-125.082    -83.787    -0.002
-125.960    -82.570    -0.002
-126.841    -81.357    -0.002
-127.716    -80.138    -0.002
-128.597    -78.924    -0.002
-129.470    -77.705    -0.002
-130.350    -76.490    -0.002
-131.230    -75.276    -0.002
-132.102    -74.056    -0.002
-132.984    -72.841    -0.002
-133.859    -71.625    -0.002
-134.741    -70.411    -0.002
-135.620    -69.196    -0.002
-136.500    -67.981    -0.002
-137.377    -66.764    -0.002
-138.256    -65.549    -0.002
-139.123    -64.325    -0.002
-139.978    -63.093    -0.002
-140.815    -61.848    -0.002
-141.633    -60.590    -0.002
-142.438    -59.326    -0.002
-143.227    -58.049    -0.002
-143.981    -56.754    -0.002
-144.722    -55.450    -0.002
-145.441    -54.134    -0.002
-146.145    -52.809    -0.002
-146.825    -51.472    -0.002
-147.493    -50.129    -0.002
-148.125    -48.769    -0.002
-148.735    -47.399    -0.002
-149.333    -46.024    -0.002
-149.904    -44.637    -0.002
-150.462    -43.245    -0.002
-150.993    -41.842    -0.002
-151.516    -40.436    -0.002
-152.009    -39.019    -0.002
-152.473    -37.593    -0.002
-152.917    -36.161    -0.002
-153.355    -34.726    -0.002
-153.762    -33.282    -0.002
-154.141    -31.831    -0.002
-154.493    -30.373    -0.002
-154.825    -28.911    -0.002
-155.127    -27.441    -0.002
-155.412    -25.969    -0.002
-155.668    -24.491    -0.002
-155.910    -23.011    -0.002
-156.134    -21.528    -0.002
-156.331    -20.041    -0.002
-156.503    -18.551    -0.002
-156.662    -17.059    -0.002
-156.804    -15.566    -0.002
-156.915    -14.071    -0.002
-156.996    -12.573    -0.002
-157.072    -11.076    -0.002
-157.113    -9.577    -0.002
-157.123    -8.076    -0.002
-157.106    -6.577    -0.002
-157.085    -5.077    -0.002
-157.024    -3.578    -0.002
-156.957    -2.080    -0.002
-156.855    -0.584    -0.002
-156.723    0.910    -0.002
-156.582    2.403    -0.002
-156.426    3.895    -0.002
-156.241    5.383    -0.002
-156.029    6.868    -0.002
-155.790    8.349    -0.002
-155.533    9.826    -0.002
-155.248    11.299    -0.002
-154.935    12.766    -0.002
-154.609    14.230    -0.002
-154.245    15.685    -0.002
-153.873    17.138    -0.002
-153.468    18.582    -0.002
-153.044    20.020    -0.002
-152.601    21.453    -0.002
-152.145    22.882    -0.002
-151.664    24.303    -0.002
-151.153    25.713    -0.002
-150.632    27.119    -0.002
-150.078    28.512    -0.002
-149.512    29.902    -0.002
-148.924    31.281    -0.002
-148.320    32.655    -0.002
-147.693    34.018    -0.002
-147.044    35.369    -0.002
-146.378    36.713    -0.002
-145.695    38.048    -0.002
-144.983    39.368    -0.002
-144.260    40.683    -0.002
-143.507    41.979    -0.002
-142.759    43.279    -0.002
-141.980    44.561    -0.002
-141.183    45.831    -0.002
-140.362    47.087    -0.002
-139.507    48.319    -0.002
-138.637    49.542    -0.002
-137.754    50.754    -0.002
-136.845    51.946    -0.002
-135.918    53.125    -0.002
-134.978    54.294    -0.002
-134.023    55.450    -0.002
-133.054    56.595    -0.002
-132.061    57.718    -0.002
-131.037    58.815    -0.002
-130.000    59.899    -0.002
-128.951    60.971    -0.002
-127.888    62.029    -0.002
-126.808    63.070    -0.002
-125.717    64.098    -0.002
-124.621    65.122    -0.002
-123.495    66.113    -0.002
-122.357    67.090    -0.002
-121.197    68.041    -0.002
-120.029    68.982    -0.002
-118.856    69.916    -0.001
-117.654    70.813    -0.001
-116.450    71.708    -0.001
-115.235    72.587    -0.001
-113.999    73.437    -0.001
-112.751    74.269    -0.001
-111.494    75.087    -0.001
-110.219    75.877    -0.001
-108.933    76.648    -0.001
-107.633    77.396    -0.001
-106.326    78.132    -0.001
-105.012    78.856    -0.001
-103.687    79.557    -0.001
-102.352    80.240    -0.001
-101.000    80.889    -0.001
-99.644    81.533    -0.001
-98.281    82.156    -0.001
-96.895    82.730    -0.001
-95.507    83.300    -0.001
-94.111    83.847    -0.001
-92.709    84.382    -0.001
-91.314    84.932    -0.001
-89.918    85.481    -0.001
-88.537    86.065    -0.001
-87.165    86.671    -0.001
-85.803    87.299    -0.001
-84.464    87.974    -0.001
-83.139    88.678    -0.001
-81.829    89.408    -0.001
-80.533    90.163    -0.001
-79.248    90.936    -0.001
-77.980    91.738    -0.001
-76.737    92.576    -0.001
-75.502    93.429    -0.001
-74.308    94.335    -0.001
-73.122    95.253    -0.001
-71.948    96.185    -0.001
-70.800    97.152    -0.001
-69.668    98.135    -0.001
-68.552    99.138    -0.001
-67.449    100.154    -0.001
-66.380    101.206    -0.001
-65.338    102.284    -0.001
-64.307    103.375    -0.001
-63.290    104.476    -0.001
-62.309    105.611    -0.001
-61.363    106.775    -0.001
-60.425    107.945    -0.001
-59.518    109.139    -0.001
-58.632    110.349    -0.001
-57.767    111.575    -0.001
-56.933    112.822    -0.001
-56.131    114.088    -0.001
-55.360    115.375    -0.001
-54.621    116.680    -0.001
-53.916    118.004    -0.001
-53.223    119.334    -0.001
-52.565    120.682    -0.001
-51.929    122.040    -0.001
-51.322    123.412    -0.001
-50.744    124.796    -0.001
-50.194    126.191    -0.001
-49.678    127.599    -0.001
-49.185    129.015    -0.001
-48.712    130.439    -0.002
-48.281    131.875    -0.002
-47.868    133.317    -0.002
-47.505    134.772    -0.002
-47.157    136.231    -0.002
-46.839    137.697    -0.002
-46.552    139.168    -0.002
-46.328    140.652    -0.002
-46.115    142.136    -0.002
-45.941    143.627    -0.002
-45.777    145.117    -0.002
-45.657    146.612    -0.002
-45.557    148.108    -0.002
-45.571    149.606    -0.002
-45.667    151.103    -0.002
-45.764    152.599    -0.002
-45.860    154.096    -0.002
-45.956    155.594    -0.002
-46.052    157.091    -0.002
-46.147    158.588    -0.002
-46.244    160.084    -0.002
-46.340    161.581    -0.002
-46.440    163.077    -0.002
-46.757    164.543    -0.002
-47.073    166.009    -0.002
-47.391    167.475    -0.002
-47.707    168.941    -0.002
-48.025    170.407    -0.002
-48.375    171.864    -0.003
-48.870    173.279    -0.003
-49.365    174.695    -0.003
-49.859    176.112    -0.003
-50.364    177.524    -0.003
-50.957    178.901    -0.003
-51.551    180.279    -0.003
-52.144    181.656    -0.003
-52.738    183.033    -0.003
-53.415    184.369    -0.003
-54.166    185.667    -0.003
-54.916    186.966    -0.003
-55.667    188.264    -0.003
-56.418    189.563    -0.003
-57.169    190.862    -0.003
-57.967    192.130    -0.003
-58.780    193.391    -0.003
-59.592    194.652    -0.003
-60.404    195.913    -0.003
-61.217    197.174    -0.003
-62.030    198.434    -0.003
-62.842    199.695    -0.003
-63.672    200.945    -0.003
-64.512    202.187    -0.004
-65.352    203.430    -0.004
-66.191    204.672    -0.004
-67.032    205.915    -0.004
-67.871    207.158    -0.004
-68.711    208.401    -0.004
-69.550    209.643    -0.004
-70.389    210.887    -0.004
-71.229    212.129    -0.004
-72.070    213.372    -0.004
-72.912    214.613    -0.004
-73.754    215.854    -0.004
-74.596    217.095    -0.004
-75.437    218.337    -0.004
-76.277    219.580    -0.004
-77.118    220.821    -0.004
-77.959    222.064    -0.004
-78.799    223.305    -0.004
-79.638    224.550    -0.004
-80.475    225.794    -0.005
-81.313    227.038    -0.005
-82.151    228.282    -0.005
-82.988    229.526    -0.005
-83.826    230.770    -0.005
-84.664    232.014    -0.005
-85.502    233.258    -0.005
-86.339    234.503    -0.005
-87.177    235.747    -0.005
-88.010    236.994    -0.005
-88.836    238.246    -0.005
-89.670    239.493    -0.005
-90.474    240.759    -0.005
-91.270    242.031    -0.005
-92.058    243.305    -0.005
-92.832    244.590    -0.005
-93.563    245.900    -0.005
-94.274    247.221    -0.006
-94.951    248.559    -0.006
-95.609    249.906    -0.006
-96.232    251.272    -0.006
-96.851    252.637    -0.006
-97.406    254.031    -0.006
-97.963    255.423    -0.006
-98.461    256.837    -0.006
-98.935    258.260    -0.006
-99.370    259.695    -0.006
-99.733    261.150    -0.006
-100.084    262.609    -0.006
-100.399    264.075    -0.006
-100.698    265.545    -0.006
-100.931    267.026    -0.006
-101.136    268.513    -0.006
-101.334    269.999    -0.007
-101.491    271.491    -0.007
-101.626    272.984    -0.007
-101.735    274.480    -0.007
-101.806    275.978    -0.007
-101.857    277.477    -0.007
-101.851    278.977    -0.007
-101.842    280.476    -0.007
-101.810    281.976    -0.007
-101.726    283.474    -0.007
-101.606    284.969    -0.007
-101.469    286.462    -0.007
-101.279    287.950    -0.007
-101.045    289.432    -0.007
-100.773    290.907    -0.007
-100.491    292.379    -0.008
-100.148    293.839    -0.008
-99.787    295.295    -0.008
-99.383    296.739    -0.008
-98.948    298.175    -0.008
-98.484    299.600    -0.008
-97.989    301.017    -0.008
-97.469    302.424    -0.008
-96.921    303.820    -0.008
-96.351    305.206    -0.008
-95.725    306.568    -0.008
-95.077    307.921    -0.008
-94.401    309.260    -0.008
-93.711    310.593    -0.008
-93.009    311.917    -0.008
-92.295    313.236    -0.008
-91.581    314.555    -0.008
-90.870    315.876    -0.008
-90.145    317.189    -0.009
-89.442    318.513    -0.009
-88.751    319.844    -0.009
-88.082    321.186    -0.009
-87.436    322.540    -0.009
-86.821    323.908    -0.009
-86.225    325.284    -0.009
-85.641    326.666    -0.009
-85.085    328.059    -0.009
-84.564    329.464    -0.009
-84.069    330.881    -0.009
-83.601    332.306    -0.009
-83.178    333.745    -0.009
-82.771    335.189    -0.009
-82.407    336.643    -0.009
-82.054    338.101    -0.010
-81.734    339.566    -0.010
-81.451    341.039    -0.010
-81.175    342.513    -0.010
-80.956    343.997    -0.010
-80.758    345.483    -0.010
-80.583    346.972    -0.010
-80.445    348.466    -0.010
-80.313    349.960    -0.010
-80.222    351.458    -0.010
-80.150    352.956    -0.010
-80.109    354.455    -0.010
-80.080    355.954    -0.010
-80.098    357.454    -0.011
-80.145    358.953    -0.011
-80.197    360.452    -0.011
-80.280    361.950    -0.011
-80.408    363.444    -0.011
-80.570    364.934    -0.011
-80.741    366.425    -0.011
-80.941    367.911    -0.011
-81.199    369.388    -0.011
-81.449    370.867    -0.011
-81.718    372.343    -0.011
-82.041    373.807    -0.012
-82.377    375.269    -0.012
-82.736    376.726    -0.012
-83.130    378.173    -0.012
-83.541    379.614    -0.012
-83.983    381.048    -0.012
-84.432    382.479    -0.012
-84.918    383.898    -0.012
-85.441    385.304    -0.012
-85.969    386.707    -0.012
-86.537    388.095    -0.012
-87.138    389.470    -0.013
-87.759    390.835    -0.013
-88.410    392.186    -0.013
-89.074    393.531    -0.013
-89.790    394.848    -0.013
-90.518    396.160    -0.013
-91.257    397.464    -0.013
-92.035    398.747    -0.013
-92.830    400.019    -0.013
-93.644    401.279    -0.013
-94.479    402.524    -0.013
-95.340    403.751    -0.014
-96.238    404.954    -0.014
-97.147    406.146    -0.014
-98.064    407.333    -0.014
-99.008    408.498    -0.014
-99.954    409.662    -0.014
-100.913    410.816    -0.014
-101.855    411.982    -0.014
-102.781    413.162    -0.014
-103.692    414.353    -0.014
-104.581    415.561    -0.014
-105.475    416.766    -0.015
-106.321    418.004    -0.015
-107.144    419.258    -0.015
-107.941    420.528    -0.015
-108.721    421.810    -0.015
-109.468    423.110    -0.015
-110.178    424.431    -0.015
-110.875    425.759    -0.015
-111.522    427.112    -0.015
-112.151    428.475    -0.015
-112.729    429.858    -0.016
-113.297    431.246    -0.016
-113.823    432.651    -0.016
-114.326    434.064    -0.016
-114.788    435.491    -0.016
-115.208    436.931    -0.016
-115.574    438.385    -0.016
-115.938    439.840    -0.016
-116.250    441.307    -0.016
-116.572    442.772    -0.016
-116.827    444.250    -0.017
-117.055    445.732    -0.017
-117.254    447.218    -0.017
-117.427    448.709    -0.017
-117.587    450.199    -0.017
-117.695    451.695    -0.017
-117.761    453.194    -0.017
-117.795    454.693    -0.017
-117.803    456.193    -0.017
-117.775    457.692    -0.018
-117.706    459.190    -0.018
-117.614    460.688    -0.018
-117.485    462.182    -0.018
-117.309    463.671    -0.018
-117.109    465.157    -0.018
-116.902    466.643    -0.018
-116.622    468.116    -0.018
-116.327    469.587    -0.018
-116.023    471.055    -0.019
-115.703    472.520    -0.019
-115.314    473.968    -0.019
-114.875    475.403    -0.019
-114.446    476.839    -0.019
-113.963    478.259    -0.019
-113.452    479.669    -0.019
-112.907    481.066    -0.019
-112.331    482.451    -0.019
-111.719    483.821    -0.019
-111.079    485.177    -0.019
-110.425    486.526    -0.020
-109.726    487.852    -0.020
-108.994    489.162    -0.020
-108.233    490.454    -0.020
-107.464    491.741    -0.020
-106.654    493.005    -0.020
-105.836    494.260    -0.020
-105.009    495.511    -0.020
-104.123    496.722    -0.020
-103.213    497.914    -0.020
-102.269    499.079    -0.020
-101.285    500.209    -0.020
-100.319    501.357    -0.021
-99.313    502.469    -0.021
-98.291    503.567    -0.021
-97.269    504.664    -0.021
-96.237    505.752    -0.021
-95.234    506.867    -0.021
-94.241    507.992    -0.021
-93.264    509.129    -0.021
-92.316    510.290    -0.021
-91.408    511.484    -0.021
-90.504    512.681    -0.021
-89.922    513.479    -0.021
-89.136    514.757    -0.021
-88.350    516.035    -0.022
-87.565    517.313    -0.022
-86.779    518.590    -0.022
-85.994    519.868    -0.022
-85.208    521.146    -0.022
-84.423    522.424    -0.022
-83.638    523.701    -0.022
-82.929    525.017    -0.022
-82.363    526.407    -0.022
-81.798    527.796    -0.022
-81.233    529.186    -0.023
-80.668    530.575    -0.023
-80.102    531.964    -0.023
-79.609    533.378    -0.023
-79.211    534.824    -0.023
-78.813    536.270    -0.023
-78.416    537.717    -0.023
-78.018    539.162    -0.023
-77.621    540.609    -0.023
-77.224    542.056    -0.024
-76.826    543.501    -0.024
-76.440    544.951    -0.024
-76.225    546.435    -0.024
-76.010    547.919    -0.024
-75.795    549.404    -0.024
-75.580    550.888    -0.024
-75.365    552.372    -0.024
-75.149    553.857    -0.025
-74.934    555.341    -0.025
-74.909    556.839    -0.025
-74.901    558.340    -0.025
-74.893    559.839    -0.025
-74.885    561.338    -0.025
-74.878    562.839    -0.025
-74.870    564.338    -0.025
-74.862    565.839    -0.026
-74.938    567.335    -0.026
-75.051    568.831    -0.026
-75.187    570.324    -0.026
-75.324    571.818    -0.026
-75.494    573.309    -0.026
-75.655    574.799    -0.026
-75.855    576.286    -0.027
-76.073    577.769    -0.027
-76.332    579.247    -0.027
-76.603    580.722    -0.027
-76.890    582.193    -0.027
-77.212    583.659    -0.027
-77.519    585.127    -0.027
-77.865    586.586    -0.028
-78.234    588.040    -0.028
-78.614    589.491    -0.028
-79.014    590.936    -0.028
-79.410    592.383    -0.028
-79.805    593.830    -0.028
-80.240    595.265    -0.028
-80.693    596.695    -0.029
-81.156    598.122    -0.029
-81.640    599.541    -0.029
-82.120    600.962    -0.029
-82.663    602.361    -0.029
-83.189    603.764    -0.029
-83.737    605.161    -0.029
-84.318    606.543    -0.029
-84.906    607.923    -0.030
-85.492    609.303    -0.030
-86.138    610.656    -0.030
-86.758    612.022    -0.030
-87.425    613.366    -0.030
-88.092    614.709    -0.030
-88.788    616.037    -0.030
-89.475    617.370    -0.031
-90.192    618.689    -0.031
-90.916    620.002    -0.031
-91.650    621.310    -0.031
-92.394    622.612    -0.031
-93.166    623.899    -0.031
-93.949    625.177    -0.031
-94.774    626.429    -0.032
-95.602    627.680    -0.032
-96.449    628.917    -0.032
-97.321    630.137    -0.032
-98.200    631.353    -0.032
-99.089    632.561    -0.032
-100.000    633.753    -0.032
-100.906    634.948    -0.032
-101.829    636.130    -0.033
-102.771    637.296    -0.033
-103.724    638.455    -0.033
-104.673    639.616    -0.033
-105.667    640.739    -0.033
-106.657    641.866    -0.033
-107.667    642.974    -0.033
-108.690    644.070    -0.034
-109.717    645.164    -0.034
-110.752    646.250    -0.034
-111.796    647.327    -0.034
-112.855    648.389    -0.034
-113.894    649.470    -0.034
-114.942    650.544    -0.034
-115.990    651.616    -0.034
-117.031    652.697    -0.035
-118.054    653.793    -0.035
-119.060    654.905    -0.035
-120.058    656.024    -0.035
-121.031    657.167    -0.035
-121.993    658.316    -0.035
-122.948    659.473    -0.035
-123.891    660.639    -0.036
-124.810    661.825    -0.036
-125.712    663.024    -0.036
-126.612    664.223    -0.036
-127.496    665.435    -0.036
-128.366    666.657    -0.036
-129.212    667.895    -0.036
-130.055    669.136    -0.037
-130.870    670.395    -0.037
-131.672    671.662    -0.037
-132.459    672.939    -0.037
-133.230    674.226    -0.037
-133.969    675.530    -0.037
-134.669    676.857    -0.037
-135.359    678.188    -0.038
-136.049    679.520    -0.038
-136.739    680.852    -0.038
-137.429    682.184    -0.038
-138.108    683.521    -0.038
-138.750    684.876    -0.038
-139.383    686.236    -0.039
-139.927    687.633    -0.039
-140.470    689.032    -0.039
-141.013    690.429    -0.039
-141.556    691.828    -0.039
-142.099    693.226    -0.039
-142.643    694.624    -0.040
-143.186    696.022    -0.040
-143.729    697.420    -0.040
-144.273    698.818    -0.040
-144.780    700.228    -0.040
-145.200    701.668    -0.040
-145.618    703.108    -0.041
-146.038    704.549    -0.041
-146.457    705.988    -0.041
-146.876    707.428    -0.041
-147.295    708.869    -0.041
-147.624    710.331    -0.041
-147.937    711.798    -0.042
-148.213    713.273    -0.042
-148.490    714.747    -0.042
-148.735    716.226    -0.042
-148.973    717.707    -0.042
-149.209    719.189    -0.042
-149.410    720.674    -0.043
-149.593    722.163    -0.043
-149.757    723.654    -0.043
-149.903    725.147    -0.043
-150.005    726.644    -0.043
-150.123    728.138    -0.043
-150.216    729.635    -0.044
-150.290    731.134    -0.044
-150.345    732.632    -0.044
-150.402    734.131    -0.044
-150.419    735.631    -0.044
-150.438    737.131    -0.044
-150.424    738.630    -0.045
-150.403    740.130    -0.045
-150.368    741.629    -0.045
-150.305    743.128    -0.045
-150.232    744.626    -0.045
-150.126    746.123    -0.046
-149.990    747.616    -0.046
-149.861    749.110    -0.046
-149.710    750.602    -0.046
-149.541    752.093    -0.046
-149.355    753.581    -0.046
-149.145    755.065    -0.047
-148.883    756.542    -0.047
-148.627    758.019    -0.047
-148.361    759.496    -0.047
-148.072    760.967    -0.047
-147.770    762.436    -0.047
-147.428    763.897    -0.048
-147.091    765.359    -0.048
-146.733    766.814    -0.048
-146.358    768.267    -0.048
-145.972    769.716    -0.048
-145.587    771.165    -0.048
-145.160    772.604    -0.049
-144.722    774.038    -0.049
-144.270    775.468    -0.049
-143.791    776.890    -0.049
-143.298    778.306    -0.049
-142.780    779.713    -0.049
-142.229    781.108    -0.050
-141.699    782.511    -0.050
-141.135    783.901    -0.050
-140.553    785.283    -0.050
-139.937    786.650    -0.050
-139.319    788.017    -0.050
-138.693    789.380    -0.051
-138.045    790.734    -0.051
-137.367    792.071    -0.051
-136.685    793.407    -0.051
-135.993    794.738    -0.051
-135.267    796.050    -0.051
-134.543    797.363    -0.051
-133.801    798.667    -0.052
-133.045    799.962    -0.052
-132.263    801.242    -0.052
-131.473    802.517    -0.052
-130.682    803.791    -0.052
-129.853    805.041    -0.052
-129.012    806.283    -0.052
-128.156    807.514    -0.053
-127.300    808.747    -0.053
-126.447    809.980    -0.053
-125.554    811.185    -0.053
-124.646    812.379    -0.053
-123.715    813.554    -0.053
-122.758    814.710    -0.053
-121.803    815.866    -0.054
-120.841    817.017    -0.054
-119.856    818.148    -0.054
-118.863    819.272    -0.054
-117.864    820.391    -0.054
-116.841    821.487    -0.054
-115.805    822.572    -0.054
-114.746    823.634    -0.054
-113.680    824.688    -0.054
-112.605    825.734    -0.055
-111.505    826.754    -0.055
-110.393    827.760    -0.055
-109.265    828.749    -0.055
-108.134    829.734    -0.055
-106.996    830.712    -0.055
-105.846    831.675    -0.055
-104.691    832.630    -0.055
-103.515    833.562    -0.055
-102.346    834.503    -0.056
-101.157    835.417    -0.056
-99.956    836.316    -0.056
-98.736    837.186    -0.056
-97.509    838.048    -0.056
-96.278    838.905    -0.056
-95.032    839.740    -0.056
-93.778    840.564    -0.056
-92.514    841.370    -0.056
-91.237    842.158    -0.056
-89.940    842.909    -0.057
-88.653    843.679    -0.057
-87.340    844.404    -0.057
-86.023    845.122    -0.057
-84.699    845.826    -0.057
-83.370    846.522    -0.057
-82.032    847.198    -0.057
-80.684    847.857    -0.057
-79.334    848.510    -0.057
-77.974    849.142    -0.057
-76.607    849.760    -0.057
-75.232    850.359    -0.057
-73.850    850.944    -0.057
-72.459    851.504    -0.057
-71.066    852.057    -0.057
-69.663    852.588    -0.058
-68.253    853.101    -0.058
-66.842    853.606    -0.058
-65.413    854.065    -0.058
-63.984    854.518    -0.058
-62.552    854.965    -0.058
-61.115    855.394    -0.058
-59.669    855.793    -0.058
-58.217    856.165    -0.058
-56.764    856.535    -0.058
-55.307    856.890    -0.058
-53.839    857.200    -0.058
-52.374    857.524    -0.058
-50.902    857.809    -0.058
-49.429    858.088    -0.058
-47.953    858.359    -0.058
-46.473    858.597    -0.058
-44.992    858.828    -0.058
-43.509    859.049    -0.058
-42.022    859.246    -0.058
-40.533    859.428    -0.058
-39.043    859.601    -0.058
-37.550    859.741    -0.058
-36.055    859.861    -0.058
-34.559    859.967    -0.058
-33.061    860.025    -0.058
-31.564    860.128    -0.058
-30.065    860.144    -0.058
-28.565    860.160    -0.058
-27.065    860.161    -0.058
-25.566    860.149    -0.058
-24.066    860.126    -0.058
-22.567    860.077    -0.058
-21.069    860.017    -0.058
-19.573    859.898    -0.058
-18.077    859.799    -0.058
-16.583    859.673    -0.058
-15.088    859.543    -0.058
-13.594    859.412    -0.058
-12.101    859.267    -0.058
-10.608    859.118    -0.058
-9.117    858.963    -0.058
-7.629    858.776    -0.058
-6.141    858.588    -0.058
-4.658    858.362    -0.058
-3.181    858.102    -0.058
-1.705    857.834    -0.058
-0.236    857.531    -0.058
1.231    857.218    -0.058
2.690    856.873    -0.058
4.139    856.489    -0.058
5.589    856.100    -0.058
7.036    855.708    -0.058
8.475    855.282    -0.058
9.907    854.839    -0.057
11.337    854.385    -0.057
12.764    853.921    -0.057
14.177    853.419    -0.057
15.589    852.914    -0.057
16.998    852.400    -0.057
18.399    851.864    -0.057
19.799    851.328    -0.057
21.180    850.744    -0.057
22.536    850.104    -0.057
23.892    849.463    -0.057
25.248    848.822    -0.057
26.604    848.180    -0.057
27.956    847.531    -0.057
29.298    846.862    -0.056
30.641    846.193    -0.056
31.983    845.523    -0.056
33.325    844.854    -0.056
34.645    844.145    -0.056
35.922    843.358    -0.056
37.197    842.570    -0.056
38.474    841.781    -0.056
39.750    840.993    -0.056
41.026    840.205    -0.056
42.235    839.318    -0.056
43.440    838.425    -0.055
44.644    837.531    -0.055
45.850    836.638    -0.055
47.041    835.728    -0.055
48.215    834.793    -0.055
49.387    833.858    -0.055
50.560    832.923    -0.055
51.716    831.968    -0.055
52.861    830.999    -0.055
53.998    830.020    -0.054
55.083    828.985    -0.054
56.174    827.956    -0.054
57.234    826.896    -0.054
58.319    825.859    -0.054
59.371    824.792    -0.054
60.412    823.711    -0.054
61.453    822.632    -0.054
62.484    821.543    -0.053
63.510    820.448    -0.053
64.552    819.369    -0.053
65.567    818.264    -0.053
66.570    817.152    -0.053
67.575    816.037    -0.053
68.575    814.919    -0.053
69.561    813.789    -0.052
70.551    812.661    -0.052
71.510    811.510    -0.052
72.482    810.367    -0.052
73.449    809.221    -0.052
74.405    808.066    -0.052
75.360    806.908    -0.052
76.303    805.743    -0.052
77.234    804.567    -0.051
78.163    803.389    -0.051
79.091    802.211    -0.051
80.015    801.030    -0.051
80.932    799.843    -0.051
81.849    798.655    -0.051
82.762    797.466    -0.051
83.668    796.270    -0.050
84.559    795.063    -0.050
85.447    793.855    -0.050
86.330    792.643    -0.050
87.203    791.422    -0.050
88.069    790.199    -0.050
88.940    788.977    -0.050
89.803    787.750    -0.049
90.664    786.521    -0.049
91.510    785.284    -0.049
92.346    784.038    -0.049
93.180    782.792    -0.049
94.010    781.542    -0.049
94.834    780.289    -0.049
95.652    779.032    -0.048
96.457    777.766    -0.048
97.259    776.499    -0.048
98.061    775.231    -0.048
98.866    773.966    -0.048
99.661    772.694    -0.048
100.438    771.411    -0.048
101.208    770.124    -0.047
101.973    768.834    -0.047
102.735    767.543    -0.047
103.487    766.244    -0.047
104.236    764.944    -0.047
104.985    763.645    -0.047
105.726    762.342    -0.047
106.455    761.031    -0.046
107.183    759.720    -0.046
107.891    758.397    -0.046
108.595    757.072    -0.046
109.298    755.748    -0.046
109.986    754.416    -0.046
110.681    753.086    -0.046
111.325    751.732    -0.045
111.973    750.379    -0.045
112.614    749.023    -0.045
113.243    747.662    -0.045
113.864    746.297    -0.045
114.488    744.934    -0.045
115.111    743.569    -0.045
115.727    742.201    -0.044
116.329    740.828    -0.044
116.913    739.447    -0.044
117.494    738.064    -0.044
118.064    736.676    -0.044
118.632    735.288    -0.044
119.204    733.902    -0.043
119.773    732.515    -0.043
120.334    731.123    -0.043
120.894    729.732    -0.043
121.453    728.340    -0.043
121.995    726.942    -0.043
122.539    725.544    -0.043
123.086    724.148    -0.042
123.626    722.748    -0.042
124.151    721.342    -0.042
124.677    719.938    -0.042
125.195    718.531    -0.042
125.707    717.121    -0.042
126.215    715.710    -0.042
126.726    714.300    -0.041
127.225    712.885    -0.041
127.718    711.469    -0.041
128.195    710.047    -0.041
128.666    708.623    -0.041
129.075    707.180    -0.041
129.337    705.704    -0.040
129.612    704.229    -0.040
129.840    702.748    -0.040
130.026    701.259    -0.040
130.194    699.769    -0.040
130.296    698.272    -0.040
130.405    696.777    -0.040
130.465    695.278    -0.039
130.559    693.782    -0.039
130.629    692.284    -0.039
130.683    690.785    -0.039
130.742    689.286    -0.039
130.791    687.787    -0.039
130.847    686.288    -0.038
130.885    684.789    -0.038
130.942    683.290    -0.038
130.988    681.790    -0.038
131.017    680.291    -0.038
131.052    678.792    -0.038
131.097    677.293    -0.037
131.133    675.794    -0.037
131.183    674.295    -0.037
131.230    672.795    -0.037
131.277    671.296    -0.037
131.326    669.797    -0.037
131.373    668.298    -0.036
131.420    666.799    -0.036
131.468    665.299    -0.036
131.515    663.800    -0.036
131.561    662.301    -0.036
131.607    660.802    -0.036
131.654    659.303    -0.036
131.699    657.803    -0.035
131.745    656.304    -0.035
131.790    654.805    -0.035
131.838    653.306    -0.035
131.882    651.807    -0.035
131.929    650.307    -0.035
131.975    648.808    -0.034
132.022    647.309    -0.034
132.067    645.810    -0.034
132.115    644.312    -0.034
132.173    642.813    -0.034
132.221    641.313    -0.034
132.266    639.814    -0.034
132.309    638.315    -0.033
132.348    636.816    -0.033
132.380    635.316    -0.033
132.417    633.817    -0.033
132.460    632.317    -0.033
132.501    630.818    -0.033
132.543    629.319    -0.033
132.592    627.820    -0.032
132.646    626.320    -0.032
132.675    624.821    -0.032
132.692    623.321    -0.032
132.709    621.821    -0.032
132.727    620.321    -0.032
132.754    618.823    -0.031
132.802    617.323    -0.031
132.846    615.824    -0.031
132.893    614.325    -0.031
132.936    612.826    -0.031
132.979    611.326    -0.031
133.023    609.827    -0.031
133.065    608.328    -0.030
133.107    606.828    -0.030
133.150    605.329    -0.030
133.192    603.830    -0.030
133.234    602.331    -0.030
133.276    600.831    -0.030
133.319    599.332    -0.030
133.363    597.833    -0.029
133.408    596.334    -0.029
133.451    594.834    -0.029
133.496    593.335    -0.029
133.538    591.836    -0.029
133.583    590.336    -0.029
133.626    588.837    -0.029
133.670    587.338    -0.029
133.712    585.839    -0.028
133.755    584.339    -0.028
133.798    582.840    -0.028
133.840    581.341    -0.028
133.884    579.841    -0.028
133.928    578.342    -0.028
133.970    576.843    -0.028
134.012    575.344    -0.027
134.054    573.844    -0.027
134.097    572.345    -0.027
134.139    570.846    -0.027
134.180    569.346    -0.027
134.226    567.847    -0.027
134.268    566.348    -0.027
134.313    564.849    -0.027
134.355    563.349    -0.026
134.399    561.850    -0.026
134.444    560.352    -0.026
134.488    558.853    -0.026
134.530    557.353    -0.026
134.574    555.854    -0.026
134.616    554.355    -0.026
134.659    552.855    -0.025
134.701    551.356    -0.025
134.744    549.857    -0.025
134.786    548.357    -0.025
134.829    546.858    -0.025
134.873    545.359    -0.025
134.916    543.860    -0.025
134.959    542.360    -0.025
135.003    540.861    -0.024
135.046    539.362    -0.024
135.089    537.863    -0.024
135.129    536.363    -0.024
135.170    534.864    -0.024
135.213    533.365    -0.024
135.252    531.865    -0.024
135.295    530.366    -0.024
135.338    528.867    -0.023
135.381    527.367    -0.023
135.424    525.868    -0.023
135.468    524.369    -0.023
135.512    522.870    -0.023
135.555    521.370    -0.023
135.599    519.871    -0.023
135.643    518.372    -0.023
135.686    516.872    -0.022
135.729    515.373    -0.022
135.773    513.874    -0.022
135.816    512.375    -0.022
135.859    510.875    -0.022
135.902    509.376    -0.022
135.946    507.877    -0.022
135.989    506.377    -0.022
136.032    504.878    -0.021
136.076    503.379    -0.021
136.118    501.880    -0.021
136.161    500.380    -0.021
136.204    498.881    -0.021
136.246    497.382    -0.021
136.287    495.882    -0.021
136.327    494.383    -0.021
136.368    492.884    -0.021
136.410    491.384    -0.020
136.450    489.885    -0.020
136.493    488.386    -0.020
136.541    486.887    -0.020
136.584    485.388    -0.020
136.631    483.889    -0.020
136.674    482.390    -0.020
136.722    480.891    -0.020
136.767    479.391    -0.020
136.810    477.892    -0.019
136.852    476.393    -0.019
136.896    474.894    -0.019
136.938    473.394    -0.019
136.980    471.895    -0.019
137.022    470.396    -0.019
137.061    468.896    -0.019
137.098    467.397    -0.019
137.136    465.898    -0.019
137.178    464.398    -0.018
137.216    462.899    -0.018
137.257    461.399    -0.018
137.294    459.900    -0.018
137.337    458.401    -0.018
137.388    456.902    -0.018
137.431    455.402    -0.018
137.507    453.905    -0.018
137.599    452.408    -0.018
137.666    450.910    -0.017
137.746    449.413    -0.017
137.823    447.915    -0.017
137.876    446.416    -0.017
137.930    444.917    -0.017
137.988    443.418    -0.017
138.045    441.919    -0.017
138.104    440.421    -0.017
138.150    438.922    -0.017
138.184    437.423    -0.017
138.220    435.923    -0.016
138.256    434.424    -0.016
138.303    432.924    -0.016
138.348    431.425    -0.016
138.383    429.926    -0.016
138.419    428.426    -0.016
138.460    426.927    -0.016
138.499    425.428    -0.016
138.540    423.928    -0.016
138.573    422.429    -0.016
138.616    420.929    -0.015
138.666    419.430    -0.015
138.715    417.931    -0.015
138.767    416.432    -0.015
138.828    414.933    -0.015
138.876    413.434    -0.015
138.896    411.935    -0.015
138.943    410.436    -0.015
138.994    408.937    -0.015
139.038    407.438    -0.015
139.087    405.939    -0.014
139.129    404.439    -0.014
139.167    402.940    -0.014
139.208    401.441    -0.014
139.246    399.941    -0.014
139.286    398.442    -0.014
139.321    396.942    -0.014
139.358    395.443    -0.014
139.396    393.943    -0.014
139.433    392.444    -0.014
139.471    390.945    -0.014
139.509    389.445    -0.013
139.551    387.946    -0.013
139.587    386.447    -0.013
139.627    384.947    -0.013
139.664    383.448    -0.013
139.705    381.948    -0.013
139.764    380.449    -0.013
139.814    378.950    -0.013
139.859    377.451    -0.013
139.902    375.952    -0.013
139.945    374.453    -0.013
139.979    372.953    -0.012
140.018    371.454    -0.012
140.052    369.954    -0.012
140.091    368.455    -0.012
140.131    366.955    -0.012
140.169    365.457    -0.012
140.208    363.958    -0.012
140.214    362.458    -0.012
140.241    360.959    -0.012
140.210    359.460    -0.012
140.206    357.960    -0.012
140.228    356.461    -0.012
140.195    354.962    -0.011
140.232    353.462    -0.011
140.175    351.965    -0.011
140.101    350.467    -0.011
140.028    348.968    -0.011
139.954    347.470    -0.011
139.879    345.972    -0.011
139.805    344.474    -0.011
139.732    342.976    -0.011
139.657    341.478    -0.011
139.583    339.980    -0.011
139.509    338.482    -0.011
139.434    336.984    -0.010
139.361    335.486    -0.010
139.287    333.988    -0.010
139.212    332.490    -0.010
139.138    330.992    -0.010
139.065    329.494    -0.010
138.991    327.996    -0.010
138.949    326.497    -0.010
138.910    324.996    -0.010
138.873    323.497    -0.010
138.835    321.998    -0.010
138.797    320.499    -0.010
138.758    319.000    -0.010
138.721    317.500    -0.009
138.683    316.000    -0.009
138.645    314.501    -0.009
138.607    313.002    -0.009
138.570    311.502    -0.009
138.532    310.003    -0.009
138.494    308.503    -0.009
138.456    307.004    -0.009
138.418    305.505    -0.009
138.380    304.005    -0.009
138.342    302.506    -0.009
138.305    301.007    -0.009
138.267    299.507    -0.009
138.228    298.008    -0.008
138.190    296.508    -0.008
138.153    295.009    -0.008
138.199    293.510    -0.008
138.245    292.010    -0.008
138.289    290.511    -0.008
138.334    289.012    -0.008
138.378    287.513    -0.008
138.422    286.013    -0.008
138.467    284.514    -0.008
138.511    283.015    -0.008
138.554    281.516    -0.008
138.596    280.016    -0.008
138.641    278.517    -0.008
138.684    277.018    -0.008
138.725    275.518    -0.007
138.770    274.019    -0.007
138.811    272.520    -0.007
138.849    271.020    -0.007
138.890    269.522    -0.007
138.932    268.023    -0.007
138.974    266.523    -0.007
139.017    265.024    -0.007
139.058    263.525    -0.007
139.100    262.026    -0.007
139.141    260.526    -0.007
139.183    259.027    -0.007
139.225    257.528    -0.007
139.266    256.028    -0.007
139.307    254.529    -0.007
139.349    253.030    -0.007
139.395    251.530    -0.006
139.443    250.031    -0.006
139.488    248.532    -0.006
139.529    247.033    -0.006
139.567    245.533    -0.006
139.608    244.034    -0.006
139.650    242.535    -0.006
139.692    241.035    -0.006
139.733    239.536    -0.006
139.776    238.037    -0.006
139.820    236.537    -0.006
139.864    235.038    -0.006
139.906    233.539    -0.006
139.950    232.040    -0.006
139.997    230.540    -0.006
140.038    229.041    -0.006
140.078    227.542    -0.006
140.123    226.043    -0.006
140.168    224.543    -0.006
140.209    223.044    -0.005
140.249    221.545    -0.005
140.290    220.045    -0.005
140.331    218.546    -0.005
140.375    217.047    -0.005
140.421    215.547    -0.005
140.463    214.048    -0.005
140.504    212.549    -0.005
140.544    211.049    -0.005
140.585    209.550    -0.005
140.629    208.051    -0.005
140.676    206.552    -0.005
140.721    205.052    -0.005
140.765    203.553    -0.005
140.808    202.054    -0.005
140.852    200.555    -0.005
140.895    199.055    -0.005
140.939    197.556    -0.005
140.976    196.057    -0.005
141.013    194.557    -0.005
141.055    193.058    -0.004
141.090    191.559    -0.004
141.125    190.060    -0.004
141.167    188.561    -0.004
141.211    187.061    -0.004
141.259    185.562    -0.004
141.304    184.063    -0.004
141.345    182.564    -0.004
141.388    181.064    -0.004
141.430    179.565    -0.004
141.471    178.066    -0.004
141.513    176.566    -0.004
141.556    175.067    -0.004
141.597    173.568    -0.004
141.639    172.069    -0.004
141.682    170.569    -0.004
141.725    169.070    -0.004
141.766    167.571    -0.004
141.804    166.071    -0.004
141.847    164.572    -0.004
141.890    163.073    -0.004
141.930    161.573    -0.004
141.973    160.074    -0.004
142.015    158.575    -0.004
142.057    157.075    -0.004
142.096    155.576    -0.003
142.138    154.077    -0.003
142.180    152.577    -0.003
142.226    151.078    -0.003
142.277    149.579    -0.003
142.322    148.080    -0.003
142.361    146.581    -0.003
142.400    145.081    -0.003
142.445    143.582    -0.003
142.489    142.083    -0.003
142.533    140.583    -0.003
142.578    139.084    -0.003
142.623    137.585    -0.003
142.671    136.086    -0.003
142.715    134.586    -0.003
142.760    133.087    -0.003
142.800    131.588    -0.003
142.838    130.088    -0.003
142.882    128.589    -0.003
142.927    127.090    -0.003
142.969    125.591    -0.003
143.011    124.091    -0.003
143.053    122.592    -0.003
143.097    121.094    -0.003
143.141    119.595    -0.003
143.185    118.095    -0.003
143.231    116.596    -0.003
143.275    115.097    -0.003
143.318    113.598    -0.003
143.361    112.098    -0.003
143.406    110.599    -0.003
143.448    109.100    -0.003
143.491    107.600    -0.003
143.534    106.101    -0.002
143.578    104.602    -0.002
143.621    103.103    -0.002
143.663    101.603    -0.002
143.706    100.104    -0.002
143.748    98.605    -0.002
143.790    97.105    -0.002
143.833    95.606    -0.002
143.876    94.107    -0.002
143.919    92.608    -0.002
143.964    91.108    -0.002
144.008    89.609    -0.002
144.050    88.110    -0.002
144.091    86.610    -0.002
144.131    85.111    -0.002
144.173    83.612    -0.002
144.214    82.112    -0.002
144.256    80.613    -0.002
144.299    79.114    -0.002
144.343    77.615    -0.002
144.384    76.115    -0.002
144.426    74.616    -0.002
144.467    73.117    -0.002
144.508    71.617    -0.002
144.547    70.118    -0.002
144.587    68.619    -0.002
144.627    67.119    -0.002
144.669    65.620    -0.002
144.712    64.121    -0.002
144.751    62.621    -0.002
144.783    61.122    -0.002
144.822    59.622    -0.002
144.861    58.123    -0.002
144.892    56.623    -0.002
144.921    55.124    -0.002
144.946    53.624    -0.002
144.971    52.124    -0.002
145.002    50.625    -0.002
145.020    49.125    -0.002
145.031    47.626    -0.002
145.046    46.126    -0.002
145.055    44.626    -0.002
145.055    43.126    -0.002
145.060    41.626    -0.002
145.060    40.126    -0.002
145.053    38.627    -0.002
145.038    37.127    -0.002
145.015    35.627    -0.002
144.984    34.127    -0.002
144.943    32.628    -0.002
144.879    31.130    -0.002
144.792    29.633    -0.002
144.690    28.136    -0.002
144.583    26.640    -0.002
144.452    25.146    -0.002
144.292    23.655    -0.002
144.129    22.164    -0.002
143.947    20.675    -0.002
143.759    19.186    -0.002
143.550    17.701    -0.002
143.329    16.218    -0.002
143.087    14.738    -0.002
142.833    13.259    -0.002
142.561    11.785    -0.002
142.269    10.314    -0.002
141.975    8.843    -0.002
141.664    7.376    -0.002
141.319    5.916    -0.002
140.948    4.462    -0.002
140.550    3.017    -0.002
140.119    1.580    -0.002
139.678    0.147    -0.002
139.226    -1.283    -0.002
138.737    -2.701    -0.002
138.212    -4.107    -0.001
137.667    -5.504    -0.001
137.088    -6.888    -0.001
136.490    -8.263    -0.001
135.871    -9.629    -0.001
135.196    -10.968    -0.001
134.515    -12.304    -0.001
133.801    -13.623    -0.001
133.078    -14.938    -0.001
132.317    -16.230    -0.001
131.531    -17.507    -0.001
130.701    -18.756    -0.001
129.839    -19.983    -0.001
128.953    -21.194    -0.001
128.028    -22.375    -0.001
127.071    -23.529    -0.001
126.086    -24.660    -0.001
125.094    -25.785    -0.001
124.067    -26.877    -0.001
123.003    -27.934    -0.001
121.915    -28.967    -0.001
120.801    -29.970    -0.001
119.654    -30.938    -0.001
118.470    -31.858    -0.001
117.267    -32.753    -0.001
116.050    -33.629    -0.001
114.807    -34.469    -0.001
113.543    -35.274    -0.001
112.258    -36.048    -0.001
110.946    -36.776    -0.001
109.604    -37.444    -0.001
108.245    -38.078    -0.001
106.870    -38.676    -0.001
105.477    -39.233    -0.001
104.068    -39.749    -0.001
102.647    -40.227    -0.001
101.217    -40.676    -0.001
99.764    -41.052    -0.001
98.307    -41.409    -0.001
96.843    -41.728    -0.001
95.367    -41.998    -0.001
93.882    -42.213    -0.001
92.396    -42.408    -0.001
90.903    -42.551    -0.001
89.405    -42.626    -0.001
87.905    -42.642    -0.001
86.406    -42.630    -0.001
84.906    -42.590    -0.001
83.410    -42.491    -0.001
81.915    -42.381    -0.001
80.423    -42.224    -0.001
78.936    -42.032    -0.001
77.454    -41.801    -0.001
75.982    -41.515    -0.001
74.520    -41.185    -0.001
73.070    -40.801    -0.001
71.636    -40.363    -0.001
70.216    -39.881    -0.001
68.804    -39.375    -0.000
67.421    -38.796    -0.000
66.040    -38.210    -0.000
64.671    -37.597    -0.000
63.316    -36.956    -0.000
61.968    -36.298    -0.000
60.626    -35.628    -0.000
59.283    -34.958    -0.000
57.944    -34.284    -0.000
56.610    -33.597    -0.000
55.276    -32.912    -0.000
53.948    -32.215    -0.000
52.618    -31.524    -0.000
51.288    -30.830    -0.000
49.961    -30.133    -0.000
48.631    -29.438    -0.000
47.303    -28.741    -0.000
45.973    -28.048    -0.000
44.643    -27.353    -0.000
43.316    -26.654    -0.000
41.992    -25.952    -0.000
40.668    -25.246    -0.000
39.455    -24.365    -0.000
38.241    -23.483    -0.000
37.027    -22.601    -0.000
35.814    -21.721    -0.000
34.600    -20.839    -0.000
33.387    -19.958    -0.000
32.173    -19.076    -0.000
30.959    -18.195    -0.000
29.746    -17.314    -0.000
28.532    -16.432    -0.000
27.319    -15.550    -0.000
26.105    -14.670    -0.000
24.891    -13.788    -0.000
23.678    -12.907    -0.000
22.464    -12.025    -0.000
21.251    -11.143    -0.000
19.930    -10.437    -0.000
18.597    -9.751    -0.000
17.263    -9.065    -0.000
15.933    -8.372    -0.000
14.603    -7.678    -0.000
13.275    -6.982    -0.000
11.946    -6.285    -0.000
10.618    -5.589    -0.000
9.289    -4.893    -0.000
7.960    -4.198    -0.000
6.631    -3.504    -0.000
5.301    -2.810    -0.000
3.971    -2.117    -0.000
2.641    -1.422    -0.000
1.313    -0.726    -0.000
