-0.5434   0.0111
-1.069   0.03329
-1.639   0.05548
-2.174   0.07767
-2.771   0.08876
-3.424   0.122
-3.949   0.1442
-4.492   0.1664
-5.081   0.1886
-5.914   0.233
-6.566   0.2441
-7.255   0.2774
-8.206   0.3329
-8.948   0.3329
-9.99   0.3883
-10.52   0.4105
-11.35   0.4216
-12.19   0.4549
-13.66   0.5326
-14.23   0.577
-14.84   0.6103
-16.09   0.6768
-17.07   0.7212
-17.79   0.7434
-18.81   0.7878
-19.86   0.8322
-20.89   0.8544
-21.6   0.8876
-22.71   0.932
-23.45   0.9653
-24.2   0.9986
-24.99   0.9986
-25.76   1.032
-26.93   1.076
-27.72   1.11
-28.48   1.132
-29.27   1.165
-30.08   1.198
-31.29   1.243
-32.52   1.298
-33.36   1.331
-34.18   1.365
-35.87   1.431
-37.97   1.509
-39.69   1.576
-40.56   1.609
-41.44   1.631
-44.08   1.731
-45.4   1.775
-46.3   1.809
-47.66   1.853
-49.94   1.931
-50.86   1.964
-51.79   1.997
-52.72   2.031
-54.12   2.075
-55.05   2.108
-56.47   2.153
-57.42   2.197
-58.85   2.241
-59.81   2.264
-61.26   2.319
-62.23   2.352
-63.21   2.386
-64.15   2.463
-65.12   2.508
-66.1   2.552
-67.08   2.585
-68.53   2.619
-69.51   2.652
-70.97   2.708
-71.94   2.752
-73.38   2.785
-74.85   2.841
-75.82   2.874
-77.28   2.929
-78.74   2.996
-79.72   3.029
-80.7   3.063
-83.62   3.163
-85.09   3.218
-86.57   3.262
-88.03   3.318
-88.99   3.373
-90.46   3.429
-91.94   3.484
-92.92   3.518
-94.88   3.573
-95.87   3.606
-96.85   3.651
-97.83   3.684
-98.78   3.706
-99.76   3.74
-102.7   3.862
-103.7   3.895
-105.1   3.939
-106.1   3.984
-107.6   4.028
-108.5   4.084
-109.5   4.117
-110.5   4.15
-111.9   4.206
-112.9   4.228
-113.8   4.272
-115.3   4.317
-116.8   4.372
-117.7   4.428
-118.7   4.461
-119.7   4.494
-120.6   4.539
-122.1   4.583
-123.6   4.639
-125.1   4.683
-126.1   4.727
-127.1   4.772
-128.1   4.805
-128.6   4.827
-129.1   4.85
-130.1   4.883
-130.6   4.905
-131.2   4.927
-131.7   4.938
-132.7   4.972
-133.2   4.994
-133.7   5.016
-134.2   5.027
-134.7   5.049
-135.8   5.083
-137.4   5.149
-137.9   5.183
-138.4   5.205
-138.9   5.227
-140.5   5.282
-141.5   5.316
-142.1   5.338
-142.6   5.36
-143.1   5.371
-144.7   5.427
-145.8   5.471
-146.3   5.482
-146.8   5.504
-147.4   5.527
-147.9   5.549
-148.4   5.527
-150   5.582
-150.5   5.604
-151.1   5.627
-151.6   5.649
-152.2   5.66
-152.7   5.682
-153.2   5.704
-153.8   5.726
-154.3   5.749
-154.9   5.771
-156   5.815
-156.5   5.837
-157   5.849
-157.6   5.871
-158.7   5.904
-159.2   5.926
-160.3   5.96
-162   6.026
-162.5   6.048
-163.1   6.071
-163.6   6.093
-164.2   6.115
-164.7   6.126
-165.3   6.148
-165.8   6.17
-166.4   6.193
-166.9   6.215
-167.5   6.237
-168   6.259
-169.7   6.326
-170.2   6.348
-170.8   6.37
-171.4   6.393
-172.5   6.426
-173   6.448
-174.2   6.492
-174.7   6.515
-175.3   6.537
-175.8   6.559
-177   6.603
-177.5   6.626
-178.1   6.648
-178.6   6.67
-179.2   6.692
-180.3   6.737
-180.9   6.759
-181.5   6.781
-183.2   6.848
-183.8   6.87
-184.3   6.892
-184.9   6.914
-186   6.959
-186.6   6.981
-187.7   7.014
-188.3   7.036
-188.8   7.059
-189.4   7.081
-190   7.103
-190.5   7.125
-191.1   7.147
-192.3   7.192
-192.8   7.203
-193.9   7.247
-194.5   7.27
-195.1   7.292
-195.6   7.314
-196.8   7.347
-197.3   7.369
-198.4   7.414
-200.1   7.469
-200.6   7.492
-201.2   7.514
-202.8   7.569
-203.4   7.591
-203.9   7.625
-204.5   7.647
-206.1   7.691
-206.6   7.714
-208.8   7.78
-209.8   7.802
-210.4   7.825
-211.4   7.847
-211.9   7.858
-212.5   7.88
-213   7.891
-213.5   7.902
-214   7.913
-216.1   7.958
-216.6   7.969
-217.1   7.98
-217.6   7.991
-218.1   8.002
-218.6   8.013
-219.6   8.025
-220.1   8.025
-221.1   8.047
-222.1   8.058
-223.1   8.08
-224.1   8.091
-225.1   8.113
-226   8.125
-227   8.136
-228   8.147
-229.4   8.147
-231.7   8.169
-233.1   8.18
-234   8.202
-235.4   8.202
-236.6   8.214
